VTX, IDX, in_POSITION0.x, in_POSITION0.y, in_POSITION0.z, in_TEXCOORD0.x, in_TEXCOORD0.y, in_TEXCOORD1.x, in_TEXCOORD1.y
0, 0,  0.03464, -0.05603,  0.01551,  0.28098,  0.09203,  1.70166,  0.3347
1, 1,  0.03412, -0.05526,  0.00854,  0.28098,  0.04845,  1.70166,  0.29936
2, 2,  0.04452, -0.05035,  0.00962,  0.17961,  0.04845,  1.60029,  0.29936
3, 0,  0.03464, -0.05603,  0.01551,  0.28098,  0.09203,  1.70166,  0.3347
4, 2,  0.04452, -0.05035,  0.00962,  0.17961,  0.04845,  1.60029,  0.29936
5, 3,  0.04617, -0.05123,  0.01618,  0.17961,  0.09203,  1.60029,  0.3347
6, 4,  0.03386, -0.05455,  0.00163,  0.28098,  0.00202,  1.70166,  0.26678
7, 2,  0.04452, -0.05035,  0.00962,  0.17961,  0.04845,  1.60029,  0.29936
8, 1,  0.03412, -0.05526,  0.00854,  0.28098,  0.04845,  1.70166,  0.29936
9, 4,  0.03386, -0.05455,  0.00163,  0.28098,  0.00202,  1.70166,  0.26678
10, 5,  0.04265, -0.04948,  0.00312,  0.17961,  0.00202,  1.60029,  0.26678
11, 2,  0.04452, -0.05035,  0.00962,  0.17961,  0.04845,  1.60029,  0.29936
12, 3,  0.04617, -0.05123,  0.01618,  0.17961,  0.09203,  1.60029,  0.3347
13, 6,  0.03566, -0.05691,  0.02262,  0.28098,  0.1299,  1.70166,  0.37556
14, 0,  0.03464, -0.05603,  0.01551,  0.28098,  0.09203,  1.70166,  0.3347
15, 3,  0.04617, -0.05123,  0.01618,  0.17961,  0.09203,  1.60029,  0.3347
16, 7,  0.04736, -0.05212,  0.02283,  0.17961,  0.1299,  1.60029,  0.37556
17, 6,  0.03566, -0.05691,  0.02262,  0.28098,  0.1299,  1.70166,  0.37556
18, 8,  0.03676, -0.05815,  0.03001,  0.28098,  0.16261,  1.70166,  0.4163
19, 6,  0.03566, -0.05691,  0.02262,  0.28098,  0.1299,  1.70166,  0.37556
20, 7,  0.04736, -0.05212,  0.02283,  0.17961,  0.1299,  1.60029,  0.37556
21, 8,  0.03676, -0.05815,  0.03001,  0.28098,  0.16261,  1.70166,  0.4163
22, 7,  0.04736, -0.05212,  0.02283,  0.17961,  0.1299,  1.60029,  0.37556
23, 9,  0.0482, -0.05333,  0.02968,  0.17961,  0.16261,  1.60029,  0.4163
24, 10,  0.04878, -0.05518,  0.03678,  0.17961,  0.19069,  1.60029,  0.45129
25, 8,  0.03676, -0.05815,  0.03001,  0.28098,  0.16261,  1.70166,  0.4163
26, 9,  0.0482, -0.05333,  0.02968,  0.17961,  0.16261,  1.60029,  0.4163
27, 10,  0.04878, -0.05518,  0.03678,  0.17961,  0.19069,  1.60029,  0.45129
28, 11,  0.03753, -0.06,  0.0378,  0.28098,  0.19069,  1.70166,  0.45129
29, 8,  0.03676, -0.05815,  0.03001,  0.28098,  0.16261,  1.70166,  0.4163
30, 12,  0.04966, -0.05704,  0.04417,  0.17961,  0.21647,  1.60029,  0.48339
31, 11,  0.03753, -0.06,  0.0378,  0.28098,  0.19069,  1.70166,  0.45129
32, 10,  0.04878, -0.05518,  0.03678,  0.17961,  0.19069,  1.60029,  0.45129
33, 12,  0.04966, -0.05704,  0.04417,  0.17961,  0.21647,  1.60029,  0.48339
34, 13,  0.03826, -0.06187,  0.04593,  0.28098,  0.21647,  1.70166,  0.48339
35, 11,  0.03753, -0.06,  0.0378,  0.28098,  0.19069,  1.70166,  0.45129
36, 14,  0.05142, -0.05829,  0.05187,  0.17961,  0.24224,  1.60029,  0.51549
37, 13,  0.03826, -0.06187,  0.04593,  0.28098,  0.21647,  1.70166,  0.48339
38, 12,  0.04966, -0.05704,  0.04417,  0.17961,  0.21647,  1.60029,  0.48339
39, 14,  0.05142, -0.05829,  0.05187,  0.17961,  0.24224,  1.60029,  0.51549
40, 15,  0.03925, -0.06315,  0.05431,  0.28098,  0.24224,  1.70166,  0.51549
41, 13,  0.03826, -0.06187,  0.04593,  0.28098,  0.21647,  1.70166,  0.48339
42, 16,  0.0536, -0.05923,  0.05972,  0.17961,  0.26801,  1.60029,  0.5476
43, 15,  0.03925, -0.06315,  0.05431,  0.28098,  0.24224,  1.70166,  0.51549
44, 14,  0.05142, -0.05829,  0.05187,  0.17961,  0.24224,  1.60029,  0.51549
45, 16,  0.0536, -0.05923,  0.05972,  0.17961,  0.26801,  1.60029,  0.5476
46, 17,  0.04037, -0.06413,  0.06282,  0.28098,  0.26801,  1.70166,  0.5476
47, 15,  0.03925, -0.06315,  0.05431,  0.28098,  0.24224,  1.70166,  0.51549
48, 18,  0.04433,  0.05706,  0.0232,  0.16634,  0.00202,  0.47905,  0.46941
49, 19,  0.03798,  0.05778,  0.02457,  0.29117,  0.00202,  0.41716,  0.46941
50, 20,  0.04314,  0.059,  0.03209,  0.29022,  0.14926,  0.41716,  0.48995
51, 18,  0.04433,  0.05706,  0.0232,  0.16634,  0.00202,  0.47905,  0.46941
52, 20,  0.04314,  0.059,  0.03209,  0.29022,  0.14926,  0.41716,  0.48995
53, 21,  0.04935,  0.05751,  0.03029,  0.16634,  0.14926,  0.47905,  0.48995
54, 21,  0.04935,  0.05751,  0.03029,  0.16634,  0.14926,  0.47905,  0.48995
55, 20,  0.04314,  0.059,  0.03209,  0.29022,  0.14926,  0.41716,  0.48995
56, 22,  0.04799,  0.0599,  0.03966,  0.2895,  0.2767,  0.41716,  0.50988
57, 21,  0.04935,  0.05751,  0.03029,  0.16634,  0.14926,  0.47905,  0.48995
58, 22,  0.04799,  0.0599,  0.03966,  0.2895,  0.2767,  0.41716,  0.50988
59, 23,  0.05425,  0.05754,  0.03749,  0.16634,  0.2767,  0.47905,  0.50988
60, 22,  0.04799,  0.0599,  0.03966,  0.2895,  0.2767,  0.41716,  0.50988
61, 24,  0.05889,  0.05674,  0.04492,  0.16634,  0.36457,  0.47905,  0.52861
62, 23,  0.05425,  0.05754,  0.03749,  0.16634,  0.2767,  0.47905,  0.50988
63, 22,  0.04799,  0.0599,  0.03966,  0.2895,  0.2767,  0.41716,  0.50988
64, 25,  0.05226,  0.06015,  0.04734,  0.28926,  0.36457,  0.41716,  0.52861
65, 24,  0.05889,  0.05674,  0.04492,  0.16634,  0.36457,  0.47905,  0.52861
66, 26,  0.05616,  0.05973,  0.05536,  0.2895,  0.42228,  0.41716,  0.5468
67, 24,  0.05889,  0.05674,  0.04492,  0.16634,  0.36457,  0.47905,  0.52861
68, 25,  0.05226,  0.06015,  0.04734,  0.28926,  0.36457,  0.41716,  0.52861
69, 26,  0.05616,  0.05973,  0.05536,  0.2895,  0.42228,  0.41716,  0.5468
70, 27,  0.06331,  0.05541,  0.05249,  0.16634,  0.42228,  0.47905,  0.5468
71, 24,  0.05889,  0.05674,  0.04492,  0.16634,  0.36457,  0.47905,  0.52861
72, 27,  0.06331,  0.05541,  0.05249,  0.16634,  0.42228,  0.47905,  0.5468
73, 26,  0.05616,  0.05973,  0.05536,  0.2895,  0.42228,  0.41716,  0.5468
74, 28,  0.0599,  0.0586,  0.06395,  0.29022,  0.45926,  0.41716,  0.56511
75, 27,  0.06331,  0.05541,  0.05249,  0.16634,  0.42228,  0.47905,  0.5468
76, 28,  0.0599,  0.0586,  0.06395,  0.29022,  0.45926,  0.41716,  0.56511
77, 29,  0.0675,  0.05384,  0.06012,  0.16634,  0.45926,  0.47905,  0.56511
78, 30,  0.0712,  0.05218,  0.06745,  0.16634,  0.48386,  0.47905,  0.5837
79, 29,  0.0675,  0.05384,  0.06012,  0.16634,  0.45926,  0.47905,  0.56511
80, 28,  0.0599,  0.0586,  0.06395,  0.29022,  0.45926,  0.41716,  0.56511
81, 30,  0.0712,  0.05218,  0.06745,  0.16634,  0.48386,  0.47905,  0.5837
82, 28,  0.0599,  0.0586,  0.06395,  0.29022,  0.45926,  0.41716,  0.56511
83, 31,  0.06311,  0.05702,  0.0722,  0.29094,  0.48386,  0.41716,  0.5837
84, 31,  0.06311,  0.05702,  0.0722,  0.29094,  0.48386,  0.41716,  0.5837
85, 32,  0.07409,  0.0506,  0.07412,  0.16634,  0.50444,  0.47905,  0.60272
86, 30,  0.0712,  0.05218,  0.06745,  0.16634,  0.48386,  0.47905,  0.5837
87, 31,  0.06311,  0.05702,  0.0722,  0.29094,  0.48386,  0.41716,  0.5837
88, 33,  0.06539,  0.05528,  0.07922,  0.29117,  0.50444,  0.41716,  0.60272
89, 32,  0.07409,  0.0506,  0.07412,  0.16634,  0.50444,  0.47905,  0.60272
90, 34,  0.07625,  0.04886,  0.08012,  0.16634,  0.52297,  0.47905,  0.62185
91, 32,  0.07409,  0.0506,  0.07412,  0.16634,  0.50444,  0.47905,  0.60272
92, 33,  0.06539,  0.05528,  0.07922,  0.29117,  0.50444,  0.41716,  0.60272
93, 34,  0.07625,  0.04886,  0.08012,  0.16634,  0.52297,  0.47905,  0.62185
94, 33,  0.06539,  0.05528,  0.07922,  0.29117,  0.50444,  0.41716,  0.60272
95, 35,  0.06708,  0.05334,  0.08531,  0.29117,  0.52297,  0.41716,  0.62185
96, 35,  0.06708,  0.05334,  0.08531,  0.29117,  0.52297,  0.41716,  0.62185
97, 36,  0.07775,  0.04671,  0.08543,  0.16634,  0.54141,  0.47905,  0.64078
98, 34,  0.07625,  0.04886,  0.08012,  0.16634,  0.52297,  0.47905,  0.62185
99, 35,  0.06708,  0.05334,  0.08531,  0.29117,  0.52297,  0.41716,  0.62185
100, 37,  0.06851,  0.05115,  0.09075,  0.29117,  0.54141,  0.41716,  0.64078
101, 36,  0.07775,  0.04671,  0.08543,  0.16634,  0.54141,  0.47905,  0.64078
102, 38,  0.07884,  0.04401,  0.0906,  0.16634,  0.56052,  0.47905,  0.65961
103, 36,  0.07775,  0.04671,  0.08543,  0.16634,  0.54141,  0.47905,  0.64078
104, 37,  0.06851,  0.05115,  0.09075,  0.29117,  0.54141,  0.41716,  0.64078
105, 38,  0.07884,  0.04401,  0.0906,  0.16634,  0.56052,  0.47905,  0.65961
106, 37,  0.06851,  0.05115,  0.09075,  0.29117,  0.54141,  0.41716,  0.64078
107, 39,  0.06957,  0.04861,  0.09579,  0.29117,  0.56052,  0.41716,  0.65961
108, 39,  0.06957,  0.04861,  0.09579,  0.29117,  0.56052,  0.41716,  0.65961
109, 40,  0.07976,  0.04066,  0.09616,  0.16634,  0.58107,  0.47905,  0.67844
110, 38,  0.07884,  0.04401,  0.0906,  0.16634,  0.56052,  0.47905,  0.65961
111, 39,  0.06957,  0.04861,  0.09579,  0.29117,  0.56052,  0.41716,  0.65961
112, 41,  0.07011,  0.0456,  0.10065,  0.29117,  0.58107,  0.41716,  0.67844
113, 40,  0.07976,  0.04066,  0.09616,  0.16634,  0.58107,  0.47905,  0.67844
114, 42,  0.06983,  0.04078,  0.10599,  0.29117,  0.6024,  0.41716,  0.69693
115, 40,  0.07976,  0.04066,  0.09616,  0.16634,  0.58107,  0.47905,  0.67844
116, 41,  0.07011,  0.0456,  0.10065,  0.29117,  0.58107,  0.41716,  0.67844
117, 42,  0.06983,  0.04078,  0.10599,  0.29117,  0.6024,  0.41716,  0.69693
118, 43,  0.07989,  0.03611,  0.10222,  0.16634,  0.6024,  0.47905,  0.69693
119, 40,  0.07976,  0.04066,  0.09616,  0.16634,  0.58107,  0.47905,  0.67844
120, 42,  0.06983,  0.04078,  0.10599,  0.29117,  0.6024,  0.41716,  0.69693
121, 44,  0.07864,  0.02983,  0.1089,  0.16634,  0.62387,  0.47905,  0.71474
122, 43,  0.07989,  0.03611,  0.10222,  0.16634,  0.6024,  0.47905,  0.69693
123, 42,  0.06983,  0.04078,  0.10599,  0.29117,  0.6024,  0.41716,  0.69693
124, 45,  0.06844,  0.03279,  0.11246,  0.29117,  0.62387,  0.41716,  0.71474
125, 44,  0.07864,  0.02983,  0.1089,  0.16634,  0.62387,  0.47905,  0.71474
126, 46,  0.06657,  0.02451,  0.11832,  0.29117,  0.64469,  0.41716,  0.73169
127, 44,  0.07864,  0.02983,  0.1089,  0.16634,  0.62387,  0.47905,  0.71474
128, 45,  0.06844,  0.03279,  0.11246,  0.29117,  0.62387,  0.41716,  0.71474
129, 46,  0.06657,  0.02451,  0.11832,  0.29117,  0.64469,  0.41716,  0.73169
130, 47,  0.07624,  0.02313,  0.115,  0.16634,  0.64469,  0.47905,  0.73169
131, 44,  0.07864,  0.02983,  0.1089,  0.16634,  0.62387,  0.47905,  0.71474
132, 47,  0.07624,  0.02313,  0.115,  0.16634,  0.64469,  0.47905,  0.73169
133, 46,  0.06657,  0.02451,  0.11832,  0.29117,  0.64469,  0.41716,  0.73169
134, 48,  0.06486,  0.0188,  0.12185,  0.29117,  0.66406,  0.41716,  0.74763
135, 47,  0.07624,  0.02313,  0.115,  0.16634,  0.64469,  0.47905,  0.73169
136, 48,  0.06486,  0.0188,  0.12185,  0.29117,  0.66406,  0.41716,  0.74763
137, 49,  0.07295,  0.01733,  0.11935,  0.16634,  0.66406,  0.47905,  0.74763
138, 49,  0.07295,  0.01733,  0.11935,  0.16634,  0.66406,  0.47905,  0.74763
139, 48,  0.06486,  0.0188,  0.12185,  0.29117,  0.66406,  0.41716,  0.74763
140, 50,  0.06305,  0.01454,  0.12382,  0.29117,  0.68425,  0.41716,  0.76281
141, 49,  0.07295,  0.01733,  0.11935,  0.16634,  0.66406,  0.47905,  0.74763
142, 50,  0.06305,  0.01454,  0.12382,  0.29117,  0.68425,  0.41716,  0.76281
143, 51,  0.06938,  0.01243,  0.12231,  0.16634,  0.68425,  0.47905,  0.76281
144, 50,  0.06305,  0.01454,  0.12382,  0.29117,  0.68425,  0.41716,  0.76281
145, 52,  0.06617,  0.00843,  0.12425,  0.16634,  0.70749,  0.47905,  0.77752
146, 51,  0.06938,  0.01243,  0.12231,  0.16634,  0.68425,  0.47905,  0.76281
147, 50,  0.06305,  0.01454,  0.12382,  0.29117,  0.68425,  0.41716,  0.76281
148, 53,  0.06087,  0.01062,  0.12499,  0.29117,  0.70749,  0.41716,  0.77752
149, 52,  0.06617,  0.00843,  0.12425,  0.16634,  0.70749,  0.47905,  0.77752
150, 54,  0.06313,  0.00488,  0.12567,  0.16634,  0.73226,  0.47905,  0.79197
151, 52,  0.06617,  0.00843,  0.12425,  0.16634,  0.70749,  0.47905,  0.77752
152, 53,  0.06087,  0.01062,  0.12499,  0.29117,  0.70749,  0.41716,  0.77752
153, 54,  0.06313,  0.00488,  0.12567,  0.16634,  0.73226,  0.47905,  0.79197
154, 53,  0.06087,  0.01062,  0.12499,  0.29117,  0.70749,  0.41716,  0.77752
155, 55,  0.05851,  0.00686,  0.12576,  0.29117,  0.73226,  0.41716,  0.79197
156, 56,  0.04267, -0.05342,  0.00293,  0.58419,  0.00202,  0.34799,  0.25774
157, 57,  0.04823, -0.04835,  0.00093,  0.68557,  0.00202,  0.24662,  0.25774
158, 58,  0.05153, -0.04868,  0.00807,  0.68557,  0.1117,  0.24662,  0.28782
159, 56,  0.04267, -0.05342,  0.00293,  0.58419,  0.00202,  0.34799,  0.25774
160, 58,  0.05153, -0.04868,  0.00807,  0.68557,  0.1117,  0.24662,  0.28782
161, 59,  0.04622, -0.05311,  0.00974,  0.58419,  0.1117,  0.34799,  0.28782
162, 59,  0.04622, -0.05311,  0.00974,  0.58419,  0.1117,  0.34799,  0.28782
163, 58,  0.05153, -0.04868,  0.00807,  0.68557,  0.1117,  0.24662,  0.28782
164, 60,  0.05497, -0.04909,  0.01477,  0.68557,  0.20388,  0.24662,  0.32031
165, 59,  0.04622, -0.05311,  0.00974,  0.58419,  0.1117,  0.34799,  0.28782
166, 60,  0.05497, -0.04909,  0.01477,  0.68557,  0.20388,  0.24662,  0.32031
167, 61,  0.04952, -0.05319,  0.01643,  0.58419,  0.20388,  0.34799,  0.32031
168, 60,  0.05497, -0.04909,  0.01477,  0.68557,  0.20388,  0.24662,  0.32031
169, 62,  0.05225, -0.05364,  0.02289,  0.58419,  0.26107,  0.34799,  0.3576
170, 61,  0.04952, -0.05319,  0.01643,  0.58419,  0.20388,  0.34799,  0.32031
171, 60,  0.05497, -0.04909,  0.01477,  0.68557,  0.20388,  0.24662,  0.32031
172, 63,  0.05861, -0.04924,  0.02067,  0.68557,  0.26107,  0.24662,  0.3576
173, 62,  0.05225, -0.05364,  0.02289,  0.58419,  0.26107,  0.34799,  0.3576
174, 64,  0.06335, -0.04916,  0.02715,  0.68557,  0.30113,  0.24662,  0.39766
175, 62,  0.05225, -0.05364,  0.02289,  0.58419,  0.26107,  0.34799,  0.3576
176, 63,  0.05861, -0.04924,  0.02067,  0.68557,  0.26107,  0.24662,  0.3576
177, 64,  0.06335, -0.04916,  0.02715,  0.68557,  0.30113,  0.24662,  0.39766
178, 65,  0.05544, -0.05409,  0.02959,  0.58419,  0.30113,  0.34799,  0.39766
179, 62,  0.05225, -0.05364,  0.02289,  0.58419,  0.26107,  0.34799,  0.3576
180, 65,  0.05544, -0.05409,  0.02959,  0.58419,  0.30113,  0.34799,  0.39766
181, 64,  0.06335, -0.04916,  0.02715,  0.68557,  0.30113,  0.24662,  0.39766
182, 66,  0.07013, -0.04908,  0.03555,  0.68557,  0.34191,  0.24662,  0.43844
183, 65,  0.05544, -0.05409,  0.02959,  0.58419,  0.30113,  0.34799,  0.39766
184, 66,  0.07013, -0.04908,  0.03555,  0.68557,  0.34191,  0.24662,  0.43844
185, 67,  0.06011, -0.05422,  0.03703,  0.58419,  0.34191,  0.34799,  0.43844
186, 67,  0.06011, -0.05422,  0.03703,  0.58419,  0.34191,  0.34799,  0.43844
187, 66,  0.07013, -0.04908,  0.03555,  0.68557,  0.34191,  0.24662,  0.43844
188, 68,  0.07734, -0.04846,  0.04455,  0.68557,  0.38234,  0.24662,  0.47887
189, 67,  0.06011, -0.05422,  0.03703,  0.58419,  0.34191,  0.34799,  0.43844
190, 68,  0.07734, -0.04846,  0.04455,  0.68557,  0.38234,  0.24662,  0.47887
191, 69,  0.06571, -0.0539,  0.04514,  0.58419,  0.38234,  0.34799,  0.47887
192, 69,  0.06571, -0.0539,  0.04514,  0.58419,  0.38234,  0.34799,  0.47887
193, 68,  0.07734, -0.04846,  0.04455,  0.68557,  0.38234,  0.24662,  0.47887
194, 70,  0.08339, -0.04678,  0.05291,  0.68557,  0.42133,  0.24662,  0.51786
195, 69,  0.06571, -0.0539,  0.04514,  0.58419,  0.38234,  0.34799,  0.47887
196, 70,  0.08339, -0.04678,  0.05291,  0.68557,  0.42133,  0.24662,  0.51786
197, 71,  0.07171, -0.05315,  0.05388,  0.58419,  0.42133,  0.34799,  0.51786
198, 71,  0.07171, -0.05315,  0.05388,  0.58419,  0.42133,  0.34799,  0.51786
199, 70,  0.08339, -0.04678,  0.05291,  0.68557,  0.42133,  0.24662,  0.51786
200, 72,  0.08805, -0.04465,  0.06108,  0.68557,  0.45907,  0.24662,  0.5556
201, 71,  0.07171, -0.05315,  0.05388,  0.58419,  0.42133,  0.34799,  0.51786
202, 72,  0.08805, -0.04465,  0.06108,  0.68557,  0.45907,  0.24662,  0.5556
203, 73,  0.07713, -0.05189,  0.06249,  0.58419,  0.45907,  0.34799,  0.5556
204, 73,  0.07713, -0.05189,  0.06249,  0.58419,  0.45907,  0.34799,  0.5556
205, 72,  0.08805, -0.04465,  0.06108,  0.68557,  0.45907,  0.24662,  0.5556
206, 74,  0.091, -0.04224,  0.06936,  0.68557,  0.49576,  0.24662,  0.59229
207, 73,  0.07713, -0.05189,  0.06249,  0.58419,  0.45907,  0.34799,  0.5556
208, 74,  0.091, -0.04224,  0.06936,  0.68557,  0.49576,  0.24662,  0.59229
209, 75,  0.08093, -0.04959,  0.07015,  0.58419,  0.49576,  0.34799,  0.59229
210, 75,  0.08093, -0.04959,  0.07015,  0.58419,  0.49576,  0.34799,  0.59229
211, 74,  0.091, -0.04224,  0.06936,  0.68557,  0.49576,  0.24662,  0.59229
212, 76,  0.09274, -0.03975,  0.07693,  0.68557,  0.53184,  0.24662,  0.62837
213, 75,  0.08093, -0.04959,  0.07015,  0.58419,  0.49576,  0.34799,  0.59229
214, 76,  0.09274, -0.03975,  0.07693,  0.68557,  0.53184,  0.24662,  0.62837
215, 77,  0.08343, -0.04691,  0.07702,  0.58419,  0.53184,  0.34799,  0.62837
216, 76,  0.09274, -0.03975,  0.07693,  0.68557,  0.53184,  0.24662,  0.62837
217, 78,  0.08492, -0.04453,  0.08326,  0.58419,  0.56773,  0.34799,  0.66425
218, 77,  0.08343, -0.04691,  0.07702,  0.58419,  0.53184,  0.34799,  0.62837
219, 76,  0.09274, -0.03975,  0.07693,  0.68557,  0.53184,  0.24662,  0.62837
220, 79,  0.09378, -0.03739,  0.08298,  0.68557,  0.56773,  0.24662,  0.66425
221, 78,  0.08492, -0.04453,  0.08326,  0.58419,  0.56773,  0.34799,  0.66425
222, 80,  0.09401, -0.03488,  0.08846,  0.68557,  0.60302,  0.24662,  0.69955
223, 78,  0.08492, -0.04453,  0.08326,  0.58419,  0.56773,  0.34799,  0.66425
224, 79,  0.09378, -0.03739,  0.08298,  0.68557,  0.56773,  0.24662,  0.66425
225, 80,  0.09401, -0.03488,  0.08846,  0.68557,  0.60302,  0.24662,  0.69955
226, 81,  0.08552, -0.04212,  0.08911,  0.58419,  0.60302,  0.34799,  0.69955
227, 78,  0.08492, -0.04453,  0.08326,  0.58419,  0.56773,  0.34799,  0.66425
228, 80,  0.09401, -0.03488,  0.08846,  0.68557,  0.60302,  0.24662,  0.69955
229, 82,  0.08534, -0.03933,  0.09483,  0.58419,  0.63732,  0.34799,  0.73385
230, 81,  0.08552, -0.04212,  0.08911,  0.58419,  0.60302,  0.34799,  0.69955
231, 80,  0.09401, -0.03488,  0.08846,  0.68557,  0.60302,  0.24662,  0.69955
232, 83,  0.09334, -0.03195,  0.09433,  0.68557,  0.63732,  0.24662,  0.73385
233, 82,  0.08534, -0.03933,  0.09483,  0.58419,  0.63732,  0.34799,  0.73385
234, 84,  0.09185, -0.02887,  0.10024,  0.68557,  0.66976,  0.24662,  0.76629
235, 82,  0.08534, -0.03933,  0.09483,  0.58419,  0.63732,  0.34799,  0.73385
236, 83,  0.09334, -0.03195,  0.09433,  0.68557,  0.63732,  0.24662,  0.73385
237, 84,  0.09185, -0.02887,  0.10024,  0.68557,  0.66976,  0.24662,  0.76629
238, 85,  0.08415, -0.03619,  0.10031,  0.58419,  0.66976,  0.34799,  0.76629
239, 82,  0.08534, -0.03933,  0.09483,  0.58419,  0.63732,  0.34799,  0.73385
240, 85,  0.08415, -0.03619,  0.10031,  0.58419,  0.66976,  0.34799,  0.76629
241, 84,  0.09185, -0.02887,  0.10024,  0.68557,  0.66976,  0.24662,  0.76629
242, 86,  0.0896, -0.02591,  0.10587,  0.68557,  0.69946,  0.24662,  0.79599
243, 85,  0.08415, -0.03619,  0.10031,  0.58419,  0.66976,  0.34799,  0.76629
244, 86,  0.0896, -0.02591,  0.10587,  0.68557,  0.69946,  0.24662,  0.79599
245, 87,  0.08177, -0.03268,  0.10543,  0.58419,  0.69946,  0.34799,  0.79599
246, 87,  0.08177, -0.03268,  0.10543,  0.58419,  0.69946,  0.34799,  0.79599
247, 86,  0.0896, -0.02591,  0.10587,  0.68557,  0.69946,  0.24662,  0.79599
248, 88,  0.08651, -0.02285,  0.11099,  0.68557,  0.72716,  0.24662,  0.82369
249, 87,  0.08177, -0.03268,  0.10543,  0.58419,  0.69946,  0.34799,  0.79599
250, 88,  0.08651, -0.02285,  0.11099,  0.68557,  0.72716,  0.24662,  0.82369
251, 89,  0.07888, -0.02936,  0.10979,  0.58419,  0.72716,  0.34799,  0.82369
252, 89,  0.07888, -0.02936,  0.10979,  0.58419,  0.72716,  0.34799,  0.82369
253, 88,  0.08651, -0.02285,  0.11099,  0.68557,  0.72716,  0.24662,  0.82369
254, 90,  0.08247, -0.01947,  0.11538,  0.68557,  0.75359,  0.24662,  0.85011
255, 89,  0.07888, -0.02936,  0.10979,  0.58419,  0.72716,  0.34799,  0.82369
256, 90,  0.08247, -0.01947,  0.11538,  0.68557,  0.75359,  0.24662,  0.85011
257, 91,  0.07619, -0.02679,  0.11297,  0.58419,  0.75359,  0.34799,  0.85011
258, 91,  0.07619, -0.02679,  0.11297,  0.58419,  0.75359,  0.34799,  0.85011
259, 90,  0.08247, -0.01947,  0.11538,  0.68557,  0.75359,  0.24662,  0.85011
260, 92,  0.0773, -0.01607,  0.11917,  0.68557,  0.78043,  0.24662,  0.87696
261, 91,  0.07619, -0.02679,  0.11297,  0.58419,  0.75359,  0.34799,  0.85011
262, 92,  0.0773, -0.01607,  0.11917,  0.68557,  0.78043,  0.24662,  0.87696
263, 93,  0.07289, -0.0244,  0.11595,  0.58419,  0.78043,  0.34799,  0.87696
264, 92,  0.0773, -0.01607,  0.11917,  0.68557,  0.78043,  0.24662,  0.87696
265, 94,  0.0682, -0.02165,  0.11968,  0.58419,  0.80939,  0.34799,  0.90592
266, 93,  0.07289, -0.0244,  0.11595,  0.58419,  0.78043,  0.34799,  0.87696
267, 92,  0.0773, -0.01607,  0.11917,  0.68557,  0.78043,  0.24662,  0.87696
268, 95,  0.07079, -0.01294,  0.1225,  0.68557,  0.80939,  0.24662,  0.90592
269, 94,  0.0682, -0.02165,  0.11968,  0.58419,  0.80939,  0.34799,  0.90592
270, 96,  0.06362, -0.00996,  0.12559,  0.68557,  0.83942,  0.24662,  0.93595
271, 94,  0.0682, -0.02165,  0.11968,  0.58419,  0.80939,  0.34799,  0.90592
272, 95,  0.07079, -0.01294,  0.1225,  0.68557,  0.80939,  0.24662,  0.90592
273, 96,  0.06362, -0.00996,  0.12559,  0.68557,  0.83942,  0.24662,  0.93595
274, 97,  0.06281, -0.01872,  0.12381,  0.58419,  0.83942,  0.34799,  0.93595
275, 94,  0.0682, -0.02165,  0.11968,  0.58419,  0.80939,  0.34799,  0.90592
276, 98,  0.09295,  0.02019,  0.1083,  0.62086,  0.69241,  0.43772,  0.79073
277, 99,  0.09607,  0.01143,  0.10938,  0.54521,  0.69241,  0.50958,  0.79073
278, 100,  0.10024,  0.01251,  0.10391,  0.54521,  0.64813,  0.50958,  0.75478
279, 98,  0.09295,  0.02019,  0.1083,  0.62086,  0.69241,  0.43772,  0.79073
280, 100,  0.10024,  0.01251,  0.10391,  0.54521,  0.64813,  0.50958,  0.75478
281, 101,  0.09645,  0.02118,  0.10253,  0.62086,  0.64813,  0.43772,  0.75478
282, 101,  0.09645,  0.02118,  0.10253,  0.62086,  0.64813,  0.43772,  0.75478
283, 100,  0.10024,  0.01251,  0.10391,  0.54521,  0.64813,  0.50958,  0.75478
284, 102,  0.1037,  0.01267,  0.09831,  0.54521,  0.60109,  0.50958,  0.71658
285, 101,  0.09645,  0.02118,  0.10253,  0.62086,  0.64813,  0.43772,  0.75478
286, 102,  0.1037,  0.01267,  0.09831,  0.54521,  0.60109,  0.50958,  0.71658
287, 103,  0.09931,  0.02113,  0.09656,  0.62086,  0.60109,  0.43772,  0.71658
288, 102,  0.1037,  0.01267,  0.09831,  0.54521,  0.60109,  0.50958,  0.71658
289, 104,  0.1018,  0.01977,  0.0908,  0.62086,  0.5397,  0.43772,  0.66672
290, 103,  0.09931,  0.02113,  0.09656,  0.62086,  0.60109,  0.43772,  0.71658
291, 102,  0.1037,  0.01267,  0.09831,  0.54521,  0.60109,  0.50958,  0.71658
292, 105,  0.10646,  0.0117,  0.09298,  0.54521,  0.5397,  0.50958,  0.66672
293, 104,  0.1018,  0.01977,  0.0908,  0.62086,  0.5397,  0.43772,  0.66672
294, 106,  0.10393,  0.01716,  0.08516,  0.62086,  0.45907,  0.43772,  0.61303
295, 104,  0.1018,  0.01977,  0.0908,  0.62086,  0.5397,  0.43772,  0.66672
296, 105,  0.10646,  0.0117,  0.09298,  0.54521,  0.5397,  0.50958,  0.66672
297, 106,  0.10393,  0.01716,  0.08516,  0.62086,  0.45907,  0.43772,  0.61303
298, 105,  0.10646,  0.0117,  0.09298,  0.54521,  0.5397,  0.50958,  0.66672
299, 107,  0.10843,  0.0097,  0.08777,  0.54521,  0.45907,  0.50958,  0.61303
300, 107,  0.10843,  0.0097,  0.08777,  0.54521,  0.45907,  0.50958,  0.61303
301, 108,  0.10616,  0.0134,  0.07961,  0.62086,  0.35433,  0.43772,  0.56333
302, 106,  0.10393,  0.01716,  0.08516,  0.62086,  0.45907,  0.43772,  0.61303
303, 107,  0.10843,  0.0097,  0.08777,  0.54521,  0.45907,  0.50958,  0.61303
304, 109,  0.10987,  0.00676,  0.08259,  0.54521,  0.35433,  0.50958,  0.56333
305, 108,  0.10616,  0.0134,  0.07961,  0.62086,  0.35433,  0.43772,  0.56333
306, 110,  0.10803,  0.00881,  0.07434,  0.62086,  0.2602,  0.43772,  0.51353
307, 108,  0.10616,  0.0134,  0.07961,  0.62086,  0.35433,  0.43772,  0.56333
308, 109,  0.10987,  0.00676,  0.08259,  0.54521,  0.35433,  0.50958,  0.56333
309, 110,  0.10803,  0.00881,  0.07434,  0.62086,  0.2602,  0.43772,  0.51353
310, 109,  0.10987,  0.00676,  0.08259,  0.54521,  0.35433,  0.50958,  0.56333
311, 111,  0.1108,  0.0031,  0.07754,  0.54521,  0.2602,  0.50958,  0.51353
312, 111,  0.1108,  0.0031,  0.07754,  0.54521,  0.2602,  0.50958,  0.51353
313, 112,  0.10911,  0.00369,  0.0695,  0.62086,  0.21139,  0.43772,  0.45957
314, 110,  0.10803,  0.00881,  0.07434,  0.62086,  0.2602,  0.43772,  0.51353
315, 111,  0.1108,  0.0031,  0.07754,  0.54521,  0.2602,  0.50958,  0.51353
316, 113,  0.1112, -0.00111,  0.07277,  0.54521,  0.21139,  0.50958,  0.45957
317, 112,  0.10911,  0.00369,  0.0695,  0.62086,  0.21139,  0.43772,  0.45957
318, 114,  0.10961, -0.00179,  0.06542,  0.62086,  0.18396,  0.43772,  0.40139
319, 112,  0.10911,  0.00369,  0.0695,  0.62086,  0.21139,  0.43772,  0.45957
320, 113,  0.1112, -0.00111,  0.07277,  0.54521,  0.21139,  0.50958,  0.45957
321, 114,  0.10961, -0.00179,  0.06542,  0.62086,  0.18396,  0.43772,  0.40139
322, 113,  0.1112, -0.00111,  0.07277,  0.54521,  0.21139,  0.50958,  0.45957
323, 115,  0.1113, -0.00571,  0.0686,  0.54521,  0.18396,  0.50958,  0.40139
324, 115,  0.1113, -0.00571,  0.0686,  0.54521,  0.18396,  0.50958,  0.40139
325, 116,  0.11009, -0.00751,  0.06244,  0.62086,  0.15397,  0.43772,  0.33897
326, 114,  0.10961, -0.00179,  0.06542,  0.62086,  0.18396,  0.43772,  0.40139
327, 115,  0.1113, -0.00571,  0.0686,  0.54521,  0.18396,  0.50958,  0.40139
328, 117,  0.11158, -0.01067,  0.06535,  0.54521,  0.15397,  0.50958,  0.33897
329, 116,  0.11009, -0.00751,  0.06244,  0.62086,  0.15397,  0.43772,  0.33897
330, 118,  0.11167, -0.01559,  0.0629,  0.54521,  0.12576,  0.50958,  0.27776
331, 116,  0.11009, -0.00751,  0.06244,  0.62086,  0.15397,  0.43772,  0.33897
332, 117,  0.11158, -0.01067,  0.06535,  0.54521,  0.15397,  0.50958,  0.33897
333, 118,  0.11167, -0.01559,  0.0629,  0.54521,  0.12576,  0.50958,  0.27776
334, 119,  0.11031, -0.01317,  0.06029,  0.62086,  0.12576,  0.43772,  0.27776
335, 116,  0.11009, -0.00751,  0.06244,  0.62086,  0.15397,  0.43772,  0.33897
336, 119,  0.11031, -0.01317,  0.06029,  0.62086,  0.12576,  0.43772,  0.27776
337, 118,  0.11167, -0.01559,  0.0629,  0.54521,  0.12576,  0.50958,  0.27776
338, 120,  0.11142, -0.02007,  0.06116,  0.54521,  0.10368,  0.50958,  0.22322
339, 119,  0.11031, -0.01317,  0.06029,  0.62086,  0.12576,  0.43772,  0.27776
340, 120,  0.11142, -0.02007,  0.06116,  0.54521,  0.10368,  0.50958,  0.22322
341, 121,  0.11029, -0.0185,  0.05873,  0.62086,  0.10368,  0.43772,  0.22322
342, 121,  0.11029, -0.0185,  0.05873,  0.62086,  0.10368,  0.43772,  0.22322
343, 120,  0.11142, -0.02007,  0.06116,  0.54521,  0.10368,  0.50958,  0.22322
344, 122,  0.11079, -0.02431,  0.06015,  0.54521,  0.08569,  0.50958,  0.17531
345, 121,  0.11029, -0.0185,  0.05873,  0.62086,  0.10368,  0.43772,  0.22322
346, 122,  0.11079, -0.02431,  0.06015,  0.54521,  0.08569,  0.50958,  0.17531
347, 123,  0.10987, -0.02362,  0.05786,  0.62086,  0.08569,  0.43772,  0.17531
348, 123,  0.10987, -0.02362,  0.05786,  0.62086,  0.08569,  0.43772,  0.17531
349, 122,  0.11079, -0.02431,  0.06015,  0.54521,  0.08569,  0.50958,  0.17531
350, 124,  0.10984, -0.0286,  0.05986,  0.54521,  0.06976,  0.50958,  0.13397
351, 123,  0.10987, -0.02362,  0.05786,  0.62086,  0.08569,  0.43772,  0.17531
352, 124,  0.10984, -0.0286,  0.05986,  0.54521,  0.06976,  0.50958,  0.13397
353, 125,  0.10897, -0.02877,  0.05776,  0.62086,  0.06976,  0.43772,  0.13397
354, 126,  0.10764, -0.0333,  0.05852,  0.62086,  0.05197,  0.43772,  0.09486
355, 125,  0.10897, -0.02877,  0.05776,  0.62086,  0.06976,  0.43772,  0.13397
356, 124,  0.10984, -0.0286,  0.05986,  0.54521,  0.06976,  0.50958,  0.13397
357, 126,  0.10764, -0.0333,  0.05852,  0.62086,  0.05197,  0.43772,  0.09486
358, 124,  0.10984, -0.0286,  0.05986,  0.54521,  0.06976,  0.50958,  0.13397
359, 127,  0.10856, -0.03237,  0.06038,  0.54521,  0.05197,  0.50958,  0.09486
360, 127,  0.10856, -0.03237,  0.06038,  0.54521,  0.05197,  0.50958,  0.09486
361, 128,  0.10621, -0.03677,  0.06017,  0.62086,  0.02843,  0.43772,  0.05362
362, 126,  0.10764, -0.0333,  0.05852,  0.62086,  0.05197,  0.43772,  0.09486
363, 127,  0.10856, -0.03237,  0.06038,  0.54521,  0.05197,  0.50958,  0.09486
364, 129,  0.10726, -0.03529,  0.06173,  0.54521,  0.02843,  0.50958,  0.05362
365, 128,  0.10621, -0.03677,  0.06017,  0.62086,  0.02843,  0.43772,  0.05362
366, 130,  0.10589, -0.03776,  0.0635,  0.54521,  0.00202,  0.50958,  0.01132
367, 128,  0.10621, -0.03677,  0.06017,  0.62086,  0.02843,  0.43772,  0.05362
368, 129,  0.10726, -0.03529,  0.06173,  0.54521,  0.02843,  0.50958,  0.05362
369, 130,  0.10589, -0.03776,  0.0635,  0.54521,  0.00202,  0.50958,  0.01132
370, 131,  0.10467, -0.03969,  0.06227,  0.62086,  0.00202,  0.43772,  0.01132
371, 128,  0.10621, -0.03677,  0.06017,  0.62086,  0.02843,  0.43772,  0.05362
372, 132,  0.0834,  0.01612,  0.11789,  0.62086,  0.79515,  0.43772,  0.87417
373, 133,  0.08551,  0.0076,  0.11863,  0.54521,  0.79515,  0.50958,  0.87417
374, 134,  0.09113,  0.00969,  0.1143,  0.54521,  0.74549,  0.50958,  0.83384
375, 132,  0.0834,  0.01612,  0.11789,  0.62086,  0.79515,  0.43772,  0.87417
376, 134,  0.09113,  0.00969,  0.1143,  0.54521,  0.74549,  0.50958,  0.83384
377, 135,  0.08855,  0.01839,  0.11343,  0.62086,  0.74549,  0.43772,  0.83384
378, 135,  0.08855,  0.01839,  0.11343,  0.62086,  0.74549,  0.43772,  0.83384
379, 134,  0.09113,  0.00969,  0.1143,  0.54521,  0.74549,  0.50958,  0.83384
380, 99,  0.09607,  0.01143,  0.10938,  0.54521,  0.69241,  0.50958,  0.79073
381, 135,  0.08855,  0.01839,  0.11343,  0.62086,  0.74549,  0.43772,  0.83384
382, 99,  0.09607,  0.01143,  0.10938,  0.54521,  0.69241,  0.50958,  0.79073
383, 98,  0.09295,  0.02019,  0.1083,  0.62086,  0.69241,  0.43772,  0.79073
384, 133,  0.08551,  0.0076,  0.11863,  0.54521,  0.79515,  0.50958,  0.87417
385, 132,  0.0834,  0.01612,  0.11789,  0.62086,  0.79515,  0.43772,  0.87417
386, 136,  0.07764,  0.01368,  0.12162,  0.62086,  0.82912,  0.43772,  0.90175
387, 133,  0.08551,  0.0076,  0.11863,  0.54521,  0.79515,  0.50958,  0.87417
388, 136,  0.07764,  0.01368,  0.12162,  0.62086,  0.82912,  0.43772,  0.90175
389, 137,  0.07925,  0.00552,  0.12235,  0.54521,  0.82912,  0.50958,  0.90175
390, 138,  0.07292,  0.00384,  0.12517,  0.54521,  0.86612,  0.50958,  0.92311
391, 137,  0.07925,  0.00552,  0.12235,  0.54521,  0.82912,  0.50958,  0.90175
392, 136,  0.07764,  0.01368,  0.12162,  0.62086,  0.82912,  0.43772,  0.90175
393, 138,  0.07292,  0.00384,  0.12517,  0.54521,  0.86612,  0.50958,  0.92311
394, 136,  0.07764,  0.01368,  0.12162,  0.62086,  0.82912,  0.43772,  0.90175
395, 139,  0.07179,  0.01144,  0.12437,  0.62086,  0.86612,  0.43772,  0.92311
396, 140,  0.06635,  0.00976,  0.12591,  0.62086,  0.92489,  0.43772,  0.94475
397, 138,  0.07292,  0.00384,  0.12517,  0.54521,  0.86612,  0.50958,  0.92311
398, 139,  0.07179,  0.01144,  0.12437,  0.62086,  0.86612,  0.43772,  0.92311
399, 140,  0.06635,  0.00976,  0.12591,  0.62086,  0.92489,  0.43772,  0.94475
400, 141,  0.0671,  0.00298,  0.12681,  0.54521,  0.92489,  0.50958,  0.94475
401, 138,  0.07292,  0.00384,  0.12517,  0.54521,  0.86612,  0.50958,  0.92311
402, 142,  0.06111,  0.00837,  0.12684,  0.62086,  0.99455,  0.43772,  0.96654
403, 141,  0.0671,  0.00298,  0.12681,  0.54521,  0.92489,  0.50958,  0.94475
404, 140,  0.06635,  0.00976,  0.12591,  0.62086,  0.92489,  0.43772,  0.94475
405, 142,  0.06111,  0.00837,  0.12684,  0.62086,  0.99455,  0.43772,  0.96654
406, 143,  0.06153,  0.00252,  0.12788,  0.54521,  0.99455,  0.50958,  0.96654
407, 141,  0.0671,  0.00298,  0.12681,  0.54521,  0.92489,  0.50958,  0.94475
408, 144,  0.0918, -0.02891,  0.10028,  0.31853,  0.66983,  0.97963,  0.86976
409, 145,  0.09792, -0.01709,  0.09949,  0.19187,  0.66983,  0.90333,  0.86976
410, 146,  0.09508, -0.01476,  0.10523,  0.19187,  0.70152,  0.90333,  0.90918
411, 144,  0.0918, -0.02891,  0.10028,  0.31853,  0.66983,  0.97963,  0.86976
412, 146,  0.09508, -0.01476,  0.10523,  0.19187,  0.70152,  0.90333,  0.90918
413, 147,  0.08945, -0.02611,  0.10595,  0.31853,  0.70152,  0.97963,  0.90918
414, 147,  0.08945, -0.02611,  0.10595,  0.31853,  0.70152,  0.97963,  0.90918
415, 146,  0.09508, -0.01476,  0.10523,  0.19187,  0.70152,  0.90333,  0.90918
416, 148,  0.09125, -0.01264,  0.11047,  0.19187,  0.73486,  0.90333,  0.92868
417, 147,  0.08945, -0.02611,  0.10595,  0.31853,  0.70152,  0.97963,  0.90918
418, 148,  0.09125, -0.01264,  0.11047,  0.19187,  0.73486,  0.90333,  0.92868
419, 149,  0.08625, -0.02342,  0.11108,  0.31853,  0.73486,  0.97963,  0.92868
420, 150,  0.09334, -0.03193,  0.09435,  0.31853,  0.64302,  0.97963,  0.7929
421, 145,  0.09792, -0.01709,  0.09949,  0.19187,  0.66983,  0.90333,  0.86976
422, 144,  0.0918, -0.02891,  0.10028,  0.31853,  0.66983,  0.97963,  0.86976
423, 150,  0.09334, -0.03193,  0.09435,  0.31853,  0.64302,  0.97963,  0.7929
424, 151,  0.10004, -0.02013,  0.09316,  0.19187,  0.64302,  0.90333,  0.7929
425, 145,  0.09792, -0.01709,  0.09949,  0.19187,  0.66983,  0.90333,  0.86976
426, 152,  0.09402, -0.03486,  0.08847,  0.31853,  0.61433,  0.97963,  0.71214
427, 151,  0.10004, -0.02013,  0.09316,  0.19187,  0.64302,  0.90333,  0.7929
428, 150,  0.09334, -0.03193,  0.09435,  0.31853,  0.64302,  0.97963,  0.7929
429, 152,  0.09402, -0.03486,  0.08847,  0.31853,  0.61433,  0.97963,  0.71214
430, 153,  0.10126, -0.02337,  0.08677,  0.19187,  0.61433,  0.90333,  0.71214
431, 151,  0.10004, -0.02013,  0.09316,  0.19187,  0.64302,  0.90333,  0.7929
432, 154,  0.09379, -0.03736,  0.08299,  0.31853,  0.57701,  0.97963,  0.66102
433, 153,  0.10126, -0.02337,  0.08677,  0.19187,  0.61433,  0.90333,  0.71214
434, 152,  0.09402, -0.03486,  0.08847,  0.31853,  0.61433,  0.97963,  0.71214
435, 154,  0.09379, -0.03736,  0.08299,  0.31853,  0.57701,  0.97963,  0.66102
436, 155,  0.10137, -0.02628,  0.08086,  0.19187,  0.57701,  0.90333,  0.66102
437, 153,  0.10126, -0.02337,  0.08677,  0.19187,  0.61433,  0.90333,  0.71214
438, 156,  0.09275, -0.03971,  0.07694,  0.31853,  0.53763,  0.97963,  0.62495
439, 155,  0.10137, -0.02628,  0.08086,  0.19187,  0.57701,  0.90333,  0.66102
440, 154,  0.09379, -0.03736,  0.08299,  0.31853,  0.57701,  0.97963,  0.66102
441, 156,  0.09275, -0.03971,  0.07694,  0.31853,  0.53763,  0.97963,  0.62495
442, 157,  0.10034, -0.02937,  0.07445,  0.19187,  0.53763,  0.90333,  0.62495
443, 155,  0.10137, -0.02628,  0.08086,  0.19187,  0.57701,  0.90333,  0.66102
444, 158,  0.091, -0.04219,  0.06936,  0.31853,  0.50279,  0.97963,  0.58938
445, 157,  0.10034, -0.02937,  0.07445,  0.19187,  0.53763,  0.90333,  0.62495
446, 156,  0.09275, -0.03971,  0.07694,  0.31853,  0.53763,  0.97963,  0.62495
447, 158,  0.091, -0.04219,  0.06936,  0.31853,  0.50279,  0.97963,  0.58938
448, 159,  0.09812, -0.03313,  0.06657,  0.19187,  0.50279,  0.90333,  0.58938
449, 157,  0.10034, -0.02937,  0.07445,  0.19187,  0.53763,  0.90333,  0.62495
450, 160,  0.08812, -0.04442,  0.06086,  0.31853,  0.46539,  0.97963,  0.55432
451, 159,  0.09812, -0.03313,  0.06657,  0.19187,  0.50279,  0.90333,  0.58938
452, 158,  0.091, -0.04219,  0.06936,  0.31853,  0.50279,  0.97963,  0.58938
453, 160,  0.08812, -0.04442,  0.06086,  0.31853,  0.46539,  0.97963,  0.55432
454, 161,  0.09464, -0.03706,  0.05811,  0.19187,  0.46539,  0.90333,  0.55432
455, 159,  0.09812, -0.03313,  0.06657,  0.19187,  0.50279,  0.90333,  0.58938
456, 149,  0.08625, -0.02342,  0.11108,  0.31853,  0.73486,  0.97963,  0.92868
457, 148,  0.09125, -0.01264,  0.11047,  0.19187,  0.73486,  0.90333,  0.92868
458, 162,  0.08613, -0.01024,  0.1153,  0.19187,  0.76664,  0.90333,  0.94582
459, 149,  0.08625, -0.02342,  0.11108,  0.31853,  0.73486,  0.97963,  0.92868
460, 162,  0.08613, -0.01024,  0.1153,  0.19187,  0.76664,  0.90333,  0.94582
461, 163,  0.08216, -0.02071,  0.11541,  0.31853,  0.76664,  0.97963,  0.94582
462, 163,  0.08216, -0.02071,  0.11541,  0.31853,  0.76664,  0.97963,  0.94582
463, 162,  0.08613, -0.01024,  0.1153,  0.19187,  0.76664,  0.90333,  0.94582
464, 164,  0.07973, -0.00782,  0.11969,  0.19187,  0.80261,  0.90333,  0.96143
465, 163,  0.08216, -0.02071,  0.11541,  0.31853,  0.76664,  0.97963,  0.94582
466, 164,  0.07973, -0.00782,  0.11969,  0.19187,  0.80261,  0.90333,  0.96143
467, 165,  0.07672, -0.01808,  0.11922,  0.31853,  0.80261,  0.97963,  0.96143
468, 166,  0.08369, -0.04605,  0.05202,  0.31853,  0.41836,  0.97963,  0.51984
469, 161,  0.09464, -0.03706,  0.05811,  0.19187,  0.46539,  0.90333,  0.55432
470, 160,  0.08812, -0.04442,  0.06086,  0.31853,  0.46539,  0.97963,  0.55432
471, 166,  0.08369, -0.04605,  0.05202,  0.31853,  0.41836,  0.97963,  0.51984
472, 167,  0.08982, -0.04066,  0.04994,  0.19187,  0.41836,  0.90333,  0.51984
473, 161,  0.09464, -0.03706,  0.05811,  0.19187,  0.46539,  0.90333,  0.55432
474, 168,  0.07851, -0.04703,  0.04318,  0.31853,  0.36374,  0.97963,  0.47945
475, 167,  0.08982, -0.04066,  0.04994,  0.19187,  0.41836,  0.90333,  0.51984
476, 166,  0.08369, -0.04605,  0.05202,  0.31853,  0.41836,  0.97963,  0.51984
477, 168,  0.07851, -0.04703,  0.04318,  0.31853,  0.36374,  0.97963,  0.47945
478, 169,  0.08426, -0.04342,  0.04189,  0.19187,  0.36374,  0.90333,  0.47945
479, 167,  0.08982, -0.04066,  0.04994,  0.19187,  0.41836,  0.90333,  0.51984
480, 164,  0.07973, -0.00782,  0.11969,  0.19187,  0.80261,  0.90333,  0.96143
481, 170,  0.06943, -0.01564,  0.12282,  0.31853,  0.84851,  0.97963,  0.97635
482, 165,  0.07672, -0.01808,  0.11922,  0.31853,  0.80261,  0.97963,  0.96143
483, 164,  0.07973, -0.00782,  0.11969,  0.19187,  0.80261,  0.90333,  0.96143
484, 171,  0.07204, -0.00564,  0.12362,  0.19187,  0.84851,  0.90333,  0.97635
485, 170,  0.06943, -0.01564,  0.12282,  0.31853,  0.84851,  0.97963,  0.97635
486, 172,  0.0637, -0.00358,  0.12733,  0.19187,  0.89938,  0.90333,  0.99093
487, 170,  0.06943, -0.01564,  0.12282,  0.31853,  0.84851,  0.97963,  0.97635
488, 171,  0.07204, -0.00564,  0.12362,  0.19187,  0.84851,  0.90333,  0.97635
489, 172,  0.0637, -0.00358,  0.12733,  0.19187,  0.89938,  0.90333,  0.99093
490, 173,  0.06122, -0.01329,  0.1263,  0.31853,  0.89938,  0.97963,  0.99093
491, 170,  0.06943, -0.01564,  0.12282,  0.31853,  0.84851,  0.97963,  0.97635
492, 174,  0.0734, -0.04731,  0.03462,  0.31853,  0.3036,  0.97963,  0.42667
493, 169,  0.08426, -0.04342,  0.04189,  0.19187,  0.36374,  0.90333,  0.47945
494, 168,  0.07851, -0.04703,  0.04318,  0.31853,  0.36374,  0.97963,  0.47945
495, 174,  0.0734, -0.04731,  0.03462,  0.31853,  0.3036,  0.97963,  0.42667
496, 175,  0.07856, -0.04486,  0.03378,  0.19187,  0.3036,  0.90333,  0.42667
497, 169,  0.08426, -0.04342,  0.04189,  0.19187,  0.36374,  0.90333,  0.47945
498, 176,  0.06939, -0.04723,  0.02765,  0.31853,  0.24151,  0.97963,  0.37508
499, 175,  0.07856, -0.04486,  0.03378,  0.19187,  0.3036,  0.90333,  0.42667
500, 174,  0.0734, -0.04731,  0.03462,  0.31853,  0.3036,  0.97963,  0.42667
501, 176,  0.06939, -0.04723,  0.02765,  0.31853,  0.24151,  0.97963,  0.37508
502, 177,  0.07391, -0.04543,  0.02705,  0.19187,  0.24151,  0.90333,  0.37508
503, 175,  0.07856, -0.04486,  0.03378,  0.19187,  0.3036,  0.90333,  0.42667
504, 178,  0.06752, -0.0472,  0.02356,  0.31853,  0.18103,  0.97963,  0.33822
505, 177,  0.07391, -0.04543,  0.02705,  0.19187,  0.24151,  0.90333,  0.37508
506, 176,  0.06939, -0.04723,  0.02765,  0.31853,  0.24151,  0.97963,  0.37508
507, 178,  0.06752, -0.0472,  0.02356,  0.31853,  0.18103,  0.97963,  0.33822
508, 179,  0.07149, -0.04564,  0.02312,  0.19187,  0.18103,  0.90333,  0.33822
509, 177,  0.07391, -0.04543,  0.02705,  0.19187,  0.24151,  0.90333,  0.37508
510, 180,  0.06679, -0.04704,  0.02089,  0.31853,  0.12136,  0.97963,  0.30874
511, 179,  0.07149, -0.04564,  0.02312,  0.19187,  0.18103,  0.90333,  0.33822
512, 178,  0.06752, -0.0472,  0.02356,  0.31853,  0.18103,  0.97963,  0.33822
513, 180,  0.06679, -0.04704,  0.02089,  0.31853,  0.12136,  0.97963,  0.30874
514, 181,  0.07021, -0.04557,  0.02058,  0.19187,  0.12136,  0.90333,  0.30874
515, 179,  0.07149, -0.04564,  0.02312,  0.19187,  0.18103,  0.90333,  0.33822
516, 182,  0.0662, -0.04661,  0.01817,  0.31853,  0.06169,  0.97963,  0.27926
517, 181,  0.07021, -0.04557,  0.02058,  0.19187,  0.12136,  0.90333,  0.30874
518, 180,  0.06679, -0.04704,  0.02089,  0.31853,  0.12136,  0.97963,  0.30874
519, 182,  0.0662, -0.04661,  0.01817,  0.31853,  0.06169,  0.97963,  0.27926
520, 183,  0.06901, -0.04532,  0.018,  0.19187,  0.06169,  0.90333,  0.27926
521, 181,  0.07021, -0.04557,  0.02058,  0.19187,  0.12136,  0.90333,  0.30874
522, 184,  0.06567, -0.04604,  0.01541,  0.31853,  0.00202,  0.97963,  0.24977
523, 183,  0.06901, -0.04532,  0.018,  0.19187,  0.06169,  0.90333,  0.27926
524, 182,  0.0662, -0.04661,  0.01817,  0.31853,  0.06169,  0.97963,  0.27926
525, 184,  0.06567, -0.04604,  0.01541,  0.31853,  0.00202,  0.97963,  0.24977
526, 185,  0.06784, -0.04499,  0.0154,  0.19187,  0.00202,  0.90333,  0.24977
527, 183,  0.06901, -0.04532,  0.018,  0.19187,  0.06169,  0.90333,  0.27926
528, 186,  0.10128, -0.01117,  0.09696,  0.28835,  0.69957,  0.35076,  0.69752
529, 187,  0.10205,  0.00284,  0.09466,  0.13103,  0.69957,  0.23812,  0.69752
530, 188,  0.09852,  0.00369,  0.10089,  0.13103,  0.7248,  0.23812,  0.71999
531, 186,  0.10128, -0.01117,  0.09696,  0.28835,  0.69957,  0.35076,  0.69752
532, 188,  0.09852,  0.00369,  0.10089,  0.13103,  0.7248,  0.23812,  0.71999
533, 189,  0.09773, -0.0095,  0.10328,  0.28835,  0.7248,  0.35076,  0.71999
534, 189,  0.09773, -0.0095,  0.10328,  0.28835,  0.7248,  0.35076,  0.71999
535, 188,  0.09852,  0.00369,  0.10089,  0.13103,  0.7248,  0.23812,  0.71999
536, 190,  0.09382,  0.00433,  0.1071,  0.13103,  0.75012,  0.23812,  0.74252
537, 189,  0.09773, -0.0095,  0.10328,  0.28835,  0.7248,  0.35076,  0.71999
538, 190,  0.09382,  0.00433,  0.1071,  0.13103,  0.75012,  0.23812,  0.74252
539, 191,  0.09296, -0.00788,  0.10934,  0.28835,  0.75012,  0.35076,  0.74252
540, 192,  0.10325, -0.01282,  0.09085,  0.28835,  0.66936,  0.35076,  0.67645
541, 187,  0.10205,  0.00284,  0.09466,  0.13103,  0.69957,  0.23812,  0.69752
542, 186,  0.10128, -0.01117,  0.09696,  0.28835,  0.69957,  0.35076,  0.69752
543, 192,  0.10325, -0.01282,  0.09085,  0.28835,  0.66936,  0.35076,  0.67645
544, 193,  0.10421,  0.00179,  0.08884,  0.13103,  0.66936,  0.23812,  0.67645
545, 187,  0.10205,  0.00284,  0.09466,  0.13103,  0.69957,  0.23812,  0.69752
546, 194,  0.10411, -0.01459,  0.08489,  0.28835,  0.638,  0.35076,  0.65639
547, 193,  0.10421,  0.00179,  0.08884,  0.13103,  0.66936,  0.23812,  0.67645
548, 192,  0.10325, -0.01282,  0.09085,  0.28835,  0.66936,  0.35076,  0.67645
549, 194,  0.10411, -0.01459,  0.08489,  0.28835,  0.638,  0.35076,  0.65639
550, 195,  0.10549,  0.00023,  0.08283,  0.13103,  0.638,  0.23812,  0.65639
551, 193,  0.10421,  0.00179,  0.08884,  0.13103,  0.66936,  0.23812,  0.67645
552, 196,  0.10434, -0.01664,  0.07904,  0.28835,  0.60933,  0.35076,  0.63698
553, 195,  0.10549,  0.00023,  0.08283,  0.13103,  0.638,  0.23812,  0.65639
554, 194,  0.10411, -0.01459,  0.08489,  0.28835,  0.638,  0.35076,  0.65639
555, 196,  0.10434, -0.01664,  0.07904,  0.28835,  0.60933,  0.35076,  0.63698
556, 197,  0.10638, -0.00211,  0.07598,  0.13103,  0.60933,  0.23812,  0.63698
557, 195,  0.10549,  0.00023,  0.08283,  0.13103,  0.638,  0.23812,  0.65639
558, 198,  0.10405, -0.01887,  0.0735,  0.28835,  0.58287,  0.35076,  0.61757
559, 197,  0.10638, -0.00211,  0.07598,  0.13103,  0.60933,  0.23812,  0.63698
560, 196,  0.10434, -0.01664,  0.07904,  0.28835,  0.60933,  0.35076,  0.63698
561, 198,  0.10405, -0.01887,  0.0735,  0.28835,  0.58287,  0.35076,  0.61757
562, 199,  0.10679, -0.00504,  0.06929,  0.13103,  0.58287,  0.23812,  0.61757
563, 197,  0.10638, -0.00211,  0.07598,  0.13103,  0.60933,  0.23812,  0.63698
564, 200,  0.10334, -0.02118,  0.06844,  0.28835,  0.55817,  0.35076,  0.59755
565, 199,  0.10679, -0.00504,  0.06929,  0.13103,  0.58287,  0.23812,  0.61757
566, 198,  0.10405, -0.01887,  0.0735,  0.28835,  0.58287,  0.35076,  0.61757
567, 200,  0.10334, -0.02118,  0.06844,  0.28835,  0.55817,  0.35076,  0.59755
568, 201,  0.10664, -0.00833,  0.06375,  0.13103,  0.55817,  0.23812,  0.59755
569, 199,  0.10679, -0.00504,  0.06929,  0.13103,  0.58287,  0.23812,  0.61757
570, 202,  0.10233, -0.02373,  0.06385,  0.28835,  0.53291,  0.35076,  0.56786
571, 201,  0.10664, -0.00833,  0.06375,  0.13103,  0.55817,  0.23812,  0.59755
572, 200,  0.10334, -0.02118,  0.06844,  0.28835,  0.55817,  0.35076,  0.59755
573, 202,  0.10233, -0.02373,  0.06385,  0.28835,  0.53291,  0.35076,  0.56786
574, 203,  0.10594, -0.01209,  0.05902,  0.13103,  0.53291,  0.23812,  0.56786
575, 201,  0.10664, -0.00833,  0.06375,  0.13103,  0.55817,  0.23812,  0.59755
576, 204,  0.10117, -0.02666,  0.05972,  0.28835,  0.50478,  0.35076,  0.5195
577, 203,  0.10594, -0.01209,  0.05902,  0.13103,  0.53291,  0.23812,  0.56786
578, 202,  0.10233, -0.02373,  0.06385,  0.28835,  0.53291,  0.35076,  0.56786
579, 204,  0.10117, -0.02666,  0.05972,  0.28835,  0.50478,  0.35076,  0.5195
580, 205,  0.10471, -0.01642,  0.0548,  0.13103,  0.50478,  0.23812,  0.5195
581, 203,  0.10594, -0.01209,  0.05902,  0.13103,  0.53291,  0.23812,  0.56786
582, 206,  0.09959, -0.02962,  0.05608,  0.28835,  0.47567,  0.35076,  0.46508
583, 205,  0.10471, -0.01642,  0.0548,  0.13103,  0.50478,  0.23812,  0.5195
584, 204,  0.10117, -0.02666,  0.05972,  0.28835,  0.50478,  0.35076,  0.5195
585, 206,  0.09959, -0.02962,  0.05608,  0.28835,  0.47567,  0.35076,  0.46508
586, 207,  0.10286, -0.02104,  0.05116,  0.13103,  0.47567,  0.23812,  0.46508
587, 205,  0.10471, -0.01642,  0.0548,  0.13103,  0.50478,  0.23812,  0.5195
588, 208,  0.09735, -0.03228,  0.05302,  0.28835,  0.44746,  0.35076,  0.41724
589, 207,  0.10286, -0.02104,  0.05116,  0.13103,  0.47567,  0.23812,  0.46508
590, 206,  0.09959, -0.02962,  0.05608,  0.28835,  0.47567,  0.35076,  0.46508
591, 208,  0.09735, -0.03228,  0.05302,  0.28835,  0.44746,  0.35076,  0.41724
592, 209,  0.10029, -0.02567,  0.04814,  0.13103,  0.44746,  0.23812,  0.41724
593, 207,  0.10286, -0.02104,  0.05116,  0.13103,  0.47567,  0.23812,  0.46508
594, 210,  0.09476, -0.03482,  0.05065,  0.28835,  0.42178,  0.35076,  0.37597
595, 209,  0.10029, -0.02567,  0.04814,  0.13103,  0.44746,  0.23812,  0.41724
596, 208,  0.09735, -0.03228,  0.05302,  0.28835,  0.44746,  0.35076,  0.41724
597, 210,  0.09476, -0.03482,  0.05065,  0.28835,  0.42178,  0.35076,  0.37597
598, 211,  0.0973, -0.03003,  0.04589,  0.13103,  0.42178,  0.23812,  0.37597
599, 209,  0.10029, -0.02567,  0.04814,  0.13103,  0.44746,  0.23812,  0.41724
600, 212,  0.09218, -0.03743,  0.04912,  0.28835,  0.40028,  0.35076,  0.3413
601, 211,  0.0973, -0.03003,  0.04589,  0.13103,  0.42178,  0.23812,  0.37597
602, 210,  0.09476, -0.03482,  0.05065,  0.28835,  0.42178,  0.35076,  0.37597
603, 212,  0.09218, -0.03743,  0.04912,  0.28835,  0.40028,  0.35076,  0.3413
604, 213,  0.0942, -0.03383,  0.0446,  0.13103,  0.40028,  0.23812,  0.3413
605, 211,  0.0973, -0.03003,  0.04589,  0.13103,  0.42178,  0.23812,  0.37597
606, 214,  0.08955, -0.04012,  0.04814,  0.28835,  0.33888,  0.35076,  0.30991
607, 213,  0.0942, -0.03383,  0.0446,  0.13103,  0.40028,  0.23812,  0.3413
608, 212,  0.09218, -0.03743,  0.04912,  0.28835,  0.40028,  0.35076,  0.3413
609, 214,  0.08955, -0.04012,  0.04814,  0.28835,  0.33888,  0.35076,  0.30991
610, 215,  0.09096, -0.03733,  0.04391,  0.13103,  0.33888,  0.23812,  0.30991
611, 213,  0.0942, -0.03383,  0.0446,  0.13103,  0.40028,  0.23812,  0.3413
612, 216,  0.08685, -0.04292,  0.04744,  0.28835,  0.19351,  0.35076,  0.27852
613, 215,  0.09096, -0.03733,  0.04391,  0.13103,  0.33888,  0.23812,  0.30991
614, 214,  0.08955, -0.04012,  0.04814,  0.28835,  0.33888,  0.35076,  0.30991
615, 216,  0.08685, -0.04292,  0.04744,  0.28835,  0.19351,  0.35076,  0.27852
616, 217,  0.08754, -0.04081,  0.0435,  0.13103,  0.19351,  0.23812,  0.27852
617, 215,  0.09096, -0.03733,  0.04391,  0.13103,  0.33888,  0.23812,  0.30991
618, 218,  0.08412, -0.04577,  0.04686,  0.28835,  0.00614,  0.35076,  0.24714
619, 217,  0.08754, -0.04081,  0.0435,  0.13103,  0.19351,  0.23812,  0.27852
620, 216,  0.08685, -0.04292,  0.04744,  0.28835,  0.19351,  0.35076,  0.27852
621, 218,  0.08412, -0.04577,  0.04686,  0.28835,  0.00614,  0.35076,  0.24714
622, 219,  0.08404, -0.04427,  0.04323,  0.13103,  0.00614,  0.23812,  0.24714
623, 217,  0.08754, -0.04081,  0.0435,  0.13103,  0.19351,  0.23812,  0.27852
624, 190,  0.09382,  0.00433,  0.1071,  0.13103,  0.75012,  0.23812,  0.74252
625, 220,  0.08816,  0.00472,  0.11281,  0.13103,  0.78063,  0.23812,  0.76378
626, 221,  0.08733, -0.00636,  0.11473,  0.28835,  0.78063,  0.35076,  0.76378
627, 190,  0.09382,  0.00433,  0.1071,  0.13103,  0.75012,  0.23812,  0.74252
628, 221,  0.08733, -0.00636,  0.11473,  0.28835,  0.78063,  0.35076,  0.76378
629, 191,  0.09296, -0.00788,  0.10934,  0.28835,  0.75012,  0.35076,  0.74252
630, 222,  0.08125,  0.00489,  0.11786,  0.13103,  0.81738,  0.23812,  0.78914
631, 221,  0.08733, -0.00636,  0.11473,  0.28835,  0.78063,  0.35076,  0.76378
632, 220,  0.08816,  0.00472,  0.11281,  0.13103,  0.78063,  0.23812,  0.76378
633, 222,  0.08125,  0.00489,  0.11786,  0.13103,  0.81738,  0.23812,  0.78914
634, 223,  0.08049, -0.00509,  0.11949,  0.28835,  0.81738,  0.35076,  0.78914
635, 221,  0.08733, -0.00636,  0.11473,  0.28835,  0.78063,  0.35076,  0.76378
636, 222,  0.08125,  0.00489,  0.11786,  0.13103,  0.81738,  0.23812,  0.78914
637, 224,  0.07207, -0.00422,  0.12372,  0.28835,  0.86143,  0.35076,  0.82396
638, 223,  0.08049, -0.00509,  0.11949,  0.28835,  0.81738,  0.35076,  0.78914
639, 222,  0.08125,  0.00489,  0.11786,  0.13103,  0.81738,  0.23812,  0.78914
640, 225,  0.07281,  0.00486,  0.12209,  0.13103,  0.86143,  0.23812,  0.82396
641, 224,  0.07207, -0.00422,  0.12372,  0.28835,  0.86143,  0.35076,  0.82396
642, 226,  0.06361,  0.00473,  0.12591,  0.13103,  0.90912,  0.23812,  0.86351
643, 224,  0.07207, -0.00422,  0.12372,  0.28835,  0.86143,  0.35076,  0.82396
644, 225,  0.07281,  0.00486,  0.12209,  0.13103,  0.86143,  0.23812,  0.82396
645, 226,  0.06361,  0.00473,  0.12591,  0.13103,  0.90912,  0.23812,  0.86351
646, 227,  0.06286, -0.00354,  0.12768,  0.28835,  0.90912,  0.35076,  0.86351
647, 224,  0.07207, -0.00422,  0.12372,  0.28835,  0.86143,  0.35076,  0.82396
648, 228,  0.09059, -0.03209,  0.10036,  0.21804,  0.70993,  0.44894,  0.75738
649, 229,  0.09578, -0.02231,  0.09991,  0.37407,  0.70993,  0.52524,  0.75738
650, 230,  0.09322, -0.01944,  0.10582,  0.37407,  0.73354,  0.52524,  0.79169
651, 228,  0.09059, -0.03209,  0.10036,  0.21804,  0.70993,  0.44894,  0.75738
652, 230,  0.09322, -0.01944,  0.10582,  0.37407,  0.73354,  0.52524,  0.79169
653, 231,  0.08829, -0.029,  0.10597,  0.21804,  0.73354,  0.44894,  0.79169
654, 231,  0.08829, -0.029,  0.10597,  0.21804,  0.73354,  0.44894,  0.79169
655, 230,  0.09322, -0.01944,  0.10582,  0.37407,  0.73354,  0.52524,  0.79169
656, 232,  0.08967, -0.01692,  0.11113,  0.37407,  0.75653,  0.52524,  0.83173
657, 231,  0.08829, -0.029,  0.10597,  0.21804,  0.73354,  0.44894,  0.79169
658, 232,  0.08967, -0.01692,  0.11113,  0.37407,  0.75653,  0.52524,  0.83173
659, 233,  0.085, -0.02612,  0.11114,  0.21804,  0.75653,  0.44894,  0.83173
660, 234,  0.09186, -0.03524,  0.09467,  0.21804,  0.68177,  0.44894,  0.72654
661, 229,  0.09578, -0.02231,  0.09991,  0.37407,  0.70993,  0.52524,  0.75738
662, 228,  0.09059, -0.03209,  0.10036,  0.21804,  0.70993,  0.44894,  0.75738
663, 234,  0.09186, -0.03524,  0.09467,  0.21804,  0.68177,  0.44894,  0.72654
664, 235,  0.09746, -0.02556,  0.09368,  0.37407,  0.68177,  0.52524,  0.72654
665, 229,  0.09578, -0.02231,  0.09991,  0.37407,  0.70993,  0.52524,  0.75738
666, 236,  0.09219, -0.03831,  0.08874,  0.21804,  0.65402,  0.44894,  0.69567
667, 235,  0.09746, -0.02556,  0.09368,  0.37407,  0.68177,  0.52524,  0.72654
668, 234,  0.09186, -0.03524,  0.09467,  0.21804,  0.68177,  0.44894,  0.72654
669, 236,  0.09219, -0.03831,  0.08874,  0.21804,  0.65402,  0.44894,  0.69567
670, 237,  0.09825, -0.02895,  0.08715,  0.37407,  0.65402,  0.52524,  0.69567
671, 235,  0.09746, -0.02556,  0.09368,  0.37407,  0.68177,  0.52524,  0.72654
672, 238,  0.09171, -0.04114,  0.08241,  0.21804,  0.63166,  0.44894,  0.66125
673, 237,  0.09825, -0.02895,  0.08715,  0.37407,  0.65402,  0.52524,  0.69567
674, 236,  0.09219, -0.03831,  0.08874,  0.21804,  0.65402,  0.44894,  0.69567
675, 238,  0.09171, -0.04114,  0.08241,  0.21804,  0.63166,  0.44894,  0.66125
676, 239,  0.09816, -0.03224,  0.08036,  0.37407,  0.63166,  0.52524,  0.66125
677, 237,  0.09825, -0.02895,  0.08715,  0.37407,  0.65402,  0.52524,  0.69567
678, 240,  0.09022, -0.044,  0.0757,  0.21804,  0.60746,  0.44894,  0.62394
679, 239,  0.09816, -0.03224,  0.08036,  0.37407,  0.63166,  0.52524,  0.66125
680, 238,  0.09171, -0.04114,  0.08241,  0.21804,  0.63166,  0.44894,  0.66125
681, 240,  0.09022, -0.044,  0.0757,  0.21804,  0.60746,  0.44894,  0.62394
682, 241,  0.09715, -0.03551,  0.07345,  0.37407,  0.60746,  0.52524,  0.62394
683, 239,  0.09816, -0.03224,  0.08036,  0.37407,  0.63166,  0.52524,  0.66125
684, 242,  0.08757, -0.04718,  0.06866,  0.21804,  0.57421,  0.44894,  0.58439
685, 241,  0.09715, -0.03551,  0.07345,  0.37407,  0.60746,  0.52524,  0.62394
686, 240,  0.09022, -0.044,  0.0757,  0.21804,  0.60746,  0.44894,  0.62394
687, 242,  0.08757, -0.04718,  0.06866,  0.21804,  0.57421,  0.44894,  0.58439
688, 243,  0.09515, -0.03883,  0.06654,  0.37407,  0.57421,  0.52524,  0.58439
689, 241,  0.09715, -0.03551,  0.07345,  0.37407,  0.60746,  0.52524,  0.62394
690, 244,  0.08377, -0.04982,  0.06099,  0.21804,  0.53429,  0.44894,  0.5374
691, 243,  0.09515, -0.03883,  0.06654,  0.37407,  0.57421,  0.52524,  0.58439
692, 242,  0.08757, -0.04718,  0.06866,  0.21804,  0.57421,  0.44894,  0.58439
693, 244,  0.08377, -0.04982,  0.06099,  0.21804,  0.53429,  0.44894,  0.5374
694, 245,  0.09202, -0.04182,  0.0593,  0.37407,  0.53429,  0.52524,  0.5374
695, 243,  0.09515, -0.03883,  0.06654,  0.37407,  0.57421,  0.52524,  0.58439
696, 233,  0.085, -0.02612,  0.11114,  0.21804,  0.75653,  0.44894,  0.83173
697, 232,  0.08967, -0.01692,  0.11113,  0.37407,  0.75653,  0.52524,  0.83173
698, 246,  0.08507, -0.01473,  0.1156,  0.37407,  0.78283,  0.52524,  0.87972
699, 233,  0.085, -0.02612,  0.11114,  0.21804,  0.75653,  0.44894,  0.83173
700, 246,  0.08507, -0.01473,  0.1156,  0.37407,  0.78283,  0.52524,  0.87972
701, 247,  0.08078, -0.02359,  0.11551,  0.21804,  0.78283,  0.44894,  0.87972
702, 247,  0.08078, -0.02359,  0.11551,  0.21804,  0.78283,  0.44894,  0.87972
703, 246,  0.08507, -0.01473,  0.1156,  0.37407,  0.78283,  0.52524,  0.87972
704, 248,  0.08021, -0.01286,  0.11913,  0.37407,  0.81002,  0.52524,  0.92229
705, 247,  0.08078, -0.02359,  0.11551,  0.21804,  0.78283,  0.44894,  0.87972
706, 248,  0.08021, -0.01286,  0.11913,  0.37407,  0.81002,  0.52524,  0.92229
707, 249,  0.07648, -0.02151,  0.11893,  0.21804,  0.81002,  0.44894,  0.92229
708, 250,  0.07887, -0.05108,  0.05241,  0.21804,  0.49013,  0.44894,  0.47775
709, 245,  0.09202, -0.04182,  0.0593,  0.37407,  0.53429,  0.52524,  0.5374
710, 244,  0.08377, -0.04982,  0.06099,  0.21804,  0.53429,  0.44894,  0.5374
711, 250,  0.07887, -0.05108,  0.05241,  0.21804,  0.49013,  0.44894,  0.47775
712, 251,  0.08761, -0.0441,  0.05142,  0.37407,  0.49013,  0.52524,  0.47775
713, 245,  0.09202, -0.04182,  0.0593,  0.37407,  0.53429,  0.52524,  0.5374
714, 252,  0.07348, -0.05157,  0.04376,  0.21804,  0.45161,  0.44894,  0.41496
715, 251,  0.08761, -0.0441,  0.05142,  0.37407,  0.49013,  0.52524,  0.47775
716, 250,  0.07887, -0.05108,  0.05241,  0.21804,  0.49013,  0.44894,  0.47775
717, 252,  0.07348, -0.05157,  0.04376,  0.21804,  0.45161,  0.44894,  0.41496
718, 253,  0.08242, -0.04566,  0.04316,  0.37407,  0.45161,  0.52524,  0.41496
719, 251,  0.08761, -0.0441,  0.05142,  0.37407,  0.49013,  0.52524,  0.47775
720, 249,  0.07648, -0.02151,  0.11893,  0.21804,  0.81002,  0.44894,  0.92229
721, 248,  0.08021, -0.01286,  0.11913,  0.37407,  0.81002,  0.52524,  0.92229
722, 254,  0.07589, -0.01131,  0.12162,  0.37407,  0.83568,  0.52524,  0.94608
723, 249,  0.07648, -0.02151,  0.11893,  0.21804,  0.81002,  0.44894,  0.92229
724, 254,  0.07589, -0.01131,  0.12162,  0.37407,  0.83568,  0.52524,  0.94608
725, 255,  0.07298, -0.01997,  0.12124,  0.21804,  0.83568,  0.44894,  0.94608
726, 256,  0.06984, -0.01886,  0.12279,  0.21804,  0.86012,  0.44894,  0.96068
727, 255,  0.07298, -0.01997,  0.12124,  0.21804,  0.83568,  0.44894,  0.94608
728, 254,  0.07589, -0.01131,  0.12162,  0.37407,  0.83568,  0.52524,  0.94608
729, 256,  0.06984, -0.01886,  0.12279,  0.21804,  0.86012,  0.44894,  0.96068
730, 254,  0.07589, -0.01131,  0.12162,  0.37407,  0.83568,  0.52524,  0.94608
731, 257,  0.07186, -0.0101,  0.12342,  0.37407,  0.86012,  0.52524,  0.96068
732, 257,  0.07186, -0.0101,  0.12342,  0.37407,  0.86012,  0.52524,  0.96068
733, 258,  0.06663, -0.01811,  0.12394,  0.21804,  0.88366,  0.44894,  0.9757
734, 256,  0.06984, -0.01886,  0.12279,  0.21804,  0.86012,  0.44894,  0.96068
735, 257,  0.07186, -0.0101,  0.12342,  0.37407,  0.86012,  0.52524,  0.96068
736, 259,  0.06783, -0.00925,  0.1249,  0.37407,  0.88366,  0.52524,  0.9757
737, 258,  0.06663, -0.01811,  0.12394,  0.21804,  0.88366,  0.44894,  0.9757
738, 260,  0.06381, -0.00858,  0.12621,  0.37407,  0.90676,  0.52524,  0.99093
739, 258,  0.06663, -0.01811,  0.12394,  0.21804,  0.88366,  0.44894,  0.9757
740, 259,  0.06783, -0.00925,  0.1249,  0.37407,  0.88366,  0.52524,  0.9757
741, 260,  0.06381, -0.00858,  0.12621,  0.37407,  0.90676,  0.52524,  0.99093
742, 261,  0.06339, -0.01754,  0.12488,  0.21804,  0.90676,  0.44894,  0.99093
743, 258,  0.06663, -0.01811,  0.12394,  0.21804,  0.88366,  0.44894,  0.9757
744, 262,  0.06815, -0.05145,  0.0358,  0.21804,  0.42863,  0.44894,  0.35855
745, 253,  0.08242, -0.04566,  0.04316,  0.37407,  0.45161,  0.52524,  0.41496
746, 252,  0.07348, -0.05157,  0.04376,  0.21804,  0.45161,  0.44894,  0.41496
747, 262,  0.06815, -0.05145,  0.0358,  0.21804,  0.42863,  0.44894,  0.35855
748, 263,  0.0769, -0.04609,  0.03464,  0.37407,  0.42863,  0.52524,  0.35855
749, 253,  0.08242, -0.04566,  0.04316,  0.37407,  0.45161,  0.52524,  0.41496
750, 264,  0.06307, -0.05209,  0.02842,  0.21804,  0.3658,  0.44894,  0.31188
751, 263,  0.0769, -0.04609,  0.03464,  0.37407,  0.42863,  0.52524,  0.35855
752, 262,  0.06815, -0.05145,  0.0358,  0.21804,  0.42863,  0.44894,  0.35855
753, 264,  0.06307, -0.05209,  0.02842,  0.21804,  0.3658,  0.44894,  0.31188
754, 265,  0.07145, -0.047,  0.02636,  0.37407,  0.3658,  0.52524,  0.31188
755, 263,  0.0769, -0.04609,  0.03464,  0.37407,  0.42863,  0.52524,  0.35855
756, 266,  0.05765, -0.05132,  0.02054,  0.21804,  0.20772,  0.44894,  0.27833
757, 265,  0.07145, -0.047,  0.02636,  0.37407,  0.3658,  0.52524,  0.31188
758, 264,  0.06307, -0.05209,  0.02842,  0.21804,  0.3658,  0.44894,  0.31188
759, 266,  0.05765, -0.05132,  0.02054,  0.21804,  0.20772,  0.44894,  0.27833
760, 267,  0.06563, -0.04664,  0.01731,  0.37407,  0.20772,  0.52524,  0.27833
761, 265,  0.07145, -0.047,  0.02636,  0.37407,  0.3658,  0.52524,  0.31188
762, 268,  0.05252, -0.05194,  0.01296,  0.21804,  0.00202,  0.44894,  0.25133
763, 267,  0.06563, -0.04664,  0.01731,  0.37407,  0.20772,  0.52524,  0.27833
764, 266,  0.05765, -0.05132,  0.02054,  0.21804,  0.20772,  0.44894,  0.27833
765, 268,  0.05252, -0.05194,  0.01296,  0.21804,  0.00202,  0.44894,  0.25133
766, 269,  0.06033, -0.04799,  0.00951,  0.37407,  0.00202,  0.52524,  0.25133
767, 267,  0.06563, -0.04664,  0.01731,  0.37407,  0.20772,  0.52524,  0.27833
768, 270,  0.04532,  0.05887,  0.0246,  0.38874,  0.15254,  0.76339,  0.53032
769, 271,  0.04176,  0.05744,  0.01774,  0.38874,  0.08088,  0.76339,  0.50835
770, 272,  0.03416,  0.05707,  0.02006,  0.24516,  0.08088,  0.66202,  0.50835
771, 270,  0.04532,  0.05887,  0.0246,  0.38874,  0.15254,  0.76339,  0.53032
772, 272,  0.03416,  0.05707,  0.02006,  0.24516,  0.08088,  0.66202,  0.50835
773, 273,  0.03664,  0.05795,  0.02732,  0.24516,  0.15254,  0.66202,  0.53032
774, 274,  0.03814,  0.05591,  0.01101,  0.38874,  0.00202,  0.76339,  0.48778
775, 272,  0.03416,  0.05707,  0.02006,  0.24516,  0.08088,  0.66202,  0.50835
776, 271,  0.04176,  0.05744,  0.01774,  0.38874,  0.08088,  0.76339,  0.50835
777, 274,  0.03814,  0.05591,  0.01101,  0.38874,  0.00202,  0.76339,  0.48778
778, 275,  0.03163,  0.05616,  0.01295,  0.24516,  0.00202,  0.66202,  0.48778
779, 272,  0.03416,  0.05707,  0.02006,  0.24516,  0.08088,  0.66202,  0.50835
780, 270,  0.04532,  0.05887,  0.0246,  0.38874,  0.15254,  0.76339,  0.53032
781, 273,  0.03664,  0.05795,  0.02732,  0.24516,  0.15254,  0.66202,  0.53032
782, 276,  0.03902,  0.05876,  0.03487,  0.24516,  0.20979,  0.66202,  0.55508
783, 270,  0.04532,  0.05887,  0.0246,  0.38874,  0.15254,  0.76339,  0.53032
784, 276,  0.03902,  0.05876,  0.03487,  0.24516,  0.20979,  0.66202,  0.55508
785, 277,  0.04876,  0.0601,  0.03173,  0.38874,  0.20979,  0.76339,  0.55508
786, 277,  0.04876,  0.0601,  0.03173,  0.38874,  0.20979,  0.76339,  0.55508
787, 276,  0.03902,  0.05876,  0.03487,  0.24516,  0.20979,  0.66202,  0.55508
788, 278,  0.04116,  0.05971,  0.04236,  0.24516,  0.26099,  0.66202,  0.58105
789, 277,  0.04876,  0.0601,  0.03173,  0.38874,  0.20979,  0.76339,  0.55508
790, 278,  0.04116,  0.05971,  0.04236,  0.24516,  0.26099,  0.66202,  0.58105
791, 279,  0.05205,  0.06097,  0.03911,  0.38874,  0.26099,  0.76339,  0.58105
792, 278,  0.04116,  0.05971,  0.04236,  0.24516,  0.26099,  0.66202,  0.58105
793, 280,  0.05515,  0.06134,  0.04672,  0.38874,  0.3145,  0.76339,  0.60663
794, 279,  0.05205,  0.06097,  0.03911,  0.38874,  0.26099,  0.76339,  0.58105
795, 278,  0.04116,  0.05971,  0.04236,  0.24516,  0.26099,  0.66202,  0.58105
796, 281,  0.04292,  0.061,  0.04945,  0.24516,  0.3145,  0.66202,  0.60663
797, 280,  0.05515,  0.06134,  0.04672,  0.38874,  0.3145,  0.76339,  0.60663
798, 282,  0.05788,  0.06125,  0.05384,  0.38874,  0.36192,  0.76339,  0.62874
799, 280,  0.05515,  0.06134,  0.04672,  0.38874,  0.3145,  0.76339,  0.60663
800, 281,  0.04292,  0.061,  0.04945,  0.24516,  0.3145,  0.66202,  0.60663
801, 282,  0.05788,  0.06125,  0.05384,  0.38874,  0.36192,  0.76339,  0.62874
802, 281,  0.04292,  0.061,  0.04945,  0.24516,  0.3145,  0.66202,  0.60663
803, 283,  0.0445,  0.06227,  0.05593,  0.24516,  0.36192,  0.66202,  0.62874
804, 283,  0.0445,  0.06227,  0.05593,  0.24516,  0.36192,  0.66202,  0.62874
805, 284,  0.06005,  0.06075,  0.05974,  0.38874,  0.3948,  0.76339,  0.64432
806, 282,  0.05788,  0.06125,  0.05384,  0.38874,  0.36192,  0.76339,  0.62874
807, 283,  0.0445,  0.06227,  0.05593,  0.24516,  0.36192,  0.66202,  0.62874
808, 285,  0.04611,  0.06315,  0.06157,  0.24516,  0.3948,  0.66202,  0.64432
809, 284,  0.06005,  0.06075,  0.05974,  0.38874,  0.3948,  0.76339,  0.64432
810, 286,  0.04757,  0.06368,  0.06652,  0.24516,  0.42277,  0.66202,  0.65663
811, 284,  0.06005,  0.06075,  0.05974,  0.38874,  0.3948,  0.76339,  0.64432
812, 285,  0.04611,  0.06315,  0.06157,  0.24516,  0.3948,  0.66202,  0.64432
813, 286,  0.04757,  0.06368,  0.06652,  0.24516,  0.42277,  0.66202,  0.65663
814, 287,  0.06174,  0.05999,  0.06469,  0.38874,  0.42277,  0.76339,  0.65663
815, 284,  0.06005,  0.06075,  0.05974,  0.38874,  0.3948,  0.76339,  0.64432
816, 286,  0.04757,  0.06368,  0.06652,  0.24516,  0.42277,  0.66202,  0.65663
817, 288,  0.06305,  0.05911,  0.06894,  0.38874,  0.45544,  0.76339,  0.66894
818, 287,  0.06174,  0.05999,  0.06469,  0.38874,  0.42277,  0.76339,  0.65663
819, 286,  0.04757,  0.06368,  0.06652,  0.24516,  0.42277,  0.66202,  0.65663
820, 289,  0.04871,  0.06392,  0.07094,  0.24516,  0.45544,  0.66202,  0.66894
821, 288,  0.06305,  0.05911,  0.06894,  0.38874,  0.45544,  0.76339,  0.66894
822, 290,  0.04992,  0.06351,  0.07565,  0.24516,  0.488,  0.66202,  0.68447
823, 288,  0.06305,  0.05911,  0.06894,  0.38874,  0.45544,  0.76339,  0.66894
824, 289,  0.04871,  0.06392,  0.07094,  0.24516,  0.45544,  0.66202,  0.66894
825, 290,  0.04992,  0.06351,  0.07565,  0.24516,  0.488,  0.66202,  0.68447
826, 291,  0.06433,  0.05787,  0.07349,  0.38874,  0.488,  0.76339,  0.68447
827, 288,  0.06305,  0.05911,  0.06894,  0.38874,  0.45544,  0.76339,  0.66894
828, 291,  0.06433,  0.05787,  0.07349,  0.38874,  0.488,  0.76339,  0.68447
829, 290,  0.04992,  0.06351,  0.07565,  0.24516,  0.488,  0.66202,  0.68447
830, 292,  0.05164,  0.06209,  0.08148,  0.24516,  0.51564,  0.66202,  0.70643
831, 291,  0.06433,  0.05787,  0.07349,  0.38874,  0.488,  0.76339,  0.68447
832, 292,  0.05164,  0.06209,  0.08148,  0.24516,  0.51564,  0.66202,  0.70643
833, 293,  0.06595,  0.05602,  0.0793,  0.38874,  0.51564,  0.76339,  0.70643
834, 293,  0.06595,  0.05602,  0.0793,  0.38874,  0.51564,  0.76339,  0.70643
835, 292,  0.05164,  0.06209,  0.08148,  0.24516,  0.51564,  0.66202,  0.70643
836, 294,  0.0536,  0.06002,  0.08764,  0.24516,  0.54071,  0.66202,  0.73148
837, 293,  0.06595,  0.05602,  0.0793,  0.38874,  0.51564,  0.76339,  0.70643
838, 294,  0.0536,  0.06002,  0.08764,  0.24516,  0.54071,  0.66202,  0.73148
839, 295,  0.06763,  0.05376,  0.0854,  0.38874,  0.54071,  0.76339,  0.73148
840, 294,  0.0536,  0.06002,  0.08764,  0.24516,  0.54071,  0.66202,  0.73148
841, 296,  0.06906,  0.05129,  0.0908,  0.38874,  0.56551,  0.76339,  0.75627
842, 295,  0.06763,  0.05376,  0.0854,  0.38874,  0.54071,  0.76339,  0.73148
843, 294,  0.0536,  0.06002,  0.08764,  0.24516,  0.54071,  0.66202,  0.73148
844, 297,  0.05555,  0.05765,  0.09334,  0.24516,  0.56551,  0.66202,  0.75627
845, 296,  0.06906,  0.05129,  0.0908,  0.38874,  0.56551,  0.76339,  0.75627
846, 298,  0.07027,  0.04853,  0.0957,  0.38874,  0.5902,  0.76339,  0.78094
847, 296,  0.06906,  0.05129,  0.0908,  0.38874,  0.56551,  0.76339,  0.75627
848, 297,  0.05555,  0.05765,  0.09334,  0.24516,  0.56551,  0.66202,  0.75627
849, 298,  0.07027,  0.04853,  0.0957,  0.38874,  0.5902,  0.76339,  0.78094
850, 297,  0.05555,  0.05765,  0.09334,  0.24516,  0.56551,  0.66202,  0.75627
851, 299,  0.05732,  0.05457,  0.09853,  0.24516,  0.5902,  0.66202,  0.78094
852, 299,  0.05732,  0.05457,  0.09853,  0.24516,  0.5902,  0.66202,  0.78094
853, 300,  0.07129,  0.04539,  0.10033,  0.38874,  0.6149,  0.76339,  0.80563
854, 298,  0.07027,  0.04853,  0.0957,  0.38874,  0.5902,  0.76339,  0.78094
855, 299,  0.05732,  0.05457,  0.09853,  0.24516,  0.5902,  0.66202,  0.78094
856, 301,  0.05877,  0.05038,  0.10315,  0.24516,  0.6149,  0.66202,  0.80563
857, 300,  0.07129,  0.04539,  0.10033,  0.38874,  0.6149,  0.76339,  0.80563
858, 302,  0.05974,  0.04557,  0.10746,  0.24516,  0.63905,  0.66202,  0.82976
859, 300,  0.07129,  0.04539,  0.10033,  0.38874,  0.6149,  0.76339,  0.80563
860, 301,  0.05877,  0.05038,  0.10315,  0.24516,  0.6149,  0.66202,  0.80563
861, 302,  0.05974,  0.04557,  0.10746,  0.24516,  0.63905,  0.66202,  0.82976
862, 303,  0.07192,  0.04174,  0.10458,  0.38874,  0.63905,  0.76339,  0.82976
863, 300,  0.07129,  0.04539,  0.10033,  0.38874,  0.6149,  0.76339,  0.80563
864, 303,  0.07192,  0.04174,  0.10458,  0.38874,  0.63905,  0.76339,  0.82976
865, 302,  0.05974,  0.04557,  0.10746,  0.24516,  0.63905,  0.66202,  0.82976
866, 304,  0.06012,  0.0406,  0.11173,  0.24516,  0.66207,  0.66202,  0.85276
867, 303,  0.07192,  0.04174,  0.10458,  0.38874,  0.63905,  0.76339,  0.82976
868, 304,  0.06012,  0.0406,  0.11173,  0.24516,  0.66207,  0.66202,  0.85276
869, 305,  0.07195,  0.03743,  0.10836,  0.38874,  0.66207,  0.76339,  0.85276
870, 305,  0.07195,  0.03743,  0.10836,  0.38874,  0.66207,  0.76339,  0.85276
871, 304,  0.06012,  0.0406,  0.11173,  0.24516,  0.66207,  0.66202,  0.85276
872, 306,  0.06002,  0.03538,  0.11576,  0.24516,  0.68357,  0.66202,  0.87425
873, 305,  0.07195,  0.03743,  0.10836,  0.38874,  0.66207,  0.76339,  0.85276
874, 306,  0.06002,  0.03538,  0.11576,  0.24516,  0.68357,  0.66202,  0.87425
875, 307,  0.07154,  0.03274,  0.11187,  0.38874,  0.68357,  0.76339,  0.87425
876, 307,  0.07154,  0.03274,  0.11187,  0.38874,  0.68357,  0.76339,  0.87425
877, 306,  0.06002,  0.03538,  0.11576,  0.24516,  0.68357,  0.66202,  0.87425
878, 308,  0.05959,  0.02983,  0.11931,  0.24516,  0.70319,  0.66202,  0.89386
879, 307,  0.07154,  0.03274,  0.11187,  0.38874,  0.68357,  0.76339,  0.87425
880, 308,  0.05959,  0.02983,  0.11931,  0.24516,  0.70319,  0.66202,  0.89386
881, 309,  0.0708,  0.02796,  0.11527,  0.38874,  0.70319,  0.76339,  0.89386
882, 309,  0.0708,  0.02796,  0.11527,  0.38874,  0.70319,  0.76339,  0.89386
883, 308,  0.05959,  0.02983,  0.11931,  0.24516,  0.70319,  0.66202,  0.89386
884, 310,  0.05877,  0.02464,  0.12224,  0.24516,  0.72158,  0.66202,  0.91223
885, 309,  0.0708,  0.02796,  0.11527,  0.38874,  0.70319,  0.76339,  0.89386
886, 310,  0.05877,  0.02464,  0.12224,  0.24516,  0.72158,  0.66202,  0.91223
887, 311,  0.06972,  0.02309,  0.11838,  0.38874,  0.72158,  0.76339,  0.91223
888, 311,  0.06972,  0.02309,  0.11838,  0.38874,  0.72158,  0.76339,  0.91223
889, 310,  0.05877,  0.02464,  0.12224,  0.24516,  0.72158,  0.66202,  0.91223
890, 312,  0.05749,  0.02052,  0.12438,  0.24516,  0.73938,  0.66202,  0.93002
891, 311,  0.06972,  0.02309,  0.11838,  0.38874,  0.72158,  0.76339,  0.91223
892, 312,  0.05749,  0.02052,  0.12438,  0.24516,  0.73938,  0.66202,  0.93002
893, 313,  0.06827,  0.01815,  0.12101,  0.38874,  0.73938,  0.76339,  0.93002
894, 313,  0.06827,  0.01815,  0.12101,  0.38874,  0.73938,  0.76339,  0.93002
895, 312,  0.05749,  0.02052,  0.12438,  0.24516,  0.73938,  0.66202,  0.93002
896, 314,  0.05563,  0.01613,  0.12606,  0.24516,  0.75671,  0.66202,  0.94695
897, 313,  0.06827,  0.01815,  0.12101,  0.38874,  0.73938,  0.76339,  0.93002
898, 314,  0.05563,  0.01613,  0.12606,  0.24516,  0.75671,  0.66202,  0.94695
899, 315,  0.0664,  0.01334,  0.12316,  0.38874,  0.75671,  0.76339,  0.94695
900, 314,  0.05563,  0.01613,  0.12606,  0.24516,  0.75671,  0.66202,  0.94695
901, 316,  0.06406,  0.00889,  0.12488,  0.38874,  0.77368,  0.76339,  0.96274
902, 315,  0.0664,  0.01334,  0.12316,  0.38874,  0.75671,  0.76339,  0.94695
903, 314,  0.05563,  0.01613,  0.12606,  0.24516,  0.75671,  0.66202,  0.94695
904, 317,  0.05303,  0.01015,  0.12755,  0.24516,  0.77368,  0.66202,  0.96274
905, 316,  0.06406,  0.00889,  0.12488,  0.38874,  0.77368,  0.76339,  0.96274
906, 318,  0.05006,  0.00336,  0.12897,  0.24516,  0.79046,  0.66202,  0.97795
907, 316,  0.06406,  0.00889,  0.12488,  0.38874,  0.77368,  0.76339,  0.96274
908, 317,  0.05303,  0.01015,  0.12755,  0.24516,  0.77368,  0.66202,  0.96274
909, 318,  0.05006,  0.00336,  0.12897,  0.24516,  0.79046,  0.66202,  0.97795
910, 319,  0.06148,  0.00461,  0.12637,  0.38874,  0.79046,  0.76339,  0.97795
911, 316,  0.06406,  0.00889,  0.12488,  0.38874,  0.77368,  0.76339,  0.96274
912, 320,  0.08808,  0.02968,  0.09712,  0.54903,  0.59852,  0.11563,  0.64969
913, 321,  0.09524,  0.02132,  0.09337,  0.45624,  0.59852,  0.19193,  0.64969
914, 322,  0.09721,  0.02196,  0.08788,  0.45624,  0.55196,  0.19193,  0.6196
915, 320,  0.08808,  0.02968,  0.09712,  0.54903,  0.59852,  0.11563,  0.64969
916, 322,  0.09721,  0.02196,  0.08788,  0.45624,  0.55196,  0.19193,  0.6196
917, 323,  0.09064,  0.02976,  0.09073,  0.54903,  0.55196,  0.11563,  0.6196
918, 323,  0.09064,  0.02976,  0.09073,  0.54903,  0.55196,  0.11563,  0.6196
919, 322,  0.09721,  0.02196,  0.08788,  0.45624,  0.55196,  0.19193,  0.6196
920, 324,  0.0987,  0.02146,  0.08254,  0.45624,  0.50691,  0.19193,  0.58717
921, 323,  0.09064,  0.02976,  0.09073,  0.54903,  0.55196,  0.11563,  0.6196
922, 324,  0.0987,  0.02146,  0.08254,  0.45624,  0.50691,  0.19193,  0.58717
923, 325,  0.09293,  0.02857,  0.08392,  0.54903,  0.50691,  0.11563,  0.58717
924, 324,  0.0987,  0.02146,  0.08254,  0.45624,  0.50691,  0.19193,  0.58717
925, 326,  0.09535,  0.02644,  0.07721,  0.54903,  0.46095,  0.11563,  0.55278
926, 325,  0.09293,  0.02857,  0.08392,  0.54903,  0.50691,  0.11563,  0.58717
927, 324,  0.0987,  0.02146,  0.08254,  0.45624,  0.50691,  0.19193,  0.58717
928, 327,  0.10044,  0.01998,  0.07678,  0.45624,  0.46095,  0.19193,  0.55278
929, 326,  0.09535,  0.02644,  0.07721,  0.54903,  0.46095,  0.11563,  0.55278
930, 328,  0.10216,  0.01787,  0.07099,  0.45624,  0.41391,  0.19193,  0.51768
931, 326,  0.09535,  0.02644,  0.07721,  0.54903,  0.46095,  0.11563,  0.55278
932, 327,  0.10044,  0.01998,  0.07678,  0.45624,  0.46095,  0.19193,  0.55278
933, 328,  0.10216,  0.01787,  0.07099,  0.45624,  0.41391,  0.19193,  0.51768
934, 329,  0.0977,  0.02334,  0.07069,  0.54903,  0.41391,  0.11563,  0.51768
935, 326,  0.09535,  0.02644,  0.07721,  0.54903,  0.46095,  0.11563,  0.55278
936, 329,  0.0977,  0.02334,  0.07069,  0.54903,  0.41391,  0.11563,  0.51768
937, 328,  0.10216,  0.01787,  0.07099,  0.45624,  0.41391,  0.19193,  0.51768
938, 330,  0.10349,  0.01543,  0.06552,  0.45624,  0.36566,  0.19193,  0.48313
939, 329,  0.0977,  0.02334,  0.07069,  0.54903,  0.41391,  0.11563,  0.51768
940, 330,  0.10349,  0.01543,  0.06552,  0.45624,  0.36566,  0.19193,  0.48313
941, 331,  0.09967,  0.01921,  0.06444,  0.54903,  0.36566,  0.11563,  0.48313
942, 332,  0.10156,  0.01465,  0.05893,  0.54903,  0.31555,  0.11563,  0.44827
943, 331,  0.09967,  0.01921,  0.06444,  0.54903,  0.36566,  0.11563,  0.48313
944, 330,  0.10349,  0.01543,  0.06552,  0.45624,  0.36566,  0.19193,  0.48313
945, 332,  0.10156,  0.01465,  0.05893,  0.54903,  0.31555,  0.11563,  0.44827
946, 330,  0.10349,  0.01543,  0.06552,  0.45624,  0.36566,  0.19193,  0.48313
947, 333,  0.10472,  0.01245,  0.0606,  0.45624,  0.31555,  0.19193,  0.44827
948, 332,  0.10156,  0.01465,  0.05893,  0.54903,  0.31555,  0.11563,  0.44827
949, 333,  0.10472,  0.01245,  0.0606,  0.45624,  0.31555,  0.19193,  0.44827
950, 334,  0.10575,  0.00862,  0.05635,  0.45624,  0.26292,  0.19193,  0.41224
951, 332,  0.10156,  0.01465,  0.05893,  0.54903,  0.31555,  0.11563,  0.44827
952, 334,  0.10575,  0.00862,  0.05635,  0.45624,  0.26292,  0.19193,  0.41224
953, 335,  0.10322,  0.01012,  0.05449,  0.54903,  0.26292,  0.11563,  0.41224
954, 336,  0.1047,  0.00538,  0.05104,  0.54903,  0.19612,  0.11563,  0.37663
955, 335,  0.10322,  0.01012,  0.05449,  0.54903,  0.26292,  0.11563,  0.41224
956, 334,  0.10575,  0.00862,  0.05635,  0.45624,  0.26292,  0.19193,  0.41224
957, 336,  0.1047,  0.00538,  0.05104,  0.54903,  0.19612,  0.11563,  0.37663
958, 334,  0.10575,  0.00862,  0.05635,  0.45624,  0.26292,  0.19193,  0.41224
959, 337,  0.10657,  0.00405,  0.05285,  0.45624,  0.19612,  0.19193,  0.37663
960, 337,  0.10657,  0.00405,  0.05285,  0.45624,  0.19612,  0.19193,  0.37663
961, 338,  0.1056,  0.00027,  0.04847,  0.54903,  0.10347,  0.11563,  0.34302
962, 336,  0.1047,  0.00538,  0.05104,  0.54903,  0.19612,  0.11563,  0.37663
963, 337,  0.10657,  0.00405,  0.05285,  0.45624,  0.19612,  0.19193,  0.37663
964, 339,  0.10671, -0.00104,  0.05014,  0.45624,  0.10347,  0.19193,  0.34302
965, 338,  0.1056,  0.00027,  0.04847,  0.54903,  0.10347,  0.11563,  0.34302
966, 340,  0.10666, -0.00644,  0.0478,  0.45624, -0.0021,  0.19193,  0.3104
967, 338,  0.1056,  0.00027,  0.04847,  0.54903,  0.10347,  0.11563,  0.34302
968, 339,  0.10671, -0.00104,  0.05014,  0.45624,  0.10347,  0.19193,  0.34302
969, 340,  0.10666, -0.00644,  0.0478,  0.45624, -0.0021,  0.19193,  0.3104
970, 341,  0.10635, -0.00508,  0.04633,  0.54903, -0.0021,  0.11563,  0.3104
971, 338,  0.1056,  0.00027,  0.04847,  0.54903,  0.10347,  0.11563,  0.34302
972, 342,  0.08249,  0.02569,  0.10752,  0.54903,  0.69798,  0.11563,  0.70619
973, 343,  0.07936,  0.02298,  0.11121,  0.54903,  0.73999,  0.11563,  0.74174
974, 344,  0.08644,  0.0149,  0.10952,  0.45624,  0.73999,  0.19193,  0.74174
975, 342,  0.08249,  0.02569,  0.10752,  0.54903,  0.69798,  0.11563,  0.70619
976, 344,  0.08644,  0.0149,  0.10952,  0.45624,  0.73999,  0.19193,  0.74174
977, 345,  0.08942,  0.01708,  0.10551,  0.45624,  0.69799,  0.19193,  0.70619
978, 346,  0.07619,  0.01995,  0.11432,  0.54903,  0.77369,  0.11563,  0.77563
979, 344,  0.08644,  0.0149,  0.10952,  0.45624,  0.73999,  0.19193,  0.74174
980, 343,  0.07936,  0.02298,  0.11121,  0.54903,  0.73999,  0.11563,  0.74174
981, 346,  0.07619,  0.01995,  0.11432,  0.54903,  0.77369,  0.11563,  0.77563
982, 347,  0.0838,  0.01289,  0.1125,  0.45624,  0.77369,  0.19193,  0.77563
983, 344,  0.08644,  0.0149,  0.10952,  0.45624,  0.73999,  0.19193,  0.74174
984, 345,  0.08942,  0.01708,  0.10551,  0.45624,  0.69799,  0.19193,  0.70619
985, 348,  0.08538,  0.02812,  0.10277,  0.54903,  0.64901,  0.11563,  0.67703
986, 342,  0.08249,  0.02569,  0.10752,  0.54903,  0.69798,  0.11563,  0.70619
987, 345,  0.08942,  0.01708,  0.10551,  0.45624,  0.69799,  0.19193,  0.70619
988, 349,  0.09249,  0.01946,  0.09969,  0.45624,  0.64901,  0.19193,  0.67703
989, 348,  0.08538,  0.02812,  0.10277,  0.54903,  0.64901,  0.11563,  0.67703
990, 321,  0.09524,  0.02132,  0.09337,  0.45624,  0.59852,  0.19193,  0.64969
991, 348,  0.08538,  0.02812,  0.10277,  0.54903,  0.64901,  0.11563,  0.67703
992, 349,  0.09249,  0.01946,  0.09969,  0.45624,  0.64901,  0.19193,  0.67703
993, 321,  0.09524,  0.02132,  0.09337,  0.45624,  0.59852,  0.19193,  0.64969
994, 320,  0.08808,  0.02968,  0.09712,  0.54903,  0.59852,  0.11563,  0.64969
995, 348,  0.08538,  0.02812,  0.10277,  0.54903,  0.64901,  0.11563,  0.67703
996, 346,  0.07619,  0.01995,  0.11432,  0.54903,  0.77369,  0.11563,  0.77563
997, 350,  0.08176,  0.01102,  0.11523,  0.45624,  0.79772,  0.19193,  0.7998
998, 347,  0.0838,  0.01289,  0.1125,  0.45624,  0.77369,  0.19193,  0.77563
999, 346,  0.07619,  0.01995,  0.11432,  0.54903,  0.77369,  0.11563,  0.77563
1000, 351,  0.07318,  0.0166,  0.11734,  0.54903,  0.79772,  0.11563,  0.7998
1001, 350,  0.08176,  0.01102,  0.11523,  0.45624,  0.79772,  0.19193,  0.7998
1002, 352,  0.07969,  0.00906,  0.11749,  0.45624,  0.81459,  0.19193,  0.81677
1003, 350,  0.08176,  0.01102,  0.11523,  0.45624,  0.79772,  0.19193,  0.7998
1004, 351,  0.07318,  0.0166,  0.11734,  0.54903,  0.79772,  0.11563,  0.7998
1005, 352,  0.07969,  0.00906,  0.11749,  0.45624,  0.81459,  0.19193,  0.81677
1006, 351,  0.07318,  0.0166,  0.11734,  0.54903,  0.79772,  0.11563,  0.7998
1007, 353,  0.07042,  0.0133,  0.12003,  0.54903,  0.81459,  0.11563,  0.81677
1008, 354,  0.06805,  0.01041,  0.12215,  0.54903,  0.8268,  0.11563,  0.82905
1009, 352,  0.07969,  0.00906,  0.11749,  0.45624,  0.81459,  0.19193,  0.81677
1010, 353,  0.07042,  0.0133,  0.12003,  0.54903,  0.81459,  0.11563,  0.81677
1011, 354,  0.06805,  0.01041,  0.12215,  0.54903,  0.8268,  0.11563,  0.82905
1012, 355,  0.07697,  0.00674,  0.11904,  0.45624,  0.8268,  0.19193,  0.82905
1013, 352,  0.07969,  0.00906,  0.11749,  0.45624,  0.81459,  0.19193,  0.81677
1014, 356,  0.06584,  0.00773,  0.12391,  0.54903,  0.83731,  0.11563,  0.83851
1015, 355,  0.07697,  0.00674,  0.11904,  0.45624,  0.8268,  0.19193,  0.82905
1016, 354,  0.06805,  0.01041,  0.12215,  0.54903,  0.8268,  0.11563,  0.82905
1017, 356,  0.06584,  0.00773,  0.12391,  0.54903,  0.83731,  0.11563,  0.83851
1018, 357,  0.0742,  0.00427,  0.12037,  0.45624,  0.83731,  0.19193,  0.83851
1019, 355,  0.07697,  0.00674,  0.11904,  0.45624,  0.8268,  0.19193,  0.82905
1020, 357,  0.0742,  0.00427,  0.12037,  0.45624,  0.83731,  0.19193,  0.83851
1021, 356,  0.06584,  0.00773,  0.12391,  0.54903,  0.83731,  0.11563,  0.83851
1022, 358,  0.06356,  0.00505,  0.12556,  0.54903,  0.84907,  0.11563,  0.84701
1023, 357,  0.0742,  0.00427,  0.12037,  0.45624,  0.83731,  0.19193,  0.83851
1024, 358,  0.06356,  0.00505,  0.12556,  0.54903,  0.84907,  0.11563,  0.84701
1025, 359,  0.07197,  0.00186,  0.12194,  0.45624,  0.84907,  0.19193,  0.84701
1026, 359,  0.07197,  0.00186,  0.12194,  0.45624,  0.84907,  0.19193,  0.84701
1027, 358,  0.06356,  0.00505,  0.12556,  0.54903,  0.84907,  0.11563,  0.84701
1028, 360,  0.06125,  0.00237,  0.12716,  0.54903,  0.86145,  0.11563,  0.85502
1029, 359,  0.07197,  0.00186,  0.12194,  0.45624,  0.84907,  0.19193,  0.84701
1030, 360,  0.06125,  0.00237,  0.12716,  0.54903,  0.86145,  0.11563,  0.85502
1031, 361,  0.07, -0.00052,  0.12363,  0.45624,  0.86145,  0.19193,  0.85502
1032, 362,  0.09941, -0.01716,  0.09961,  0.27621,  0.65202,  0.73934,  0.72105
1033, 363,  0.10365, -0.00395,  0.0972,  0.37269,  0.65202,  0.64286,  0.72105
1034, 364,  0.10035, -0.00227,  0.10345,  0.37269,  0.68819,  0.64286,  0.7881
1035, 362,  0.09941, -0.01716,  0.09961,  0.27621,  0.65202,  0.73934,  0.72105
1036, 364,  0.10035, -0.00227,  0.10345,  0.37269,  0.68819,  0.64286,  0.7881
1037, 365,  0.09626, -0.01504,  0.105,  0.27621,  0.68819,  0.73934,  0.7881
1038, 365,  0.09626, -0.01504,  0.105,  0.27621,  0.68819,  0.73934,  0.7881
1039, 364,  0.10035, -0.00227,  0.10345,  0.37269,  0.68819,  0.64286,  0.7881
1040, 366,  0.09564, -0.00108,  0.10925,  0.37269,  0.72324,  0.64286,  0.84826
1041, 365,  0.09626, -0.01504,  0.105,  0.27621,  0.68819,  0.73934,  0.7881
1042, 366,  0.09564, -0.00108,  0.10925,  0.37269,  0.72324,  0.64286,  0.84826
1043, 367,  0.09192, -0.01309,  0.11008,  0.27621,  0.72324,  0.73934,  0.84826
1044, 368,  0.10159, -0.01951,  0.0936,  0.27621,  0.61417,  0.73934,  0.65572
1045, 363,  0.10365, -0.00395,  0.0972,  0.37269,  0.65202,  0.64286,  0.72105
1046, 362,  0.09941, -0.01716,  0.09961,  0.27621,  0.65202,  0.73934,  0.72105
1047, 368,  0.10159, -0.01951,  0.0936,  0.27621,  0.61417,  0.73934,  0.65572
1048, 369,  0.10579, -0.00614,  0.09031,  0.37269,  0.61417,  0.64286,  0.65572
1049, 363,  0.10365, -0.00395,  0.0972,  0.37269,  0.65202,  0.64286,  0.72105
1050, 370,  0.10281, -0.02204,  0.08718,  0.27621,  0.57298,  0.73934,  0.59899
1051, 369,  0.10579, -0.00614,  0.09031,  0.37269,  0.61417,  0.64286,  0.65572
1052, 368,  0.10159, -0.01951,  0.0936,  0.27621,  0.61417,  0.73934,  0.65572
1053, 370,  0.10281, -0.02204,  0.08718,  0.27621,  0.57298,  0.73934,  0.59899
1054, 371,  0.10697, -0.00884,  0.08317,  0.37269,  0.57298,  0.64286,  0.59899
1055, 369,  0.10579, -0.00614,  0.09031,  0.37269,  0.61417,  0.64286,  0.65572
1056, 372,  0.10305, -0.02471,  0.08055,  0.27621,  0.52678,  0.73934,  0.55774
1057, 371,  0.10697, -0.00884,  0.08317,  0.37269,  0.57298,  0.64286,  0.59899
1058, 370,  0.10281, -0.02204,  0.08718,  0.27621,  0.57298,  0.73934,  0.59899
1059, 372,  0.10305, -0.02471,  0.08055,  0.27621,  0.52678,  0.73934,  0.55774
1060, 373,  0.10739, -0.01203,  0.07616,  0.37269,  0.52678,  0.64286,  0.55774
1061, 371,  0.10697, -0.00884,  0.08317,  0.37269,  0.57298,  0.64286,  0.59899
1062, 374,  0.10218, -0.02787,  0.07359,  0.27621,  0.47797,  0.73934,  0.52194
1063, 373,  0.10739, -0.01203,  0.07616,  0.37269,  0.52678,  0.64286,  0.55774
1064, 372,  0.10305, -0.02471,  0.08055,  0.27621,  0.52678,  0.73934,  0.55774
1065, 374,  0.10218, -0.02787,  0.07359,  0.27621,  0.47797,  0.73934,  0.52194
1066, 375,  0.10678, -0.01615,  0.06908,  0.37269,  0.47797,  0.64286,  0.52194
1067, 373,  0.10739, -0.01203,  0.07616,  0.37269,  0.52678,  0.64286,  0.55774
1068, 376,  0.10004, -0.03185,  0.06615,  0.27621,  0.42893,  0.73934,  0.48158
1069, 375,  0.10678, -0.01615,  0.06908,  0.37269,  0.47797,  0.64286,  0.52194
1070, 374,  0.10218, -0.02787,  0.07359,  0.27621,  0.47797,  0.73934,  0.52194
1071, 376,  0.10004, -0.03185,  0.06615,  0.27621,  0.42893,  0.73934,  0.48158
1072, 377,  0.10481, -0.02163,  0.06171,  0.37269,  0.42893,  0.64286,  0.48158
1073, 375,  0.10678, -0.01615,  0.06908,  0.37269,  0.47797,  0.64286,  0.52194
1074, 378,  0.0973, -0.03573,  0.05954,  0.27621,  0.38135,  0.73934,  0.43553
1075, 377,  0.10481, -0.02163,  0.06171,  0.37269,  0.42893,  0.64286,  0.48158
1076, 376,  0.10004, -0.03185,  0.06615,  0.27621,  0.42893,  0.73934,  0.48158
1077, 378,  0.0973, -0.03573,  0.05954,  0.27621,  0.38135,  0.73934,  0.43553
1078, 379,  0.10183, -0.02733,  0.05513,  0.37269,  0.38135,  0.64286,  0.43553
1079, 377,  0.10481, -0.02163,  0.06171,  0.37269,  0.42893,  0.64286,  0.48158
1080, 380,  0.09464, -0.03863,  0.05509,  0.27621,  0.33692,  0.73934,  0.38272
1081, 379,  0.10183, -0.02733,  0.05513,  0.37269,  0.38135,  0.64286,  0.43553
1082, 378,  0.0973, -0.03573,  0.05954,  0.27621,  0.38135,  0.73934,  0.43553
1083, 380,  0.09464, -0.03863,  0.05509,  0.27621,  0.33692,  0.73934,  0.38272
1084, 381,  0.09815, -0.03213,  0.05043,  0.37269,  0.33692,  0.64286,  0.38272
1085, 379,  0.10183, -0.02733,  0.05513,  0.37269,  0.38135,  0.64286,  0.43553
1086, 382,  0.09125, -0.04123,  0.05133,  0.27621,  0.26825,  0.73934,  0.32962
1087, 381,  0.09815, -0.03213,  0.05043,  0.37269,  0.33692,  0.64286,  0.38272
1088, 380,  0.09464, -0.03863,  0.05509,  0.27621,  0.33692,  0.73934,  0.38272
1089, 382,  0.09125, -0.04123,  0.05133,  0.27621,  0.26825,  0.73934,  0.32962
1090, 383,  0.09354, -0.03642,  0.04643,  0.37269,  0.26825,  0.64286,  0.32962
1091, 381,  0.09815, -0.03213,  0.05043,  0.37269,  0.33692,  0.64286,  0.38272
1092, 383,  0.09354, -0.03642,  0.04643,  0.37269,  0.26825,  0.64286,  0.32962
1093, 382,  0.09125, -0.04123,  0.05133,  0.27621,  0.26825,  0.73934,  0.32962
1094, 384,  0.08632, -0.04426,  0.04677,  0.27621,  0.14797,  0.73934,  0.2827
1095, 383,  0.09354, -0.03642,  0.04643,  0.37269,  0.26825,  0.64286,  0.32962
1096, 384,  0.08632, -0.04426,  0.04677,  0.27621,  0.14797,  0.73934,  0.2827
1097, 385,  0.08778, -0.04058,  0.04199,  0.37269,  0.14797,  0.64286,  0.2827
1098, 386,  0.08144, -0.04469,  0.03734,  0.37269,  0.0019,  0.64286,  0.23888
1099, 385,  0.08778, -0.04058,  0.04199,  0.37269,  0.14797,  0.64286,  0.2827
1100, 384,  0.08632, -0.04426,  0.04677,  0.27621,  0.14797,  0.73934,  0.2827
1101, 386,  0.08144, -0.04469,  0.03734,  0.37269,  0.0019,  0.64286,  0.23888
1102, 384,  0.08632, -0.04426,  0.04677,  0.27621,  0.14797,  0.73934,  0.2827
1103, 387,  0.08063, -0.0475,  0.04182,  0.27621,  0.0019,  0.73934,  0.23888
1104, 366,  0.09564, -0.00108,  0.10925,  0.37269,  0.72324,  0.64286,  0.84826
1105, 388,  0.08929, -0.00033,  0.1148,  0.37269,  0.75772,  0.64286,  0.89294
1106, 389,  0.08617, -0.01126,  0.11516,  0.27621,  0.75772,  0.73934,  0.89294
1107, 366,  0.09564, -0.00108,  0.10925,  0.37269,  0.72324,  0.64286,  0.84826
1108, 389,  0.08617, -0.01126,  0.11516,  0.27621,  0.75772,  0.73934,  0.89294
1109, 367,  0.09192, -0.01309,  0.11008,  0.27621,  0.72324,  0.73934,  0.84826
1110, 390,  0.08289,  0.0001,  0.11926,  0.37269,  0.79041,  0.64286,  0.92641
1111, 389,  0.08617, -0.01126,  0.11516,  0.27621,  0.75772,  0.73934,  0.89294
1112, 388,  0.08929, -0.00033,  0.1148,  0.37269,  0.75772,  0.64286,  0.89294
1113, 390,  0.08289,  0.0001,  0.11926,  0.37269,  0.79041,  0.64286,  0.92641
1114, 391,  0.08049, -0.00976,  0.11942,  0.27621,  0.79041,  0.73934,  0.92641
1115, 389,  0.08617, -0.01126,  0.11516,  0.27621,  0.75772,  0.73934,  0.89294
1116, 391,  0.08049, -0.00976,  0.11942,  0.27621,  0.79041,  0.73934,  0.92641
1117, 390,  0.08289,  0.0001,  0.11926,  0.37269,  0.79041,  0.64286,  0.92641
1118, 392,  0.07802,  0.00034,  0.1218,  0.37269,  0.82008,  0.64286,  0.95297
1119, 391,  0.08049, -0.00976,  0.11942,  0.27621,  0.79041,  0.73934,  0.92641
1120, 392,  0.07802,  0.00034,  0.1218,  0.37269,  0.82008,  0.64286,  0.95297
1121, 393,  0.07633, -0.00882,  0.122,  0.27621,  0.82008,  0.73934,  0.95297
1122, 394,  0.07274, -0.00803,  0.12375,  0.27621,  0.84981,  0.73934,  0.97215
1123, 393,  0.07633, -0.00882,  0.122,  0.27621,  0.82008,  0.73934,  0.95297
1124, 392,  0.07802,  0.00034,  0.1218,  0.37269,  0.82008,  0.64286,  0.95297
1125, 394,  0.07274, -0.00803,  0.12375,  0.27621,  0.84981,  0.73934,  0.97215
1126, 392,  0.07802,  0.00034,  0.1218,  0.37269,  0.82008,  0.64286,  0.95297
1127, 395,  0.07354,  0.00064,  0.12345,  0.37269,  0.84981,  0.64286,  0.97215
1128, 395,  0.07354,  0.00064,  0.12345,  0.37269,  0.84981,  0.64286,  0.97215
1129, 396,  0.06875, -0.00699,  0.12551,  0.27621,  0.88267,  0.73934,  0.9835
1130, 394,  0.07274, -0.00803,  0.12375,  0.27621,  0.84981,  0.73934,  0.97215
1131, 395,  0.07354,  0.00064,  0.12345,  0.37269,  0.84981,  0.64286,  0.97215
1132, 397,  0.06835,  0.00125,  0.12521,  0.37269,  0.88267,  0.64286,  0.9835
1133, 396,  0.06875, -0.00699,  0.12551,  0.27621,  0.88267,  0.73934,  0.9835
1134, 398,  0.06279,  0.00202,  0.12704,  0.37269,  0.91711,  0.64286,  0.99093
1135, 396,  0.06875, -0.00699,  0.12551,  0.27621,  0.88267,  0.73934,  0.9835
1136, 397,  0.06835,  0.00125,  0.12521,  0.37269,  0.88267,  0.64286,  0.9835
1137, 398,  0.06279,  0.00202,  0.12704,  0.37269,  0.91711,  0.64286,  0.99093
1138, 399,  0.06457, -0.00582,  0.12727,  0.27621,  0.91711,  0.73934,  0.99093
1139, 396,  0.06875, -0.00699,  0.12551,  0.27621,  0.88267,  0.73934,  0.9835
1140, 400,  0.09368,  0.01044,  0.10734,  0.24148,  0.71459,  0.05183,  0.77737
1141, 401,  0.09599, -0.0008,  0.10888,  0.16518,  0.71459,  0.12813,  0.77737
1142, 402,  0.10052, -0.00103,  0.1031,  0.16518,  0.67361,  0.12813,  0.73837
1143, 400,  0.09368,  0.01044,  0.10734,  0.24148,  0.71459,  0.05183,  0.77737
1144, 402,  0.10052, -0.00103,  0.1031,  0.16518,  0.67361,  0.12813,  0.73837
1145, 403,  0.09761,  0.01127,  0.10144,  0.24148,  0.67361,  0.05183,  0.73837
1146, 403,  0.09761,  0.01127,  0.10144,  0.24148,  0.67361,  0.05183,  0.73837
1147, 402,  0.10052, -0.00103,  0.1031,  0.16518,  0.67361,  0.12813,  0.73837
1148, 404,  0.10359, -0.00145,  0.09737,  0.16518,  0.63163,  0.12813,  0.69841
1149, 403,  0.09761,  0.01127,  0.10144,  0.24148,  0.67361,  0.05183,  0.73837
1150, 404,  0.10359, -0.00145,  0.09737,  0.16518,  0.63163,  0.12813,  0.69841
1151, 405,  0.10067,  0.01164,  0.09539,  0.24148,  0.63163,  0.05183,  0.69841
1152, 405,  0.10067,  0.01164,  0.09539,  0.24148,  0.63163,  0.05183,  0.69841
1153, 404,  0.10359, -0.00145,  0.09737,  0.16518,  0.63163,  0.12813,  0.69841
1154, 406,  0.10556, -0.00211,  0.09175,  0.16518,  0.58823,  0.12813,  0.6571
1155, 405,  0.10067,  0.01164,  0.09539,  0.24148,  0.63163,  0.05183,  0.69841
1156, 406,  0.10556, -0.00211,  0.09175,  0.16518,  0.58823,  0.12813,  0.6571
1157, 407,  0.10322,  0.0113,  0.08935,  0.24148,  0.58823,  0.05183,  0.6571
1158, 407,  0.10322,  0.0113,  0.08935,  0.24148,  0.58823,  0.05183,  0.6571
1159, 406,  0.10556, -0.00211,  0.09175,  0.16518,  0.58823,  0.12813,  0.6571
1160, 408,  0.10675, -0.00305,  0.08624,  0.16518,  0.54826,  0.12813,  0.61906
1161, 407,  0.10322,  0.0113,  0.08935,  0.24148,  0.58823,  0.05183,  0.6571
1162, 408,  0.10675, -0.00305,  0.08624,  0.16518,  0.54826,  0.12813,  0.61906
1163, 409,  0.10513,  0.01022,  0.08338,  0.24148,  0.54826,  0.05183,  0.61906
1164, 409,  0.10513,  0.01022,  0.08338,  0.24148,  0.54826,  0.05183,  0.61906
1165, 408,  0.10675, -0.00305,  0.08624,  0.16518,  0.54826,  0.12813,  0.61906
1166, 410,  0.10773, -0.00429,  0.0809,  0.16518,  0.51655,  0.12813,  0.58887
1167, 409,  0.10513,  0.01022,  0.08338,  0.24148,  0.54826,  0.05183,  0.61906
1168, 410,  0.10773, -0.00429,  0.0809,  0.16518,  0.51655,  0.12813,  0.58887
1169, 411,  0.10658,  0.00837,  0.07762,  0.24148,  0.51655,  0.05183,  0.58887
1170, 411,  0.10658,  0.00837,  0.07762,  0.24148,  0.51655,  0.05183,  0.58887
1171, 410,  0.10773, -0.00429,  0.0809,  0.16518,  0.51655,  0.12813,  0.58887
1172, 412,  0.10841, -0.00584,  0.07589,  0.16518,  0.48907,  0.12813,  0.56272
1173, 411,  0.10658,  0.00837,  0.07762,  0.24148,  0.51655,  0.05183,  0.58887
1174, 412,  0.10841, -0.00584,  0.07589,  0.16518,  0.48907,  0.12813,  0.56272
1175, 413,  0.10768,  0.00587,  0.07218,  0.24148,  0.48907,  0.05183,  0.56272
1176, 413,  0.10768,  0.00587,  0.07218,  0.24148,  0.48907,  0.05183,  0.56272
1177, 412,  0.10841, -0.00584,  0.07589,  0.16518,  0.48907,  0.12813,  0.56272
1178, 414,  0.10867, -0.00772,  0.07136,  0.16518,  0.46181,  0.12813,  0.53677
1179, 413,  0.10768,  0.00587,  0.07218,  0.24148,  0.48907,  0.05183,  0.56272
1180, 414,  0.10867, -0.00772,  0.07136,  0.16518,  0.46181,  0.12813,  0.53677
1181, 415,  0.10844,  0.00281,  0.06715,  0.24148,  0.46181,  0.05183,  0.53677
1182, 415,  0.10844,  0.00281,  0.06715,  0.24148,  0.46181,  0.05183,  0.53677
1183, 414,  0.10867, -0.00772,  0.07136,  0.16518,  0.46181,  0.12813,  0.53677
1184, 416,  0.10858, -0.00995,  0.06725,  0.16518,  0.43477,  0.12813,  0.51103
1185, 415,  0.10844,  0.00281,  0.06715,  0.24148,  0.46181,  0.05183,  0.53677
1186, 416,  0.10858, -0.00995,  0.06725,  0.16518,  0.43477,  0.12813,  0.51103
1187, 417,  0.10881, -0.00075,  0.06265,  0.24148,  0.43477,  0.05183,  0.51103
1188, 417,  0.10881, -0.00075,  0.06265,  0.24148,  0.43477,  0.05183,  0.51103
1189, 416,  0.10858, -0.00995,  0.06725,  0.16518,  0.43477,  0.12813,  0.51103
1190, 418,  0.10829, -0.01259,  0.06347,  0.16518,  0.40793,  0.12813,  0.48549
1191, 417,  0.10881, -0.00075,  0.06265,  0.24148,  0.43477,  0.05183,  0.51103
1192, 418,  0.10829, -0.01259,  0.06347,  0.16518,  0.40793,  0.12813,  0.48549
1193, 419,  0.10874, -0.00481,  0.05875,  0.24148,  0.40793,  0.05183,  0.48549
1194, 419,  0.10874, -0.00481,  0.05875,  0.24148,  0.40793,  0.05183,  0.48549
1195, 418,  0.10829, -0.01259,  0.06347,  0.16518,  0.40793,  0.12813,  0.48549
1196, 420,  0.10774, -0.01555,  0.06002,  0.16518,  0.38177,  0.12813,  0.46058
1197, 419,  0.10874, -0.00481,  0.05875,  0.24148,  0.40793,  0.05183,  0.48549
1198, 420,  0.10774, -0.01555,  0.06002,  0.16518,  0.38177,  0.12813,  0.46058
1199, 421,  0.10809, -0.00914,  0.05537,  0.24148,  0.38177,  0.05183,  0.46058
1200, 420,  0.10774, -0.01555,  0.06002,  0.16518,  0.38177,  0.12813,  0.46058
1201, 422,  0.10693, -0.01358,  0.0524,  0.24148,  0.35673,  0.05183,  0.43675
1202, 421,  0.10809, -0.00914,  0.05537,  0.24148,  0.38177,  0.05183,  0.46058
1203, 420,  0.10774, -0.01555,  0.06002,  0.16518,  0.38177,  0.12813,  0.46058
1204, 423,  0.10711, -0.01875,  0.05692,  0.16518,  0.35673,  0.12813,  0.43675
1205, 422,  0.10693, -0.01358,  0.0524,  0.24148,  0.35673,  0.05183,  0.43675
1206, 424,  0.10532, -0.01817,  0.04947,  0.24148,  0.29708,  0.05183,  0.40082
1207, 422,  0.10693, -0.01358,  0.0524,  0.24148,  0.35673,  0.05183,  0.43675
1208, 423,  0.10711, -0.01875,  0.05692,  0.16518,  0.35673,  0.12813,  0.43675
1209, 424,  0.10532, -0.01817,  0.04947,  0.24148,  0.29708,  0.05183,  0.40082
1210, 423,  0.10711, -0.01875,  0.05692,  0.16518,  0.35673,  0.12813,  0.43675
1211, 425,  0.10608, -0.02213,  0.05375,  0.16518,  0.29708,  0.12813,  0.40082
1212, 425,  0.10608, -0.02213,  0.05375,  0.16518,  0.29708,  0.12813,  0.40082
1213, 426,  0.10331, -0.02298,  0.04618,  0.24148,  0.16708,  0.05183,  0.33959
1214, 424,  0.10532, -0.01817,  0.04947,  0.24148,  0.29708,  0.05183,  0.40082
1215, 425,  0.10608, -0.02213,  0.05375,  0.16518,  0.29708,  0.12813,  0.40082
1216, 427,  0.10434, -0.02563,  0.05008,  0.16518,  0.16708,  0.12813,  0.33959
1217, 426,  0.10331, -0.02298,  0.04618,  0.24148,  0.16708,  0.05183,  0.33959
1218, 428,  0.10221, -0.02915,  0.04617,  0.16518,  0.0019,  0.12813,  0.26571
1219, 426,  0.10331, -0.02298,  0.04618,  0.24148,  0.16708,  0.05183,  0.33959
1220, 427,  0.10434, -0.02563,  0.05008,  0.16518,  0.16708,  0.12813,  0.33959
1221, 428,  0.10221, -0.02915,  0.04617,  0.16518,  0.0019,  0.12813,  0.26571
1222, 429,  0.10104, -0.02786,  0.04273,  0.24148,  0.0019,  0.05183,  0.26571
1223, 426,  0.10331, -0.02298,  0.04618,  0.24148,  0.16708,  0.05183,  0.33959
1224, 430,  0.08174,  0.00817,  0.11806,  0.24148,  0.79505,  0.05183,  0.85396
1225, 431,  0.08183, -0.00086,  0.1199,  0.16518,  0.79505,  0.12813,  0.85396
1226, 432,  0.08964, -0.0007,  0.11466,  0.16518,  0.75494,  0.12813,  0.81578
1227, 430,  0.08174,  0.00817,  0.11806,  0.24148,  0.79505,  0.05183,  0.85396
1228, 432,  0.08964, -0.0007,  0.11466,  0.16518,  0.75494,  0.12813,  0.81578
1229, 433,  0.08851,  0.00938,  0.11293,  0.24148,  0.75494,  0.05183,  0.81578
1230, 433,  0.08851,  0.00938,  0.11293,  0.24148,  0.75494,  0.05183,  0.81578
1231, 432,  0.08964, -0.0007,  0.11466,  0.16518,  0.75494,  0.12813,  0.81578
1232, 401,  0.09599, -0.0008,  0.10888,  0.16518,  0.71459,  0.12813,  0.77737
1233, 433,  0.08851,  0.00938,  0.11293,  0.24148,  0.75494,  0.05183,  0.81578
1234, 401,  0.09599, -0.0008,  0.10888,  0.16518,  0.71459,  0.12813,  0.77737
1235, 400,  0.09368,  0.01044,  0.10734,  0.24148,  0.71459,  0.05183,  0.77737
1236, 431,  0.08183, -0.00086,  0.1199,  0.16518,  0.79505,  0.12813,  0.85396
1237, 430,  0.08174,  0.00817,  0.11806,  0.24148,  0.79505,  0.05183,  0.85396
1238, 434,  0.07301,  0.0069,  0.12261,  0.24148,  0.83531,  0.05183,  0.89228
1239, 431,  0.08183, -0.00086,  0.1199,  0.16518,  0.79505,  0.12813,  0.85396
1240, 434,  0.07301,  0.0069,  0.12261,  0.24148,  0.83531,  0.05183,  0.89228
1241, 435,  0.0729, -0.00146,  0.12408,  0.16518,  0.83531,  0.12813,  0.89228
1242, 436,  0.06341, -0.00226,  0.12774,  0.16518,  0.87564,  0.12813,  0.93067
1243, 435,  0.0729, -0.00146,  0.12408,  0.16518,  0.83531,  0.12813,  0.89228
1244, 434,  0.07301,  0.0069,  0.12261,  0.24148,  0.83531,  0.05183,  0.89228
1245, 436,  0.06341, -0.00226,  0.12774,  0.16518,  0.87564,  0.12813,  0.93067
1246, 434,  0.07301,  0.0069,  0.12261,  0.24148,  0.83531,  0.05183,  0.89228
1247, 437,  0.0633,  0.0056,  0.12685,  0.24148,  0.87564,  0.05183,  0.93067
1248, 438,  0.09439, -0.02629,  0.1011,  0.30124,  0.64401,  0.75224,  0.8221
1249, 439,  0.09986, -0.01651,  0.10014,  0.41051,  0.64401,  0.67594,  0.8221
1250, 440,  0.09674, -0.01423,  0.10596,  0.41051,  0.68015,  0.67594,  0.87143
1251, 438,  0.09439, -0.02629,  0.1011,  0.30124,  0.64401,  0.75224,  0.8221
1252, 440,  0.09674, -0.01423,  0.10596,  0.41051,  0.68015,  0.67594,  0.87143
1253, 441,  0.09149, -0.02376,  0.10637,  0.30124,  0.68015,  0.75224,  0.87143
1254, 441,  0.09149, -0.02376,  0.10637,  0.30124,  0.68015,  0.75224,  0.87143
1255, 440,  0.09674, -0.01423,  0.10596,  0.41051,  0.68015,  0.67594,  0.87143
1256, 442,  0.09253, -0.01221,  0.1113,  0.41051,  0.71641,  0.67594,  0.91274
1257, 441,  0.09149, -0.02376,  0.10637,  0.30124,  0.68015,  0.75224,  0.87143
1258, 442,  0.09253, -0.01221,  0.1113,  0.41051,  0.71641,  0.67594,  0.91274
1259, 443,  0.08764, -0.02156,  0.11121,  0.30124,  0.71641,  0.75224,  0.91274
1260, 444,  0.09651, -0.02906,  0.09538,  0.30124,  0.60749,  0.75224,  0.77333
1261, 439,  0.09986, -0.01651,  0.10014,  0.41051,  0.64401,  0.67594,  0.8221
1262, 438,  0.09439, -0.02629,  0.1011,  0.30124,  0.64401,  0.75224,  0.8221
1263, 444,  0.09651, -0.02906,  0.09538,  0.30124,  0.60749,  0.75224,  0.77333
1264, 445,  0.10209, -0.01889,  0.09385,  0.41051,  0.60749,  0.67594,  0.77333
1265, 439,  0.09986, -0.01651,  0.10014,  0.41051,  0.64401,  0.67594,  0.8221
1266, 446,  0.09783, -0.03195,  0.08921,  0.30124,  0.57078,  0.75224,  0.72534
1267, 445,  0.10209, -0.01889,  0.09385,  0.41051,  0.60749,  0.67594,  0.77333
1268, 444,  0.09651, -0.02906,  0.09538,  0.30124,  0.60749,  0.75224,  0.77333
1269, 446,  0.09783, -0.03195,  0.08921,  0.30124,  0.57078,  0.75224,  0.72534
1270, 447,  0.10342, -0.02132,  0.08716,  0.41051,  0.57078,  0.67594,  0.72534
1271, 445,  0.10209, -0.01889,  0.09385,  0.41051,  0.60749,  0.67594,  0.77333
1272, 448,  0.09833, -0.03481,  0.08263,  0.30124,  0.53407,  0.75224,  0.67835
1273, 447,  0.10342, -0.02132,  0.08716,  0.41051,  0.57078,  0.67594,  0.72534
1274, 446,  0.09783, -0.03195,  0.08921,  0.30124,  0.57078,  0.75224,  0.72534
1275, 448,  0.09833, -0.03481,  0.08263,  0.30124,  0.53407,  0.75224,  0.67835
1276, 449,  0.10385, -0.02376,  0.08011,  0.41051,  0.53407,  0.67594,  0.67835
1277, 447,  0.10342, -0.02132,  0.08716,  0.41051,  0.57078,  0.67594,  0.72534
1278, 450,  0.09781, -0.03754,  0.07565,  0.30124,  0.4976,  0.75224,  0.62121
1279, 449,  0.10385, -0.02376,  0.08011,  0.41051,  0.53407,  0.67594,  0.67835
1280, 448,  0.09833, -0.03481,  0.08263,  0.30124,  0.53407,  0.75224,  0.67835
1281, 450,  0.09781, -0.03754,  0.07565,  0.30124,  0.4976,  0.75224,  0.62121
1282, 451,  0.1034, -0.0263,  0.07292,  0.41051,  0.4976,  0.67594,  0.62121
1283, 449,  0.10385, -0.02376,  0.08011,  0.41051,  0.53407,  0.67594,  0.67835
1284, 452,  0.09602, -0.04001,  0.06828,  0.30124,  0.46163,  0.75224,  0.54275
1285, 451,  0.1034, -0.0263,  0.07292,  0.41051,  0.4976,  0.67594,  0.62121
1286, 450,  0.09781, -0.03754,  0.07565,  0.30124,  0.4976,  0.75224,  0.62121
1287, 452,  0.09602, -0.04001,  0.06828,  0.30124,  0.46163,  0.75224,  0.54275
1288, 453,  0.10205, -0.02906,  0.06579,  0.41051,  0.46163,  0.67594,  0.54275
1289, 451,  0.1034, -0.0263,  0.07292,  0.41051,  0.4976,  0.67594,  0.62121
1290, 454,  0.09363, -0.04204,  0.06172,  0.30124,  0.43069,  0.75224,  0.46854
1291, 453,  0.10205, -0.02906,  0.06579,  0.41051,  0.46163,  0.67594,  0.54275
1292, 452,  0.09602, -0.04001,  0.06828,  0.30124,  0.46163,  0.75224,  0.54275
1293, 454,  0.09363, -0.04204,  0.06172,  0.30124,  0.43069,  0.75224,  0.46854
1294, 455,  0.10012, -0.03185,  0.05947,  0.41051,  0.43069,  0.67594,  0.46854
1295, 453,  0.10205, -0.02906,  0.06579,  0.41051,  0.46163,  0.67594,  0.54275
1296, 443,  0.08764, -0.02156,  0.11121,  0.30124,  0.71641,  0.75224,  0.91274
1297, 442,  0.09253, -0.01221,  0.1113,  0.41051,  0.71641,  0.67594,  0.91274
1298, 456,  0.08703, -0.01062,  0.1161,  0.41051,  0.75326,  0.67594,  0.93745
1299, 443,  0.08764, -0.02156,  0.11121,  0.30124,  0.71641,  0.75224,  0.91274
1300, 456,  0.08703, -0.01062,  0.1161,  0.41051,  0.75326,  0.67594,  0.93745
1301, 457,  0.0827, -0.01979,  0.11565,  0.30124,  0.75326,  0.75224,  0.93745
1302, 457,  0.0827, -0.01979,  0.11565,  0.30124,  0.75326,  0.75224,  0.93745
1303, 456,  0.08703, -0.01062,  0.1161,  0.41051,  0.75326,  0.67594,  0.93745
1304, 458,  0.08144, -0.00939,  0.11993,  0.41051,  0.78559,  0.67594,  0.95232
1305, 457,  0.0827, -0.01979,  0.11565,  0.30124,  0.75326,  0.75224,  0.93745
1306, 458,  0.08144, -0.00939,  0.11993,  0.41051,  0.78559,  0.67594,  0.95232
1307, 459,  0.07779, -0.01847,  0.11927,  0.30124,  0.78559,  0.75224,  0.95232
1308, 454,  0.09363, -0.04204,  0.06172,  0.30124,  0.43069,  0.75224,  0.46854
1309, 460,  0.09793, -0.03454,  0.05473,  0.41051,  0.4093,  0.67594,  0.42414
1310, 455,  0.10012, -0.03185,  0.05947,  0.41051,  0.43069,  0.67594,  0.46854
1311, 454,  0.09363, -0.04204,  0.06172,  0.30124,  0.43069,  0.75224,  0.46854
1312, 461,  0.09127, -0.04349,  0.05721,  0.30124,  0.4093,  0.75224,  0.42414
1313, 460,  0.09793, -0.03454,  0.05473,  0.41051,  0.4093,  0.67594,  0.42414
1314, 462,  0.08891, -0.04457,  0.05345,  0.30124,  0.3909,  0.75224,  0.39466
1315, 460,  0.09793, -0.03454,  0.05473,  0.41051,  0.4093,  0.67594,  0.42414
1316, 461,  0.09127, -0.04349,  0.05721,  0.30124,  0.4093,  0.75224,  0.42414
1317, 462,  0.08891, -0.04457,  0.05345,  0.30124,  0.3909,  0.75224,  0.39466
1318, 463,  0.0955, -0.03685,  0.05079,  0.41051,  0.3909,  0.67594,  0.39466
1319, 460,  0.09793, -0.03454,  0.05473,  0.41051,  0.4093,  0.67594,  0.42414
1320, 458,  0.08144, -0.00939,  0.11993,  0.41051,  0.78559,  0.67594,  0.95232
1321, 464,  0.07403, -0.0176,  0.1216,  0.30124,  0.80829,  0.75224,  0.96409
1322, 459,  0.07779, -0.01847,  0.11927,  0.30124,  0.78559,  0.75224,  0.95232
1323, 458,  0.08144, -0.00939,  0.11993,  0.41051,  0.78559,  0.67594,  0.95232
1324, 465,  0.07695, -0.00845,  0.12235,  0.41051,  0.80829,  0.67594,  0.96409
1325, 464,  0.07403, -0.0176,  0.1216,  0.30124,  0.80829,  0.75224,  0.96409
1326, 466,  0.07063, -0.01692,  0.12313,  0.30124,  0.82689,  0.75224,  0.97383
1327, 464,  0.07403, -0.0176,  0.1216,  0.30124,  0.80829,  0.75224,  0.96409
1328, 465,  0.07695, -0.00845,  0.12235,  0.41051,  0.80829,  0.67594,  0.96409
1329, 466,  0.07063, -0.01692,  0.12313,  0.30124,  0.82689,  0.75224,  0.97383
1330, 465,  0.07695, -0.00845,  0.12235,  0.41051,  0.80829,  0.67594,  0.96409
1331, 467,  0.07285, -0.00762,  0.12405,  0.41051,  0.82689,  0.67594,  0.97383
1332, 467,  0.07285, -0.00762,  0.12405,  0.41051,  0.82689,  0.67594,  0.97383
1333, 468,  0.06683, -0.01615,  0.12432,  0.30124,  0.84689,  0.75224,  0.98262
1334, 466,  0.07063, -0.01692,  0.12313,  0.30124,  0.82689,  0.75224,  0.97383
1335, 467,  0.07285, -0.00762,  0.12405,  0.41051,  0.82689,  0.67594,  0.97383
1336, 469,  0.06847, -0.0067,  0.12574,  0.41051,  0.84689,  0.67594,  0.98262
1337, 468,  0.06683, -0.01615,  0.12432,  0.30124,  0.84689,  0.75224,  0.98262
1338, 470,  0.06394, -0.00573,  0.12741,  0.41051,  0.8676,  0.67594,  0.99093
1339, 468,  0.06683, -0.01615,  0.12432,  0.30124,  0.84689,  0.75224,  0.98262
1340, 469,  0.06847, -0.0067,  0.12574,  0.41051,  0.84689,  0.67594,  0.98262
1341, 470,  0.06394, -0.00573,  0.12741,  0.41051,  0.8676,  0.67594,  0.99093
1342, 471,  0.06281, -0.01532,  0.12535,  0.30124,  0.8676,  0.75224,  0.99093
1343, 468,  0.06683, -0.01615,  0.12432,  0.30124,  0.84689,  0.75224,  0.98262
1344, 462,  0.08891, -0.04457,  0.05345,  0.30124,  0.3909,  0.75224,  0.39466
1345, 472,  0.09288, -0.03854,  0.04688,  0.41051,  0.36893,  0.67594,  0.36518
1346, 463,  0.0955, -0.03685,  0.05079,  0.41051,  0.3909,  0.67594,  0.39466
1347, 462,  0.08891, -0.04457,  0.05345,  0.30124,  0.3909,  0.75224,  0.39466
1348, 473,  0.08651, -0.0455,  0.04916,  0.30124,  0.36893,  0.75224,  0.36518
1349, 472,  0.09288, -0.03854,  0.04688,  0.41051,  0.36893,  0.67594,  0.36518
1350, 474,  0.08418, -0.04616,  0.04487,  0.30124,  0.34534,  0.75224,  0.33379
1351, 472,  0.09288, -0.03854,  0.04688,  0.41051,  0.36893,  0.67594,  0.36518
1352, 473,  0.08651, -0.0455,  0.04916,  0.30124,  0.36893,  0.75224,  0.36518
1353, 474,  0.08418, -0.04616,  0.04487,  0.30124,  0.34534,  0.75224,  0.33379
1354, 475,  0.0903, -0.03988,  0.04321,  0.41051,  0.34534,  0.67594,  0.33379
1355, 472,  0.09288, -0.03854,  0.04688,  0.41051,  0.36893,  0.67594,  0.36518
1356, 476,  0.082, -0.04643,  0.04108,  0.30124,  0.32208,  0.75224,  0.2986
1357, 475,  0.0903, -0.03988,  0.04321,  0.41051,  0.34534,  0.67594,  0.33379
1358, 474,  0.08418, -0.04616,  0.04487,  0.30124,  0.34534,  0.75224,  0.33379
1359, 476,  0.082, -0.04643,  0.04108,  0.30124,  0.32208,  0.75224,  0.2986
1360, 477,  0.08804, -0.04118,  0.04,  0.41051,  0.32208,  0.67594,  0.2986
1361, 475,  0.0903, -0.03988,  0.04321,  0.41051,  0.34534,  0.67594,  0.33379
1362, 478,  0.08028, -0.04644,  0.03754,  0.30124,  0.29953,  0.75224,  0.2615
1363, 477,  0.08804, -0.04118,  0.04,  0.41051,  0.32208,  0.67594,  0.2986
1364, 476,  0.082, -0.04643,  0.04108,  0.30124,  0.32208,  0.75224,  0.2986
1365, 478,  0.08028, -0.04644,  0.03754,  0.30124,  0.29953,  0.75224,  0.2615
1366, 479,  0.0861, -0.04227,  0.03696,  0.41051,  0.29953,  0.67594,  0.2615
1367, 477,  0.08804, -0.04118,  0.04,  0.41051,  0.32208,  0.67594,  0.2986
1368, 480,  0.07931, -0.04633,  0.034,  0.30124,  0.27807,  0.75224,  0.22441
1369, 479,  0.0861, -0.04227,  0.03696,  0.41051,  0.29953,  0.67594,  0.2615
1370, 478,  0.08028, -0.04644,  0.03754,  0.30124,  0.29953,  0.75224,  0.2615
1371, 480,  0.07931, -0.04633,  0.034,  0.30124,  0.27807,  0.75224,  0.22441
1372, 481,  0.08452, -0.04296,  0.03379,  0.41051,  0.27807,  0.67594,  0.22441
1373, 479,  0.0861, -0.04227,  0.03696,  0.41051,  0.29953,  0.67594,  0.2615
1374, 482,  0.07875, -0.04598,  0.03039,  0.30124,  0.23049,  0.75224,  0.18744
1375, 481,  0.08452, -0.04296,  0.03379,  0.41051,  0.27807,  0.67594,  0.22441
1376, 480,  0.07931, -0.04633,  0.034,  0.30124,  0.27807,  0.75224,  0.22441
1377, 482,  0.07875, -0.04598,  0.03039,  0.30124,  0.23049,  0.75224,  0.18744
1378, 483,  0.08318, -0.04334,  0.03051,  0.41051,  0.23049,  0.67594,  0.18744
1379, 481,  0.08452, -0.04296,  0.03379,  0.41051,  0.27807,  0.67594,  0.22441
1380, 484,  0.07827, -0.04527,  0.02665,  0.30124,  0.12954,  0.75224,  0.15072
1381, 483,  0.08318, -0.04334,  0.03051,  0.41051,  0.23049,  0.67594,  0.18744
1382, 482,  0.07875, -0.04598,  0.03039,  0.30124,  0.23049,  0.75224,  0.18744
1383, 484,  0.07827, -0.04527,  0.02665,  0.30124,  0.12954,  0.75224,  0.15072
1384, 485,  0.08196, -0.04351,  0.02711,  0.41051,  0.12954,  0.67594,  0.15072
1385, 483,  0.08318, -0.04334,  0.03051,  0.41051,  0.23049,  0.67594,  0.18744
1386, 486,  0.07783, -0.04439,  0.02285,  0.30124,  0.0019,  0.75224,  0.11413
1387, 485,  0.08196, -0.04351,  0.02711,  0.41051,  0.12954,  0.67594,  0.15072
1388, 484,  0.07827, -0.04527,  0.02665,  0.30124,  0.12954,  0.75224,  0.15072
1389, 486,  0.07783, -0.04439,  0.02285,  0.30124,  0.0019,  0.75224,  0.11413
1390, 487,  0.08081, -0.04357,  0.02364,  0.41051,  0.0019,  0.67594,  0.11413
1391, 485,  0.08196, -0.04351,  0.02711,  0.41051,  0.12954,  0.67594,  0.15072
1392, 488,  0.09166,  0.01116,  0.10665,  0.12104,  0.71481,  0.17119,  0.81472
1393, 489,  0.09332, -0.00015,  0.10775,  0.2393,  0.71481,  0.24749,  0.81472
1394, 490,  0.09803, -0.00022,  0.10154,  0.2393,  0.67293,  0.24749,  0.77437
1395, 488,  0.09166,  0.01116,  0.10665,  0.12104,  0.71481,  0.17119,  0.81472
1396, 490,  0.09803, -0.00022,  0.10154,  0.2393,  0.67293,  0.24749,  0.77437
1397, 491,  0.09609,  0.01188,  0.10008,  0.12104,  0.67293,  0.17119,  0.77437
1398, 491,  0.09609,  0.01188,  0.10008,  0.12104,  0.67293,  0.17119,  0.77437
1399, 490,  0.09803, -0.00022,  0.10154,  0.2393,  0.67293,  0.24749,  0.77437
1400, 492,  0.10159, -0.00025,  0.09528,  0.2393,  0.62549,  0.24749,  0.73572
1401, 491,  0.09609,  0.01188,  0.10008,  0.12104,  0.67293,  0.17119,  0.77437
1402, 492,  0.10159, -0.00025,  0.09528,  0.2393,  0.62549,  0.24749,  0.73572
1403, 493,  0.09942,  0.0124,  0.09344,  0.12104,  0.62549,  0.17119,  0.73572
1404, 488,  0.09166,  0.01116,  0.10665,  0.12104,  0.71481,  0.17119,  0.81472
1405, 494,  0.08763, -0.00012,  0.11349,  0.2393,  0.74542,  0.24749,  0.85916
1406, 489,  0.09332, -0.00015,  0.10775,  0.2393,  0.71481,  0.24749,  0.81472
1407, 488,  0.09166,  0.01116,  0.10665,  0.12104,  0.71481,  0.17119,  0.81472
1408, 495,  0.08611,  0.01044,  0.11236,  0.12104,  0.74542,  0.17119,  0.85916
1409, 494,  0.08763, -0.00012,  0.11349,  0.2393,  0.74542,  0.24749,  0.85916
1410, 496,  0.08081,  0.00962,  0.11673,  0.12104,  0.76659,  0.17119,  0.89857
1411, 494,  0.08763, -0.00012,  0.11349,  0.2393,  0.74542,  0.24749,  0.85916
1412, 495,  0.08611,  0.01044,  0.11236,  0.12104,  0.74542,  0.17119,  0.85916
1413, 496,  0.08081,  0.00962,  0.11673,  0.12104,  0.76659,  0.17119,  0.89857
1414, 497,  0.0821, -0.00018,  0.11799,  0.2393,  0.76659,  0.24749,  0.89857
1415, 494,  0.08763, -0.00012,  0.11349,  0.2393,  0.74542,  0.24749,  0.85916
1416, 496,  0.08081,  0.00962,  0.11673,  0.12104,  0.76659,  0.17119,  0.89857
1417, 498,  0.07787, -0.00034,  0.12048,  0.2393,  0.78017,  0.24749,  0.92385
1418, 497,  0.0821, -0.00018,  0.11799,  0.2393,  0.76659,  0.24749,  0.89857
1419, 496,  0.08081,  0.00962,  0.11673,  0.12104,  0.76659,  0.17119,  0.89857
1420, 499,  0.07713,  0.00864,  0.11926,  0.12104,  0.78017,  0.17119,  0.92385
1421, 498,  0.07787, -0.00034,  0.12048,  0.2393,  0.78017,  0.24749,  0.92385
1422, 500,  0.07404,  0.00772,  0.12078,  0.12104,  0.78998,  0.17119,  0.94212
1423, 498,  0.07787, -0.00034,  0.12048,  0.2393,  0.78017,  0.24749,  0.92385
1424, 499,  0.07713,  0.00864,  0.11926,  0.12104,  0.78017,  0.17119,  0.92385
1425, 500,  0.07404,  0.00772,  0.12078,  0.12104,  0.78998,  0.17119,  0.94212
1426, 501,  0.07431, -0.00058,  0.12193,  0.2393,  0.78998,  0.24749,  0.94212
1427, 498,  0.07787, -0.00034,  0.12048,  0.2393,  0.78017,  0.24749,  0.92385
1428, 492,  0.10159, -0.00025,  0.09528,  0.2393,  0.62549,  0.24749,  0.73572
1429, 502,  0.10168,  0.01252,  0.08746,  0.12104,  0.57822,  0.17119,  0.69641
1430, 493,  0.09942,  0.0124,  0.09344,  0.12104,  0.62549,  0.17119,  0.73572
1431, 492,  0.10159, -0.00025,  0.09528,  0.2393,  0.62549,  0.24749,  0.73572
1432, 503,  0.10385, -0.00017,  0.0894,  0.2393,  0.57822,  0.24749,  0.69641
1433, 502,  0.10168,  0.01252,  0.08746,  0.12104,  0.57822,  0.17119,  0.69641
1434, 504,  0.10318,  0.0121,  0.08188,  0.12104,  0.53454,  0.17119,  0.65999
1435, 502,  0.10168,  0.01252,  0.08746,  0.12104,  0.57822,  0.17119,  0.69641
1436, 503,  0.10385, -0.00017,  0.0894,  0.2393,  0.57822,  0.24749,  0.69641
1437, 504,  0.10318,  0.0121,  0.08188,  0.12104,  0.53454,  0.17119,  0.65999
1438, 503,  0.10385, -0.00017,  0.0894,  0.2393,  0.57822,  0.24749,  0.69641
1439, 505,  0.10513, -0.00024,  0.08374,  0.2393,  0.53454,  0.24749,  0.65999
1440, 504,  0.10318,  0.0121,  0.08188,  0.12104,  0.53454,  0.17119,  0.65999
1441, 505,  0.10513, -0.00024,  0.08374,  0.2393,  0.53454,  0.24749,  0.65999
1442, 506,  0.10604, -0.00067,  0.07819,  0.2393,  0.49787,  0.24749,  0.62999
1443, 504,  0.10318,  0.0121,  0.08188,  0.12104,  0.53454,  0.17119,  0.65999
1444, 506,  0.10604, -0.00067,  0.07819,  0.2393,  0.49787,  0.24749,  0.62999
1445, 507,  0.10458,  0.01109,  0.07648,  0.12104,  0.49787,  0.17119,  0.62999
1446, 507,  0.10458,  0.01109,  0.07648,  0.12104,  0.49787,  0.17119,  0.62999
1447, 506,  0.10604, -0.00067,  0.07819,  0.2393,  0.49787,  0.24749,  0.62999
1448, 508,  0.10665, -0.00163,  0.07304,  0.2393,  0.46768,  0.24749,  0.60684
1449, 507,  0.10458,  0.01109,  0.07648,  0.12104,  0.49787,  0.17119,  0.62999
1450, 508,  0.10665, -0.00163,  0.07304,  0.2393,  0.46768,  0.24749,  0.60684
1451, 509,  0.10577,  0.00918,  0.07115,  0.12104,  0.46768,  0.17119,  0.60684
1452, 501,  0.07431, -0.00058,  0.12193,  0.2393,  0.78998,  0.24749,  0.94212
1453, 500,  0.07404,  0.00772,  0.12078,  0.12104,  0.78998,  0.17119,  0.94212
1454, 510,  0.07056,  0.00709,  0.12212,  0.12104,  0.79987,  0.17119,  0.96053
1455, 501,  0.07431, -0.00058,  0.12193,  0.2393,  0.78998,  0.24749,  0.94212
1456, 510,  0.07056,  0.00709,  0.12212,  0.12104,  0.79987,  0.17119,  0.96053
1457, 511,  0.07078, -0.00091,  0.12332,  0.2393,  0.79987,  0.24749,  0.96053
1458, 512,  0.06725, -0.00127,  0.12467,  0.2393,  0.80979,  0.24749,  0.979
1459, 511,  0.07078, -0.00091,  0.12332,  0.2393,  0.79987,  0.24749,  0.96053
1460, 510,  0.07056,  0.00709,  0.12212,  0.12104,  0.79987,  0.17119,  0.96053
1461, 512,  0.06725, -0.00127,  0.12467,  0.2393,  0.80979,  0.24749,  0.979
1462, 510,  0.07056,  0.00709,  0.12212,  0.12104,  0.79987,  0.17119,  0.96053
1463, 513,  0.06687,  0.00662,  0.12336,  0.12104,  0.80979,  0.17119,  0.979
1464, 509,  0.10577,  0.00918,  0.07115,  0.12104,  0.46768,  0.17119,  0.60684
1465, 508,  0.10665, -0.00163,  0.07304,  0.2393,  0.46768,  0.24749,  0.60684
1466, 514,  0.10699, -0.00324,  0.06859,  0.2393,  0.44344,  0.24749,  0.59097
1467, 509,  0.10577,  0.00918,  0.07115,  0.12104,  0.46768,  0.17119,  0.60684
1468, 514,  0.10699, -0.00324,  0.06859,  0.2393,  0.44344,  0.24749,  0.59097
1469, 515,  0.10656,  0.00606,  0.06575,  0.12104,  0.44344,  0.17119,  0.59097
1470, 515,  0.10656,  0.00606,  0.06575,  0.12104,  0.44344,  0.17119,  0.59097
1471, 514,  0.10699, -0.00324,  0.06859,  0.2393,  0.44344,  0.24749,  0.59097
1472, 516,  0.10711, -0.00546,  0.06461,  0.23884,  0.42097,  0.24749,  0.57602
1473, 515,  0.10656,  0.00606,  0.06575,  0.12104,  0.44344,  0.17119,  0.59097
1474, 516,  0.10711, -0.00546,  0.06461,  0.23884,  0.42097,  0.24749,  0.57602
1475, 517,  0.10698,  0.00233,  0.06077,  0.12058,  0.42097,  0.17119,  0.57602
1476, 517,  0.10698,  0.00233,  0.06077,  0.12058,  0.42097,  0.17119,  0.57602
1477, 516,  0.10711, -0.00546,  0.06461,  0.23884,  0.42097,  0.24749,  0.57602
1478, 518,  0.10711, -0.0083,  0.06087,  0.23747,  0.39609,  0.24749,  0.55563
1479, 517,  0.10698,  0.00233,  0.06077,  0.12058,  0.42097,  0.17119,  0.57602
1480, 518,  0.10711, -0.0083,  0.06087,  0.23747,  0.39609,  0.24749,  0.55563
1481, 519,  0.1071, -0.00149,  0.05671,  0.11921,  0.39609,  0.17119,  0.55563
1482, 519,  0.1071, -0.00149,  0.05671,  0.11921,  0.39609,  0.17119,  0.55563
1483, 518,  0.10711, -0.0083,  0.06087,  0.23747,  0.39609,  0.24749,  0.55563
1484, 520,  0.10682, -0.01162,  0.05745,  0.23655,  0.36611,  0.24749,  0.52994
1485, 519,  0.1071, -0.00149,  0.05671,  0.11921,  0.39609,  0.17119,  0.55563
1486, 520,  0.10682, -0.01162,  0.05745,  0.23655,  0.36611,  0.24749,  0.52994
1487, 521,  0.10666, -0.00572,  0.0534,  0.11829,  0.36611,  0.17119,  0.52994
1488, 520,  0.10682, -0.01162,  0.05745,  0.23655,  0.36611,  0.24749,  0.52994
1489, 522,  0.10567, -0.01073,  0.05066,  0.11921,  0.32834,  0.17119,  0.49907
1490, 521,  0.10666, -0.00572,  0.0534,  0.11829,  0.36611,  0.17119,  0.52994
1491, 520,  0.10682, -0.01162,  0.05745,  0.23655,  0.36611,  0.24749,  0.52994
1492, 523,  0.10624, -0.01535,  0.05442,  0.23747,  0.32834,  0.24749,  0.49907
1493, 522,  0.10567, -0.01073,  0.05066,  0.11921,  0.32834,  0.17119,  0.49907
1494, 524,  0.10428, -0.01633,  0.04822,  0.12058,  0.261,  0.17119,  0.44394
1495, 522,  0.10567, -0.01073,  0.05066,  0.11921,  0.32834,  0.17119,  0.49907
1496, 523,  0.10624, -0.01535,  0.05442,  0.23747,  0.32834,  0.24749,  0.49907
1497, 524,  0.10428, -0.01633,  0.04822,  0.12058,  0.261,  0.17119,  0.44394
1498, 523,  0.10624, -0.01535,  0.05442,  0.23747,  0.32834,  0.24749,  0.49907
1499, 525,  0.10522, -0.01957,  0.05165,  0.23884,  0.261,  0.24749,  0.44394
1500, 525,  0.10522, -0.01957,  0.05165,  0.23884,  0.261,  0.24749,  0.44394
1501, 526,  0.10266, -0.02235,  0.0458,  0.12104,  0.14229,  0.17119,  0.34549
1502, 524,  0.10428, -0.01633,  0.04822,  0.12058,  0.261,  0.17119,  0.44394
1503, 525,  0.10522, -0.01957,  0.05165,  0.23884,  0.261,  0.24749,  0.44394
1504, 527,  0.10365, -0.02439,  0.04902,  0.2393,  0.14229,  0.24749,  0.34549
1505, 526,  0.10266, -0.02235,  0.0458,  0.12104,  0.14229,  0.17119,  0.34549
1506, 528,  0.10174, -0.0295,  0.04645,  0.2393, -0.0021,  0.24749,  0.22536
1507, 526,  0.10266, -0.02235,  0.0458,  0.12104,  0.14229,  0.17119,  0.34549
1508, 527,  0.10365, -0.02439,  0.04902,  0.2393,  0.14229,  0.24749,  0.34549
1509, 528,  0.10174, -0.0295,  0.04645,  0.2393, -0.0021,  0.24749,  0.22536
1510, 529,  0.10086, -0.02856,  0.04338,  0.12104, -0.0021,  0.17119,  0.22536
1511, 526,  0.10266, -0.02235,  0.0458,  0.12104,  0.14229,  0.17119,  0.34549
1512, 530,  0.1063,  0.0091,  0.07237,  0.15832,  0.43043,  0.13209,  0.57096
1513, 531,  0.10194,  0.01912,  0.07073,  0.276,  0.43043,  0.05579,  0.57096
1514, 532,  0.10033,  0.0213,  0.07628,  0.276,  0.45161,  0.05579,  0.60175
1515, 530,  0.1063,  0.0091,  0.07237,  0.15832,  0.43043,  0.13209,  0.57096
1516, 532,  0.10033,  0.0213,  0.07628,  0.276,  0.45161,  0.05579,  0.60175
1517, 533,  0.10549,  0.0097,  0.07732,  0.15832,  0.45161,  0.13209,  0.60175
1518, 533,  0.10549,  0.0097,  0.07732,  0.15832,  0.45161,  0.13209,  0.60175
1519, 532,  0.10033,  0.0213,  0.07628,  0.276,  0.45161,  0.05579,  0.60175
1520, 534,  0.0987,  0.02265,  0.08192,  0.276,  0.47939,  0.05579,  0.63072
1521, 533,  0.10549,  0.0097,  0.07732,  0.15832,  0.45161,  0.13209,  0.60175
1522, 534,  0.0987,  0.02265,  0.08192,  0.276,  0.47939,  0.05579,  0.63072
1523, 535,  0.10446,  0.00992,  0.08252,  0.15832,  0.47939,  0.13209,  0.63072
1524, 536,  0.10688,  0.00792,  0.06775,  0.15832,  0.41038,  0.13209,  0.53447
1525, 531,  0.10194,  0.01912,  0.07073,  0.276,  0.43043,  0.05579,  0.57096
1526, 530,  0.1063,  0.0091,  0.07237,  0.15832,  0.43043,  0.13209,  0.57096
1527, 536,  0.10688,  0.00792,  0.06775,  0.15832,  0.41038,  0.13209,  0.53447
1528, 537,  0.10337,  0.01631,  0.06534,  0.276,  0.41038,  0.05579,  0.53447
1529, 531,  0.10194,  0.01912,  0.07073,  0.276,  0.43043,  0.05579,  0.57096
1530, 538,  0.10738,  0.00611,  0.06348,  0.15832,  0.38492,  0.13209,  0.49466
1531, 537,  0.10337,  0.01631,  0.06534,  0.276,  0.41038,  0.05579,  0.53447
1532, 536,  0.10688,  0.00792,  0.06775,  0.15832,  0.41038,  0.13209,  0.53447
1533, 538,  0.10738,  0.00611,  0.06348,  0.15832,  0.38492,  0.13209,  0.49466
1534, 539,  0.10475,  0.01298,  0.06044,  0.276,  0.38492,  0.05579,  0.49466
1535, 537,  0.10337,  0.01631,  0.06534,  0.276,  0.41038,  0.05579,  0.53447
1536, 540,  0.10769,  0.00361,  0.05949,  0.15832,  0.34753,  0.13209,  0.45393
1537, 539,  0.10475,  0.01298,  0.06044,  0.276,  0.38492,  0.05579,  0.49466
1538, 538,  0.10738,  0.00611,  0.06348,  0.15832,  0.38492,  0.13209,  0.49466
1539, 540,  0.10769,  0.00361,  0.05949,  0.15832,  0.34753,  0.13209,  0.45393
1540, 541,  0.10581,  0.00919,  0.05625,  0.276,  0.34753,  0.05579,  0.45393
1541, 539,  0.10475,  0.01298,  0.06044,  0.276,  0.38492,  0.05579,  0.49466
1542, 542,  0.10797,  0.00044,  0.05596,  0.15786,  0.30471,  0.13209,  0.41418
1543, 541,  0.10581,  0.00919,  0.05625,  0.276,  0.34753,  0.05579,  0.45393
1544, 540,  0.10769,  0.00361,  0.05949,  0.15832,  0.34753,  0.13209,  0.45393
1545, 542,  0.10797,  0.00044,  0.05596,  0.15786,  0.30471,  0.13209,  0.41418
1546, 543,  0.1067,  0.00488,  0.05278,  0.27554,  0.30471,  0.05579,  0.41418
1547, 541,  0.10581,  0.00919,  0.05625,  0.276,  0.34753,  0.05579,  0.45393
1548, 542,  0.10797,  0.00044,  0.05596,  0.15786,  0.30471,  0.13209,  0.41418
1549, 544,  0.10716,  0.00011,  0.05003,  0.27417,  0.26297,  0.05579,  0.37734
1550, 543,  0.1067,  0.00488,  0.05278,  0.27554,  0.30471,  0.05579,  0.41418
1551, 542,  0.10797,  0.00044,  0.05596,  0.15786,  0.30471,  0.13209,  0.41418
1552, 545,  0.10794, -0.00324,  0.05305,  0.15649,  0.26297,  0.13209,  0.37734
1553, 544,  0.10716,  0.00011,  0.05003,  0.27417,  0.26297,  0.05579,  0.37734
1554, 546,  0.10721, -0.00489,  0.04811,  0.27325,  0.21928,  0.05579,  0.34009
1555, 544,  0.10716,  0.00011,  0.05003,  0.27417,  0.26297,  0.05579,  0.37734
1556, 545,  0.10794, -0.00324,  0.05305,  0.15649,  0.26297,  0.13209,  0.37734
1557, 546,  0.10721, -0.00489,  0.04811,  0.27325,  0.21928,  0.05579,  0.34009
1558, 545,  0.10794, -0.00324,  0.05305,  0.15649,  0.26297,  0.13209,  0.37734
1559, 547,  0.10768, -0.00728,  0.05089,  0.15558,  0.21928,  0.13209,  0.34009
1560, 548,  0.10721, -0.01149,  0.04961,  0.15649,  0.17062,  0.13209,  0.29912
1561, 546,  0.10721, -0.00489,  0.04811,  0.27325,  0.21928,  0.05579,  0.34009
1562, 547,  0.10768, -0.00728,  0.05089,  0.15558,  0.21928,  0.13209,  0.34009
1563, 548,  0.10721, -0.01149,  0.04961,  0.15649,  0.17062,  0.13209,  0.29912
1564, 549,  0.10687, -0.00988,  0.04716,  0.27417,  0.17062,  0.05579,  0.29912
1565, 546,  0.10721, -0.00489,  0.04811,  0.27325,  0.21928,  0.05579,  0.34009
1566, 550,  0.10666, -0.01587,  0.04906,  0.15786,  0.11684,  0.13209,  0.25186
1567, 549,  0.10687, -0.00988,  0.04716,  0.27417,  0.17062,  0.05579,  0.29912
1568, 548,  0.10721, -0.01149,  0.04961,  0.15649,  0.17062,  0.13209,  0.29912
1569, 550,  0.10666, -0.01587,  0.04906,  0.15786,  0.11684,  0.13209,  0.25186
1570, 551,  0.1063, -0.01491,  0.04693,  0.27554,  0.11684,  0.05579,  0.25186
1571, 549,  0.10687, -0.00988,  0.04716,  0.27417,  0.17062,  0.05579,  0.29912
1572, 552,  0.10599, -0.02035,  0.04908,  0.15832,  0.05781,  0.13209,  0.19573
1573, 551,  0.1063, -0.01491,  0.04693,  0.27554,  0.11684,  0.05579,  0.25186
1574, 550,  0.10666, -0.01587,  0.04906,  0.15786,  0.11684,  0.13209,  0.25186
1575, 552,  0.10599, -0.02035,  0.04908,  0.15832,  0.05781,  0.13209,  0.19573
1576, 553,  0.10553, -0.01997,  0.04722,  0.276,  0.05781,  0.05579,  0.19573
1577, 551,  0.1063, -0.01491,  0.04693,  0.27554,  0.11684,  0.05579,  0.25186
1578, 554,  0.10533, -0.02492,  0.04937,  0.15832, -0.00385,  0.13209,  0.13518
1579, 553,  0.10553, -0.01997,  0.04722,  0.276,  0.05781,  0.05579,  0.19573
1580, 552,  0.10599, -0.02035,  0.04908,  0.15832,  0.05781,  0.13209,  0.19573
1581, 554,  0.10533, -0.02492,  0.04937,  0.15832, -0.00385,  0.13209,  0.13518
1582, 555,  0.10472, -0.02507,  0.04774,  0.276, -0.00385,  0.05579,  0.13518
1583, 553,  0.10553, -0.01997,  0.04722,  0.276,  0.05781,  0.05579,  0.19573
1584, 556,  0.09305,  0.00803,  0.10697,  0.15832,  0.64815,  0.13209,  0.75364
1585, 557,  0.09755,  0.00905,  0.10031,  0.15832,  0.6107,  0.13209,  0.72214
1586, 558,  0.09232,  0.02043,  0.09967,  0.276,  0.6107,  0.05579,  0.72214
1587, 556,  0.09305,  0.00803,  0.10697,  0.15832,  0.64815,  0.13209,  0.75364
1588, 558,  0.09232,  0.02043,  0.09967,  0.276,  0.6107,  0.05579,  0.72214
1589, 559,  0.0886,  0.01778,  0.10626,  0.276,  0.64815,  0.05579,  0.75364
1590, 560,  0.10095,  0.00974,  0.09365,  0.15832,  0.5651,  0.13209,  0.69291
1591, 558,  0.09232,  0.02043,  0.09967,  0.276,  0.6107,  0.05579,  0.72214
1592, 557,  0.09755,  0.00905,  0.10031,  0.15832,  0.6107,  0.13209,  0.72214
1593, 560,  0.10095,  0.00974,  0.09365,  0.15832,  0.5651,  0.13209,  0.69291
1594, 561,  0.09497,  0.02221,  0.09334,  0.276,  0.5651,  0.05579,  0.69291
1595, 558,  0.09232,  0.02043,  0.09967,  0.276,  0.6107,  0.05579,  0.72214
1596, 556,  0.09305,  0.00803,  0.10697,  0.15832,  0.64815,  0.13209,  0.75364
1597, 559,  0.0886,  0.01778,  0.10626,  0.276,  0.64815,  0.05579,  0.75364
1598, 562,  0.08329,  0.01445,  0.11287,  0.276,  0.66953,  0.05579,  0.79157
1599, 556,  0.09305,  0.00803,  0.10697,  0.15832,  0.64815,  0.13209,  0.75364
1600, 562,  0.08329,  0.01445,  0.11287,  0.276,  0.66953,  0.05579,  0.79157
1601, 563,  0.08755,  0.0068,  0.11279,  0.15832,  0.66953,  0.13209,  0.79157
1602, 563,  0.08755,  0.0068,  0.11279,  0.15832,  0.66953,  0.13209,  0.79157
1603, 562,  0.08329,  0.01445,  0.11287,  0.276,  0.66953,  0.05579,  0.79157
1604, 564,  0.07685,  0.01104,  0.11874,  0.276,  0.6847,  0.05579,  0.83465
1605, 563,  0.08755,  0.0068,  0.11279,  0.15832,  0.66953,  0.13209,  0.79157
1606, 564,  0.07685,  0.01104,  0.11874,  0.276,  0.6847,  0.05579,  0.83465
1607, 565,  0.08073,  0.00505,  0.11795,  0.15832,  0.6847,  0.13209,  0.83465
1608, 564,  0.07685,  0.01104,  0.11874,  0.276,  0.6847,  0.05579,  0.83465
1609, 566,  0.07227,  0.00247,  0.12264,  0.15832,  0.70355,  0.13209,  0.88161
1610, 565,  0.08073,  0.00505,  0.11795,  0.15832,  0.6847,  0.13209,  0.83465
1611, 564,  0.07685,  0.01104,  0.11874,  0.276,  0.6847,  0.05579,  0.83465
1612, 567,  0.06976,  0.00818,  0.12312,  0.276,  0.70355,  0.05579,  0.88161
1613, 566,  0.07227,  0.00247,  0.12264,  0.15832,  0.70355,  0.13209,  0.88161
1614, 568,  0.063, -0.00052,  0.12711,  0.15832,  0.72423,  0.13209,  0.93051
1615, 566,  0.07227,  0.00247,  0.12264,  0.15832,  0.70355,  0.13209,  0.88161
1616, 567,  0.06976,  0.00818,  0.12312,  0.276,  0.70355,  0.05579,  0.88161
1617, 568,  0.063, -0.00052,  0.12711,  0.15832,  0.72423,  0.13209,  0.93051
1618, 567,  0.06976,  0.00818,  0.12312,  0.276,  0.70355,  0.05579,  0.88161
1619, 569,  0.06234,  0.0056,  0.12677,  0.276,  0.72423,  0.05579,  0.93051
1620, 560,  0.10095,  0.00974,  0.09365,  0.15832,  0.5651,  0.13209,  0.69291
1621, 570,  0.09707,  0.02296,  0.08754,  0.276,  0.51928,  0.05579,  0.66177
1622, 561,  0.09497,  0.02221,  0.09334,  0.276,  0.5651,  0.05579,  0.69291
1623, 560,  0.10095,  0.00974,  0.09365,  0.15832,  0.5651,  0.13209,  0.69291
1624, 571,  0.10315,  0.00999,  0.08785,  0.15832,  0.51928,  0.13209,  0.66177
1625, 570,  0.09707,  0.02296,  0.08754,  0.276,  0.51928,  0.05579,  0.66177
1626, 534,  0.0987,  0.02265,  0.08192,  0.276,  0.47939,  0.05579,  0.63072
1627, 570,  0.09707,  0.02296,  0.08754,  0.276,  0.51928,  0.05579,  0.66177
1628, 571,  0.10315,  0.00999,  0.08785,  0.15832,  0.51928,  0.13209,  0.66177
1629, 534,  0.0987,  0.02265,  0.08192,  0.276,  0.47939,  0.05579,  0.63072
1630, 571,  0.10315,  0.00999,  0.08785,  0.15832,  0.51928,  0.13209,  0.66177
1631, 535,  0.10446,  0.00992,  0.08252,  0.15832,  0.47939,  0.13209,  0.63072
1632, 572,  0.09339,  0.03101,  0.083,  0.48635,  0.44913,  0.17179,  0.56639
1633, 573,  0.09977,  0.02176,  0.08329,  0.34522,  0.44913,  0.24809,  0.56639
1634, 574,  0.10188,  0.02122,  0.0774,  0.34522,  0.41335,  0.24809,  0.53798
1635, 572,  0.09339,  0.03101,  0.083,  0.48635,  0.44913,  0.17179,  0.56639
1636, 574,  0.10188,  0.02122,  0.0774,  0.34522,  0.41335,  0.24809,  0.53798
1637, 575,  0.09601,  0.02991,  0.07688,  0.48635,  0.41335,  0.17179,  0.53798
1638, 575,  0.09601,  0.02991,  0.07688,  0.48635,  0.41335,  0.17179,  0.53798
1639, 574,  0.10188,  0.02122,  0.0774,  0.34522,  0.41335,  0.24809,  0.53798
1640, 576,  0.10376,  0.02023,  0.07161,  0.34522,  0.38573,  0.24809,  0.51291
1641, 575,  0.09601,  0.02991,  0.07688,  0.48635,  0.41335,  0.17179,  0.53798
1642, 576,  0.10376,  0.02023,  0.07161,  0.34522,  0.38573,  0.24809,  0.51291
1643, 577,  0.0987,  0.02798,  0.07078,  0.48635,  0.38573,  0.17179,  0.51291
1644, 578,  0.09176,  0.03088,  0.08837,  0.48635,  0.51007,  0.17179,  0.59677
1645, 573,  0.09977,  0.02176,  0.08329,  0.34522,  0.44913,  0.24809,  0.56639
1646, 572,  0.09339,  0.03101,  0.083,  0.48635,  0.44913,  0.17179,  0.56639
1647, 578,  0.09176,  0.03088,  0.08837,  0.48635,  0.51007,  0.17179,  0.59677
1648, 579,  0.09808,  0.02168,  0.08856,  0.34522,  0.51007,  0.24809,  0.59677
1649, 573,  0.09977,  0.02176,  0.08329,  0.34522,  0.44913,  0.24809,  0.56639
1650, 580,  0.09046,  0.02966,  0.09376,  0.48635,  0.57449,  0.17179,  0.62565
1651, 579,  0.09808,  0.02168,  0.08856,  0.34522,  0.51007,  0.24809,  0.59677
1652, 578,  0.09176,  0.03088,  0.08837,  0.48635,  0.51007,  0.17179,  0.59677
1653, 580,  0.09046,  0.02966,  0.09376,  0.48635,  0.57449,  0.17179,  0.62565
1654, 581,  0.0964,  0.0206,  0.0939,  0.34522,  0.57449,  0.24809,  0.62565
1655, 579,  0.09808,  0.02168,  0.08856,  0.34522,  0.51007,  0.24809,  0.59677
1656, 582,  0.08883,  0.02746,  0.09993,  0.48635,  0.62068,  0.17179,  0.64955
1657, 581,  0.0964,  0.0206,  0.0939,  0.34522,  0.57449,  0.24809,  0.62565
1658, 580,  0.09046,  0.02966,  0.09376,  0.48635,  0.57449,  0.17179,  0.62565
1659, 582,  0.08883,  0.02746,  0.09993,  0.48635,  0.62068,  0.17179,  0.64955
1660, 583,  0.09433,  0.01816,  0.09999,  0.34522,  0.62068,  0.24809,  0.64955
1661, 581,  0.0964,  0.0206,  0.0939,  0.34522,  0.57449,  0.24809,  0.62565
1662, 584,  0.08655,  0.02435,  0.10617,  0.48635,  0.65558,  0.17179,  0.67047
1663, 583,  0.09433,  0.01816,  0.09999,  0.34522,  0.62068,  0.24809,  0.64955
1664, 582,  0.08883,  0.02746,  0.09993,  0.48635,  0.62068,  0.17179,  0.64955
1665, 584,  0.08655,  0.02435,  0.10617,  0.48635,  0.65558,  0.17179,  0.67047
1666, 585,  0.09145,  0.01498,  0.10621,  0.34522,  0.65558,  0.24809,  0.67047
1667, 583,  0.09433,  0.01816,  0.09999,  0.34522,  0.62068,  0.24809,  0.64955
1668, 577,  0.0987,  0.02798,  0.07078,  0.48635,  0.38573,  0.17179,  0.51291
1669, 576,  0.10376,  0.02023,  0.07161,  0.34522,  0.38573,  0.24809,  0.51291
1670, 586,  0.10476,  0.01899,  0.06664,  0.34522,  0.34929,  0.24809,  0.49254
1671, 577,  0.0987,  0.02798,  0.07078,  0.48635,  0.38573,  0.17179,  0.51291
1672, 586,  0.10476,  0.01899,  0.06664,  0.34522,  0.34929,  0.24809,  0.49254
1673, 587,  0.10059,  0.02561,  0.06548,  0.48635,  0.34929,  0.17179,  0.49254
1674, 587,  0.10059,  0.02561,  0.06548,  0.48635,  0.34929,  0.17179,  0.49254
1675, 586,  0.10476,  0.01899,  0.06664,  0.34522,  0.34929,  0.24809,  0.49254
1676, 588,  0.10538,  0.01729,  0.06233,  0.34522,  0.30869,  0.24809,  0.47095
1677, 587,  0.10059,  0.02561,  0.06548,  0.48635,  0.34929,  0.17179,  0.49254
1678, 588,  0.10538,  0.01729,  0.06233,  0.34522,  0.30869,  0.24809,  0.47095
1679, 589,  0.1019,  0.02271,  0.06092,  0.48635,  0.30869,  0.17179,  0.47095
1680, 589,  0.1019,  0.02271,  0.06092,  0.48635,  0.30869,  0.17179,  0.47095
1681, 588,  0.10538,  0.01729,  0.06233,  0.34522,  0.30869,  0.24809,  0.47095
1682, 590,  0.10611,  0.01493,  0.05858,  0.34522,  0.26859,  0.24809,  0.44221
1683, 589,  0.1019,  0.02271,  0.06092,  0.48635,  0.30869,  0.17179,  0.47095
1684, 590,  0.10611,  0.01493,  0.05858,  0.34522,  0.26859,  0.24809,  0.44221
1685, 591,  0.10288,  0.01921,  0.05701,  0.48635,  0.26859,  0.17179,  0.44221
1686, 591,  0.10288,  0.01921,  0.05701,  0.48635,  0.26859,  0.17179,  0.44221
1687, 590,  0.10611,  0.01493,  0.05858,  0.34522,  0.26859,  0.24809,  0.44221
1688, 592,  0.1068,  0.01192,  0.05515,  0.34522,  0.22885,  0.24809,  0.41103
1689, 591,  0.10288,  0.01921,  0.05701,  0.48635,  0.26859,  0.17179,  0.44221
1690, 592,  0.1068,  0.01192,  0.05515,  0.34522,  0.22885,  0.24809,  0.41103
1691, 593,  0.10367,  0.01527,  0.05353,  0.48635,  0.22885,  0.17179,  0.41103
1692, 594,  0.08331,  0.0204,  0.11174,  0.48635,  0.68613,  0.17179,  0.6904
1693, 585,  0.09145,  0.01498,  0.10621,  0.34522,  0.65558,  0.24809,  0.67047
1694, 584,  0.08655,  0.02435,  0.10617,  0.48635,  0.65558,  0.17179,  0.67047
1695, 594,  0.08331,  0.0204,  0.11174,  0.48635,  0.68613,  0.17179,  0.6904
1696, 595,  0.08739,  0.01167,  0.11192,  0.34522,  0.68613,  0.24809,  0.6904
1697, 585,  0.09145,  0.01498,  0.10621,  0.34522,  0.65558,  0.24809,  0.67047
1698, 596,  0.07958,  0.01649,  0.11639,  0.48635,  0.71287,  0.17179,  0.71268
1699, 595,  0.08739,  0.01167,  0.11192,  0.34522,  0.68613,  0.24809,  0.6904
1700, 594,  0.08331,  0.0204,  0.11174,  0.48635,  0.68613,  0.17179,  0.6904
1701, 596,  0.07958,  0.01649,  0.11639,  0.48635,  0.71287,  0.17179,  0.71268
1702, 597,  0.08276,  0.00852,  0.11669,  0.34522,  0.71287,  0.24809,  0.71268
1703, 595,  0.08739,  0.01167,  0.11192,  0.34522,  0.68613,  0.24809,  0.6904
1704, 598,  0.07586,  0.01348,  0.11986,  0.48635,  0.73634,  0.17179,  0.74065
1705, 597,  0.08276,  0.00852,  0.11669,  0.34522,  0.71287,  0.24809,  0.71268
1706, 596,  0.07958,  0.01649,  0.11639,  0.48635,  0.71287,  0.17179,  0.71268
1707, 598,  0.07586,  0.01348,  0.11986,  0.48635,  0.73634,  0.17179,  0.74065
1708, 599,  0.07819,  0.00583,  0.12009,  0.34522,  0.73634,  0.24809,  0.74065
1709, 597,  0.08276,  0.00852,  0.11669,  0.34522,  0.71287,  0.24809,  0.71268
1710, 600,  0.07186,  0.01091,  0.12254,  0.48635,  0.75896,  0.17179,  0.77257
1711, 599,  0.07819,  0.00583,  0.12009,  0.34522,  0.73634,  0.24809,  0.74065
1712, 598,  0.07586,  0.01348,  0.11986,  0.48635,  0.73634,  0.17179,  0.74065
1713, 600,  0.07186,  0.01091,  0.12254,  0.48635,  0.75896,  0.17179,  0.77257
1714, 601,  0.07345,  0.00342,  0.12267,  0.34522,  0.75896,  0.24809,  0.77257
1715, 599,  0.07819,  0.00583,  0.12009,  0.34522,  0.73634,  0.24809,  0.74065
1716, 602,  0.06729,  0.00833,  0.1248,  0.48635,  0.78313,  0.17179,  0.80667
1717, 601,  0.07345,  0.00342,  0.12267,  0.34522,  0.75896,  0.24809,  0.77257
1718, 600,  0.07186,  0.01091,  0.12254,  0.48635,  0.75896,  0.17179,  0.77257
1719, 602,  0.06729,  0.00833,  0.1248,  0.48635,  0.78313,  0.17179,  0.80667
1720, 603,  0.0683,  0.00111,  0.125,  0.34522,  0.78313,  0.24809,  0.80667
1721, 601,  0.07345,  0.00342,  0.12267,  0.34522,  0.75896,  0.24809,  0.77257
1722, 604,  0.06243,  0.00575,  0.12685,  0.48635,  0.80807,  0.17179,  0.84187
1723, 603,  0.0683,  0.00111,  0.125,  0.34522,  0.78313,  0.24809,  0.80667
1724, 602,  0.06729,  0.00833,  0.1248,  0.48635,  0.78313,  0.17179,  0.80667
1725, 604,  0.06243,  0.00575,  0.12685,  0.48635,  0.80807,  0.17179,  0.84187
1726, 605,  0.06295, -0.00114,  0.12722,  0.34522,  0.80807,  0.24809,  0.84187
1727, 603,  0.0683,  0.00111,  0.125,  0.34522,  0.78313,  0.24809,  0.80667
1728, 592,  0.1068,  0.01192,  0.05515,  0.34522,  0.22885,  0.24809,  0.41103
1729, 606,  0.1044,  0.011,  0.05025,  0.48635,  0.1893,  0.17179,  0.38212
1730, 593,  0.10367,  0.01527,  0.05353,  0.48635,  0.22885,  0.17179,  0.41103
1731, 592,  0.1068,  0.01192,  0.05515,  0.34522,  0.22885,  0.24809,  0.41103
1732, 607,  0.10732,  0.00826,  0.05184,  0.34522,  0.1893,  0.24809,  0.38212
1733, 606,  0.1044,  0.011,  0.05025,  0.48635,  0.1893,  0.17179,  0.38212
1734, 608,  0.10772,  0.0043,  0.04876,  0.34522,  0.14149,  0.24809,  0.35461
1735, 606,  0.1044,  0.011,  0.05025,  0.48635,  0.1893,  0.17179,  0.38212
1736, 607,  0.10732,  0.00826,  0.05184,  0.34522,  0.1893,  0.24809,  0.38212
1737, 608,  0.10772,  0.0043,  0.04876,  0.34522,  0.14149,  0.24809,  0.35461
1738, 609,  0.1051,  0.00652,  0.04724,  0.48635,  0.14149,  0.17179,  0.35461
1739, 606,  0.1044,  0.011,  0.05025,  0.48635,  0.1893,  0.17179,  0.38212
1740, 608,  0.10772,  0.0043,  0.04876,  0.34522,  0.14149,  0.24809,  0.35461
1741, 610,  0.10577,  0.00191,  0.04457,  0.48635,  0.07696,  0.17179,  0.32761
1742, 609,  0.1051,  0.00652,  0.04724,  0.48635,  0.14149,  0.17179,  0.35461
1743, 608,  0.10772,  0.0043,  0.04876,  0.34522,  0.14149,  0.24809,  0.35461
1744, 611,  0.10802,  0.00039,  0.04601,  0.34522,  0.07696,  0.24809,  0.32761
1745, 610,  0.10577,  0.00191,  0.04457,  0.48635,  0.07696,  0.17179,  0.32761
1746, 612,  0.10828, -0.00349,  0.04342,  0.34522,  0.00408,  0.24809,  0.30088
1747, 610,  0.10577,  0.00191,  0.04457,  0.48635,  0.07696,  0.17179,  0.32761
1748, 611,  0.10802,  0.00039,  0.04601,  0.34522,  0.07696,  0.24809,  0.32761
1749, 612,  0.10828, -0.00349,  0.04342,  0.34522,  0.00408,  0.24809,  0.30088
1750, 613,  0.10642, -0.00277,  0.04207,  0.48635,  0.00408,  0.17179,  0.30088
1751, 610,  0.10577,  0.00191,  0.04457,  0.48635,  0.07696,  0.17179,  0.32761
1752, 614,  0.10732,  0.01041,  0.07315,  0.18132,  0.37135,  0.31082,  0.49889
1753, 615,  0.10532,  0.01945,  0.07165,  0.28578,  0.37135,  0.23452,  0.49889
1754, 616,  0.10361,  0.02152,  0.07775,  0.28578,  0.41478,  0.23452,  0.5272
1755, 614,  0.10732,  0.01041,  0.07315,  0.18132,  0.37135,  0.31082,  0.49889
1756, 616,  0.10361,  0.02152,  0.07775,  0.28578,  0.41478,  0.23452,  0.5272
1757, 617,  0.10643,  0.01088,  0.07871,  0.18132,  0.41478,  0.31082,  0.5272
1758, 617,  0.10643,  0.01088,  0.07871,  0.18132,  0.41478,  0.31082,  0.5272
1759, 616,  0.10361,  0.02152,  0.07775,  0.28578,  0.41478,  0.23452,  0.5272
1760, 618,  0.10183,  0.02271,  0.08404,  0.28578,  0.4552,  0.23452,  0.55527
1761, 617,  0.10643,  0.01088,  0.07871,  0.18132,  0.41478,  0.31082,  0.5272
1762, 618,  0.10183,  0.02271,  0.08404,  0.28578,  0.4552,  0.23452,  0.55527
1763, 619,  0.10514,  0.01084,  0.08444,  0.18132,  0.4552,  0.31082,  0.55527
1764, 619,  0.10514,  0.01084,  0.08444,  0.18132,  0.4552,  0.31082,  0.55527
1765, 618,  0.10183,  0.02271,  0.08404,  0.28578,  0.4552,  0.23452,  0.55527
1766, 620,  0.10018,  0.0229,  0.09058,  0.28578,  0.50093,  0.23452,  0.58762
1767, 619,  0.10514,  0.01084,  0.08444,  0.18132,  0.4552,  0.31082,  0.55527
1768, 620,  0.10018,  0.0229,  0.09058,  0.28578,  0.50093,  0.23452,  0.58762
1769, 621,  0.10329,  0.01044,  0.09047,  0.18132,  0.50093,  0.31082,  0.58762
1770, 621,  0.10329,  0.01044,  0.09047,  0.18132,  0.50093,  0.31082,  0.58762
1771, 620,  0.10018,  0.0229,  0.09058,  0.28578,  0.50093,  0.23452,  0.58762
1772, 622,  0.09829,  0.02213,  0.097,  0.28578,  0.55067,  0.23452,  0.62296
1773, 621,  0.10329,  0.01044,  0.09047,  0.18132,  0.50093,  0.31082,  0.58762
1774, 622,  0.09829,  0.02213,  0.097,  0.28578,  0.55067,  0.23452,  0.62296
1775, 623,  0.10092,  0.00969,  0.09646,  0.18132,  0.55067,  0.31082,  0.62296
1776, 623,  0.10092,  0.00969,  0.09646,  0.18132,  0.55067,  0.31082,  0.62296
1777, 622,  0.09829,  0.02213,  0.097,  0.28578,  0.55067,  0.23452,  0.62296
1778, 624,  0.09624,  0.02051,  0.10304,  0.28578,  0.60308,  0.23452,  0.65999
1779, 623,  0.10092,  0.00969,  0.09646,  0.18132,  0.55067,  0.31082,  0.62296
1780, 624,  0.09624,  0.02051,  0.10304,  0.28578,  0.60308,  0.23452,  0.65999
1781, 625,  0.09837,  0.00862,  0.10211,  0.18132,  0.60308,  0.31082,  0.65999
1782, 625,  0.09837,  0.00862,  0.10211,  0.18132,  0.60308,  0.31082,  0.65999
1783, 624,  0.09624,  0.02051,  0.10304,  0.28578,  0.60308,  0.23452,  0.65999
1784, 626,  0.09346,  0.01826,  0.10856,  0.28578,  0.65342,  0.23452,  0.69614
1785, 625,  0.09837,  0.00862,  0.10211,  0.18132,  0.60308,  0.31082,  0.65999
1786, 626,  0.09346,  0.01826,  0.10856,  0.28578,  0.65342,  0.23452,  0.69614
1787, 627,  0.0948,  0.00732,  0.10769,  0.18132,  0.65342,  0.31082,  0.69614
1788, 628,  0.10785,  0.00928,  0.06762,  0.18132,  0.31659,  0.31082,  0.46585
1789, 615,  0.10532,  0.01945,  0.07165,  0.28578,  0.37135,  0.23452,  0.49889
1790, 614,  0.10732,  0.01041,  0.07315,  0.18132,  0.37135,  0.31082,  0.49889
1791, 628,  0.10785,  0.00928,  0.06762,  0.18132,  0.31659,  0.31082,  0.46585
1792, 629,  0.10665,  0.01658,  0.06561,  0.28578,  0.31659,  0.23452,  0.46585
1793, 615,  0.10532,  0.01945,  0.07165,  0.28578,  0.37135,  0.23452,  0.49889
1794, 630,  0.10835,  0.00743,  0.06247,  0.18132,  0.25914,  0.31082,  0.42684
1795, 629,  0.10665,  0.01658,  0.06561,  0.28578,  0.31659,  0.23452,  0.46585
1796, 628,  0.10785,  0.00928,  0.06762,  0.18132,  0.31659,  0.31082,  0.46585
1797, 630,  0.10835,  0.00743,  0.06247,  0.18132,  0.25914,  0.31082,  0.42684
1798, 631,  0.10789,  0.01304,  0.06004,  0.28578,  0.25914,  0.23452,  0.42684
1799, 629,  0.10665,  0.01658,  0.06561,  0.28578,  0.31659,  0.23452,  0.46585
1800, 632,  0.10878,  0.00477,  0.05803,  0.18132,  0.20764,  0.31082,  0.38062
1801, 631,  0.10789,  0.01304,  0.06004,  0.28578,  0.25914,  0.23452,  0.42684
1802, 630,  0.10835,  0.00743,  0.06247,  0.18132,  0.25914,  0.31082,  0.42684
1803, 632,  0.10878,  0.00477,  0.05803,  0.18132,  0.20764,  0.31082,  0.38062
1804, 633,  0.10888,  0.00888,  0.05523,  0.28578,  0.20764,  0.23452,  0.38062
1805, 631,  0.10789,  0.01304,  0.06004,  0.28578,  0.25914,  0.23452,  0.42684
1806, 634,  0.10899,  0.00124,  0.05429,  0.18132,  0.15109,  0.31082,  0.33244
1807, 633,  0.10888,  0.00888,  0.05523,  0.28578,  0.20764,  0.23452,  0.38062
1808, 632,  0.10878,  0.00477,  0.05803,  0.18132,  0.20764,  0.31082,  0.38062
1809, 634,  0.10899,  0.00124,  0.05429,  0.18132,  0.15109,  0.31082,  0.33244
1810, 635,  0.10937,  0.00415,  0.05135,  0.28578,  0.15109,  0.23452,  0.33244
1811, 633,  0.10888,  0.00888,  0.05523,  0.28578,  0.20764,  0.23452,  0.38062
1812, 636,  0.10844, -0.00314,  0.05126,  0.18132,  0.0785,  0.31082,  0.28753
1813, 635,  0.10937,  0.00415,  0.05135,  0.28578,  0.15109,  0.23452,  0.33244
1814, 634,  0.10899,  0.00124,  0.05429,  0.18132,  0.15109,  0.31082,  0.33244
1815, 636,  0.10844, -0.00314,  0.05126,  0.18132,  0.0785,  0.31082,  0.28753
1816, 637,  0.10873, -0.00103,  0.04852,  0.28578,  0.0785,  0.23452,  0.28753
1817, 635,  0.10937,  0.00415,  0.05135,  0.28578,  0.15109,  0.23452,  0.33244
1818, 638,  0.10751, -0.00795,  0.04858,  0.18132, -0.0021,  0.31082,  0.24425
1819, 637,  0.10873, -0.00103,  0.04852,  0.28578,  0.0785,  0.23452,  0.28753
1820, 636,  0.10844, -0.00314,  0.05126,  0.18132,  0.0785,  0.31082,  0.28753
1821, 638,  0.10751, -0.00795,  0.04858,  0.18132, -0.0021,  0.31082,  0.24425
1822, 639,  0.10752, -0.00643,  0.04623,  0.28578, -0.0021,  0.23452,  0.24425
1823, 637,  0.10873, -0.00103,  0.04852,  0.28578,  0.0785,  0.23452,  0.28753
1824, 627,  0.0948,  0.00732,  0.10769,  0.18132,  0.65342,  0.31082,  0.69614
1825, 626,  0.09346,  0.01826,  0.10856,  0.28578,  0.65342,  0.23452,  0.69614
1826, 640,  0.08942,  0.01561,  0.11343,  0.28578,  0.69691,  0.23452,  0.72881
1827, 627,  0.0948,  0.00732,  0.10769,  0.18132,  0.65342,  0.31082,  0.69614
1828, 640,  0.08942,  0.01561,  0.11343,  0.28578,  0.69691,  0.23452,  0.72881
1829, 641,  0.08936,  0.00586,  0.11343,  0.18132,  0.69691,  0.31082,  0.72881
1830, 641,  0.08936,  0.00586,  0.11343,  0.18132,  0.69691,  0.31082,  0.72881
1831, 640,  0.08942,  0.01561,  0.11343,  0.28578,  0.69691,  0.23452,  0.72881
1832, 642,  0.08453,  0.01289,  0.11756,  0.28578,  0.73449,  0.23452,  0.75706
1833, 641,  0.08936,  0.00586,  0.11343,  0.18132,  0.69691,  0.31082,  0.72881
1834, 642,  0.08453,  0.01289,  0.11756,  0.28578,  0.73449,  0.23452,  0.75706
1835, 643,  0.08347,  0.00431,  0.11834,  0.18132,  0.73449,  0.31082,  0.75706
1836, 643,  0.08347,  0.00431,  0.11834,  0.18132,  0.73449,  0.31082,  0.75706
1837, 642,  0.08453,  0.01289,  0.11756,  0.28578,  0.73449,  0.23452,  0.75706
1838, 644,  0.07923,  0.01044,  0.12084,  0.28578,  0.76708,  0.23452,  0.77995
1839, 643,  0.08347,  0.00431,  0.11834,  0.18132,  0.73449,  0.31082,  0.75706
1840, 644,  0.07923,  0.01044,  0.12084,  0.28578,  0.76708,  0.23452,  0.77995
1841, 645,  0.0786,  0.00276,  0.12139,  0.18132,  0.76708,  0.31082,  0.77995
1842, 646,  0.07388,  0.00121,  0.12352,  0.18132,  0.79769,  0.31082,  0.80438
1843, 645,  0.0786,  0.00276,  0.12139,  0.18132,  0.76708,  0.31082,  0.77995
1844, 644,  0.07923,  0.01044,  0.12084,  0.28578,  0.76708,  0.23452,  0.77995
1845, 646,  0.07388,  0.00121,  0.12352,  0.18132,  0.79769,  0.31082,  0.80438
1846, 644,  0.07923,  0.01044,  0.12084,  0.28578,  0.76708,  0.23452,  0.77995
1847, 647,  0.07372,  0.00821,  0.12342,  0.28578,  0.79769,  0.23452,  0.80438
1848, 647,  0.07372,  0.00821,  0.12342,  0.28578,  0.79769,  0.23452,  0.80438
1849, 648,  0.06848, -0.00028,  0.12569,  0.18132,  0.82931,  0.31082,  0.83724
1850, 646,  0.07388,  0.00121,  0.12352,  0.18132,  0.79769,  0.31082,  0.80438
1851, 647,  0.07372,  0.00821,  0.12342,  0.28578,  0.79769,  0.23452,  0.80438
1852, 649,  0.06824,  0.00612,  0.12546,  0.28578,  0.82931,  0.23452,  0.83724
1853, 648,  0.06848, -0.00028,  0.12569,  0.18132,  0.82931,  0.31082,  0.83724
1854, 650,  0.06278,  0.0041,  0.12722,  0.28578,  0.86145,  0.23452,  0.87431
1855, 648,  0.06848, -0.00028,  0.12569,  0.18132,  0.82931,  0.31082,  0.83724
1856, 649,  0.06824,  0.00612,  0.12546,  0.28578,  0.82931,  0.23452,  0.83724
1857, 650,  0.06278,  0.0041,  0.12722,  0.28578,  0.86145,  0.23452,  0.87431
1858, 651,  0.06272, -0.00175,  0.12786,  0.18132,  0.86145,  0.31082,  0.87431
1859, 648,  0.06848, -0.00028,  0.12569,  0.18132,  0.82931,  0.31082,  0.83724
1860, 652,  0.09695, -0.01866,  0.09957,  0.14075,  0.71794,  0.14693,  0.89516
1861, 653,  0.10146, -0.00501,  0.09586,  0.28298,  0.71794,  0.03973,  0.89516
1862, 654,  0.09792, -0.00307,  0.10205,  0.28298,  0.76112,  0.03973,  0.92736
1863, 652,  0.09695, -0.01866,  0.09957,  0.14075,  0.71794,  0.14693,  0.89516
1864, 654,  0.09792, -0.00307,  0.10205,  0.28298,  0.76112,  0.03973,  0.92736
1865, 655,  0.09418, -0.01626,  0.1053,  0.14075,  0.76112,  0.14693,  0.92736
1866, 655,  0.09418, -0.01626,  0.1053,  0.14075,  0.76112,  0.14693,  0.92736
1867, 654,  0.09792, -0.00307,  0.10205,  0.28298,  0.76112,  0.03973,  0.92736
1868, 656,  0.09315, -0.0016,  0.10811,  0.28298,  0.80001,  0.03973,  0.95317
1869, 655,  0.09418, -0.01626,  0.1053,  0.14075,  0.76112,  0.14693,  0.92736
1870, 656,  0.09315, -0.0016,  0.10811,  0.28298,  0.80001,  0.03973,  0.95317
1871, 657,  0.09043, -0.01419,  0.1105,  0.14075,  0.80001,  0.14693,  0.95317
1872, 658,  0.09913, -0.02153,  0.09328,  0.14075,  0.66694,  0.14693,  0.85991
1873, 653,  0.10146, -0.00501,  0.09586,  0.28298,  0.71794,  0.03973,  0.89516
1874, 652,  0.09695, -0.01866,  0.09957,  0.14075,  0.71794,  0.14693,  0.89516
1875, 658,  0.09913, -0.02153,  0.09328,  0.14075,  0.66694,  0.14693,  0.85991
1876, 659,  0.10341, -0.00733,  0.08989,  0.28298,  0.66694,  0.03973,  0.85991
1877, 653,  0.10146, -0.00501,  0.09586,  0.28298,  0.71794,  0.03973,  0.89516
1878, 660,  0.10045, -0.02453,  0.08697,  0.14075,  0.61583,  0.14693,  0.81593
1879, 659,  0.10341, -0.00733,  0.08989,  0.28298,  0.66694,  0.03973,  0.85991
1880, 658,  0.09913, -0.02153,  0.09328,  0.14075,  0.66694,  0.14693,  0.85991
1881, 660,  0.10045, -0.02453,  0.08697,  0.14075,  0.61583,  0.14693,  0.81593
1882, 661,  0.10416, -0.0099,  0.08399,  0.28298,  0.61583,  0.03973,  0.81593
1883, 659,  0.10341, -0.00733,  0.08989,  0.28298,  0.66694,  0.03973,  0.85991
1884, 662,  0.10063, -0.02729,  0.08118,  0.14075,  0.57234,  0.14693,  0.75757
1885, 661,  0.10416, -0.0099,  0.08399,  0.28298,  0.61583,  0.03973,  0.81593
1886, 660,  0.10045, -0.02453,  0.08697,  0.14075,  0.61583,  0.14693,  0.81593
1887, 662,  0.10063, -0.02729,  0.08118,  0.14075,  0.57234,  0.14693,  0.75757
1888, 663,  0.10411, -0.01258,  0.07802,  0.28298,  0.57234,  0.03973,  0.75757
1889, 661,  0.10416, -0.0099,  0.08399,  0.28298,  0.61583,  0.03973,  0.81593
1890, 664,  0.09941, -0.03051,  0.075,  0.14075,  0.53439,  0.14693,  0.68896
1891, 663,  0.10411, -0.01258,  0.07802,  0.28298,  0.57234,  0.03973,  0.75757
1892, 662,  0.10063, -0.02729,  0.08118,  0.14075,  0.57234,  0.14693,  0.75757
1893, 664,  0.09941, -0.03051,  0.075,  0.14075,  0.53439,  0.14693,  0.68896
1894, 665,  0.10326, -0.01616,  0.07133,  0.28298,  0.53439,  0.03973,  0.68896
1895, 663,  0.10411, -0.01258,  0.07802,  0.28298,  0.57234,  0.03973,  0.75757
1896, 666,  0.09651, -0.03486,  0.0675,  0.14075,  0.49987,  0.14693,  0.61425
1897, 665,  0.10326, -0.01616,  0.07133,  0.28298,  0.53439,  0.03973,  0.68896
1898, 664,  0.09941, -0.03051,  0.075,  0.14075,  0.53439,  0.14693,  0.68896
1899, 666,  0.09651, -0.03486,  0.0675,  0.14075,  0.49987,  0.14693,  0.61425
1900, 667,  0.10156, -0.02144,  0.06326,  0.28298,  0.49987,  0.03973,  0.61425
1901, 665,  0.10326, -0.01616,  0.07133,  0.28298,  0.53439,  0.03973,  0.68896
1902, 668,  0.09288, -0.03899,  0.06035,  0.14075,  0.46051,  0.14693,  0.53644
1903, 667,  0.10156, -0.02144,  0.06326,  0.28298,  0.49987,  0.03973,  0.61425
1904, 666,  0.09651, -0.03486,  0.0675,  0.14075,  0.49987,  0.14693,  0.61425
1905, 668,  0.09288, -0.03899,  0.06035,  0.14075,  0.46051,  0.14693,  0.53644
1906, 669,  0.0989, -0.02711,  0.0556,  0.28298,  0.46051,  0.03973,  0.53644
1907, 667,  0.10156, -0.02144,  0.06326,  0.28298,  0.49987,  0.03973,  0.61425
1908, 656,  0.09315, -0.0016,  0.10811,  0.28298,  0.80001,  0.03973,  0.95317
1909, 670,  0.08528, -0.0123,  0.11521,  0.14075,  0.83814,  0.14693,  0.96921
1910, 657,  0.09043, -0.01419,  0.1105,  0.14075,  0.80001,  0.14693,  0.95317
1911, 656,  0.09315, -0.0016,  0.10811,  0.28298,  0.80001,  0.03973,  0.95317
1912, 671,  0.0875, -0.00072,  0.11368,  0.28298,  0.83814,  0.03973,  0.96921
1913, 670,  0.08528, -0.0123,  0.11521,  0.14075,  0.83814,  0.14693,  0.96921
1914, 672,  0.08058, -0.00031,  0.11867,  0.28298,  0.87289,  0.03973,  0.9789
1915, 670,  0.08528, -0.0123,  0.11521,  0.14075,  0.83814,  0.14693,  0.96921
1916, 671,  0.0875, -0.00072,  0.11368,  0.28298,  0.83814,  0.03973,  0.96921
1917, 672,  0.08058, -0.00031,  0.11867,  0.28298,  0.87289,  0.03973,  0.9789
1918, 673,  0.07865, -0.01069,  0.1195,  0.14075,  0.87289,  0.14693,  0.9789
1919, 670,  0.08528, -0.0123,  0.11521,  0.14075,  0.83814,  0.14693,  0.96921
1920, 672,  0.08058, -0.00031,  0.11867,  0.28298,  0.87289,  0.03973,  0.9789
1921, 674,  0.07048, -0.00947,  0.12344,  0.14075,  0.90164,  0.14693,  0.98565
1922, 673,  0.07865, -0.01069,  0.1195,  0.14075,  0.87289,  0.14693,  0.9789
1923, 672,  0.08058, -0.00031,  0.11867,  0.28298,  0.87289,  0.03973,  0.9789
1924, 675,  0.07198, -0.0003,  0.12297,  0.28298,  0.90164,  0.03973,  0.98565
1925, 674,  0.07048, -0.00947,  0.12344,  0.14075,  0.90164,  0.14693,  0.98565
1926, 676,  0.06253, -0.00047,  0.12693,  0.28298,  0.92739,  0.03973,  0.99093
1927, 674,  0.07048, -0.00947,  0.12344,  0.14075,  0.90164,  0.14693,  0.98565
1928, 675,  0.07198, -0.0003,  0.12297,  0.28298,  0.90164,  0.03973,  0.98565
1929, 676,  0.06253, -0.00047,  0.12693,  0.28298,  0.92739,  0.03973,  0.99093
1930, 677,  0.06152, -0.00844,  0.1272,  0.14075,  0.92739,  0.14693,  0.99093
1931, 674,  0.07048, -0.00947,  0.12344,  0.14075,  0.90164,  0.14693,  0.98565
1932, 678,  0.08948, -0.04163,  0.05524,  0.14075,  0.408,  0.14693,  0.45849
1933, 669,  0.0989, -0.02711,  0.0556,  0.28298,  0.46051,  0.03973,  0.53644
1934, 668,  0.09288, -0.03899,  0.06035,  0.14075,  0.46051,  0.14693,  0.53644
1935, 678,  0.08948, -0.04163,  0.05524,  0.14075,  0.408,  0.14693,  0.45849
1936, 679,  0.09517, -0.03186,  0.05018,  0.28298,  0.408,  0.03973,  0.45849
1937, 669,  0.0989, -0.02711,  0.0556,  0.28298,  0.46051,  0.03973,  0.53644
1938, 680,  0.08637, -0.04311,  0.05049,  0.14075,  0.32033,  0.14693,  0.38049
1939, 679,  0.09517, -0.03186,  0.05018,  0.28298,  0.408,  0.03973,  0.45849
1940, 678,  0.08948, -0.04163,  0.05524,  0.14075,  0.408,  0.14693,  0.45849
1941, 680,  0.08637, -0.04311,  0.05049,  0.14075,  0.32033,  0.14693,  0.38049
1942, 681,  0.09102, -0.03567,  0.0454,  0.28298,  0.32033,  0.03973,  0.38049
1943, 679,  0.09517, -0.03186,  0.05018,  0.28298,  0.408,  0.03973,  0.45849
1944, 682,  0.08361, -0.04376,  0.04441,  0.14075,  0.17547,  0.14693,  0.30249
1945, 681,  0.09102, -0.03567,  0.0454,  0.28298,  0.32033,  0.03973,  0.38049
1946, 680,  0.08637, -0.04311,  0.05049,  0.14075,  0.32033,  0.14693,  0.38049
1947, 682,  0.08361, -0.04376,  0.04441,  0.14075,  0.17547,  0.14693,  0.30249
1948, 683,  0.08709, -0.03849,  0.03966,  0.28298,  0.17547,  0.03973,  0.30249
1949, 681,  0.09102, -0.03567,  0.0454,  0.28298,  0.32033,  0.03973,  0.38049
1950, 684,  0.08102, -0.044,  0.03767,  0.14075,  0.00202,  0.14693,  0.22448
1951, 683,  0.08709, -0.03849,  0.03966,  0.28298,  0.17547,  0.03973,  0.30249
1952, 682,  0.08361, -0.04376,  0.04441,  0.14075,  0.17547,  0.14693,  0.30249
1953, 684,  0.08102, -0.044,  0.03767,  0.14075,  0.00202,  0.14693,  0.22448
1954, 685,  0.08327, -0.04084,  0.03344,  0.28298,  0.00202,  0.03973,  0.22448
1955, 683,  0.08709, -0.03849,  0.03966,  0.28298,  0.17547,  0.03973,  0.30249
1956, 686,  0.08992,  0.02637,  0.09236,  0.50847,  0.53298,  0.08486,  0.75105
1957, 687,  0.09027,  0.02355,  0.09084,  0.57066,  0.53298,  0.14705,  0.75105
1958, 688,  0.09126,  0.02661,  0.0853,  0.57066,  0.48747,  0.14705,  0.69856
1959, 686,  0.08992,  0.02637,  0.09236,  0.50847,  0.53298,  0.08486,  0.75105
1960, 688,  0.09126,  0.02661,  0.0853,  0.57066,  0.48747,  0.14705,  0.69856
1961, 689,  0.09073,  0.02966,  0.08691,  0.50847,  0.48747,  0.08486,  0.69856
1962, 689,  0.09073,  0.02966,  0.08691,  0.50847,  0.48747,  0.08486,  0.69856
1963, 688,  0.09126,  0.02661,  0.0853,  0.57066,  0.48747,  0.14705,  0.69856
1964, 690,  0.09233,  0.02903,  0.07968,  0.57066,  0.44148,  0.14705,  0.64551
1965, 689,  0.09073,  0.02966,  0.08691,  0.50847,  0.48747,  0.08486,  0.69856
1966, 690,  0.09233,  0.02903,  0.07968,  0.57066,  0.44148,  0.14705,  0.64551
1967, 691,  0.0915,  0.03228,  0.08132,  0.50847,  0.44148,  0.08486,  0.64551
1968, 692,  0.08923,  0.02253,  0.09737,  0.50847,  0.57729,  0.08486,  0.80215
1969, 687,  0.09027,  0.02355,  0.09084,  0.57066,  0.53298,  0.14705,  0.75105
1970, 686,  0.08992,  0.02637,  0.09236,  0.50847,  0.53298,  0.08486,  0.75105
1971, 692,  0.08923,  0.02253,  0.09737,  0.50847,  0.57729,  0.08486,  0.80215
1972, 693,  0.08961,  0.01993,  0.09606,  0.57066,  0.57729,  0.14705,  0.80215
1973, 687,  0.09027,  0.02355,  0.09084,  0.57066,  0.53298,  0.14705,  0.75105
1974, 694,  0.08849,  0.01879,  0.10126,  0.50847,  0.61931,  0.08486,  0.85062
1975, 693,  0.08961,  0.01993,  0.09606,  0.57066,  0.57729,  0.14705,  0.80215
1976, 692,  0.08923,  0.02253,  0.09737,  0.50847,  0.57729,  0.08486,  0.80215
1977, 694,  0.08849,  0.01879,  0.10126,  0.50847,  0.61931,  0.08486,  0.85062
1978, 695,  0.08904,  0.01646,  0.10021,  0.57066,  0.61931,  0.14705,  0.85062
1979, 693,  0.08961,  0.01993,  0.09606,  0.57066,  0.57729,  0.14705,  0.80215
1980, 696,  0.08749,  0.01579,  0.10335,  0.50847,  0.65797,  0.08486,  0.8952
1981, 695,  0.08904,  0.01646,  0.10021,  0.57066,  0.61931,  0.14705,  0.85062
1982, 694,  0.08849,  0.01879,  0.10126,  0.50847,  0.61931,  0.08486,  0.85062
1983, 696,  0.08749,  0.01579,  0.10335,  0.50847,  0.65797,  0.08486,  0.8952
1984, 697,  0.08831,  0.01387,  0.10255,  0.57066,  0.65797,  0.14705,  0.8952
1985, 695,  0.08904,  0.01646,  0.10021,  0.57066,  0.61931,  0.14705,  0.85062
1986, 698,  0.08637,  0.01317,  0.10454,  0.50847,  0.69494,  0.08486,  0.93783
1987, 697,  0.08831,  0.01387,  0.10255,  0.57066,  0.65797,  0.14705,  0.8952
1988, 696,  0.08749,  0.01579,  0.10335,  0.50847,  0.65797,  0.08486,  0.8952
1989, 698,  0.08637,  0.01317,  0.10454,  0.50847,  0.69494,  0.08486,  0.93783
1990, 699,  0.08752,  0.01172,  0.10398,  0.57066,  0.69494,  0.14705,  0.93783
1991, 697,  0.08831,  0.01387,  0.10255,  0.57066,  0.65797,  0.14705,  0.8952
1992, 691,  0.0915,  0.03228,  0.08132,  0.50847,  0.44148,  0.08486,  0.64551
1993, 690,  0.09233,  0.02903,  0.07968,  0.57066,  0.44148,  0.14705,  0.64551
1994, 700,  0.09324,  0.03072,  0.07424,  0.57066,  0.3957,  0.14705,  0.59272
1995, 691,  0.0915,  0.03228,  0.08132,  0.50847,  0.44148,  0.08486,  0.64551
1996, 700,  0.09324,  0.03072,  0.07424,  0.57066,  0.3957,  0.14705,  0.59272
1997, 701,  0.09201,  0.03411,  0.0759,  0.50847,  0.3957,  0.08486,  0.59272
1998, 701,  0.09201,  0.03411,  0.0759,  0.50847,  0.3957,  0.08486,  0.59272
1999, 700,  0.09324,  0.03072,  0.07424,  0.57066,  0.3957,  0.14705,  0.59272
2000, 702,  0.09352,  0.03225,  0.06871,  0.57066,  0.35017,  0.14705,  0.54021
2001, 701,  0.09201,  0.03411,  0.0759,  0.50847,  0.3957,  0.08486,  0.59272
2002, 702,  0.09352,  0.03225,  0.06871,  0.57066,  0.35017,  0.14705,  0.54021
2003, 703,  0.09205,  0.03564,  0.07034,  0.50847,  0.35017,  0.08486,  0.54021
2004, 703,  0.09205,  0.03564,  0.07034,  0.50847,  0.35017,  0.08486,  0.54021
2005, 702,  0.09352,  0.03225,  0.06871,  0.57066,  0.35017,  0.14705,  0.54021
2006, 704,  0.09273,  0.03415,  0.06279,  0.57066,  0.30491,  0.14705,  0.48801
2007, 703,  0.09205,  0.03564,  0.07034,  0.50847,  0.35017,  0.08486,  0.54021
2008, 704,  0.09273,  0.03415,  0.06279,  0.57066,  0.30491,  0.14705,  0.48801
2009, 705,  0.09139,  0.03738,  0.06435,  0.50847,  0.30491,  0.08486,  0.48801
2010, 705,  0.09139,  0.03738,  0.06435,  0.50847,  0.30491,  0.08486,  0.48801
2011, 704,  0.09273,  0.03415,  0.06279,  0.57066,  0.30491,  0.14705,  0.48801
2012, 706,  0.09089,  0.03651,  0.05657,  0.57066,  0.2529,  0.14705,  0.42802
2013, 705,  0.09139,  0.03738,  0.06435,  0.50847,  0.30491,  0.08486,  0.48801
2014, 706,  0.09089,  0.03651,  0.05657,  0.57066,  0.2529,  0.14705,  0.42802
2015, 707,  0.08983,  0.03943,  0.05804,  0.50847,  0.2529,  0.08486,  0.42802
2016, 707,  0.08983,  0.03943,  0.05804,  0.50847,  0.2529,  0.08486,  0.42802
2017, 706,  0.09089,  0.03651,  0.05657,  0.57066,  0.2529,  0.14705,  0.42802
2018, 708,  0.088,  0.03942,  0.05015,  0.57066,  0.18712,  0.14705,  0.35216
2019, 707,  0.08983,  0.03943,  0.05804,  0.50847,  0.2529,  0.08486,  0.42802
2020, 708,  0.088,  0.03942,  0.05015,  0.57066,  0.18712,  0.14705,  0.35216
2021, 709,  0.08719,  0.04186,  0.05152,  0.50847,  0.18712,  0.08486,  0.35216
2022, 709,  0.08719,  0.04186,  0.05152,  0.50847,  0.18712,  0.08486,  0.35216
2023, 708,  0.088,  0.03942,  0.05015,  0.57066,  0.18712,  0.14705,  0.35216
2024, 710,  0.08437,  0.04258,  0.04392,  0.57066,  0.11858,  0.14705,  0.27751
2025, 709,  0.08719,  0.04186,  0.05152,  0.50847,  0.18712,  0.08486,  0.35216
2026, 710,  0.08437,  0.04258,  0.04392,  0.57066,  0.11858,  0.14705,  0.27751
2027, 711,  0.08375,  0.04449,  0.04515,  0.50847,  0.11858,  0.08486,  0.27751
2028, 710,  0.08437,  0.04258,  0.04392,  0.57066,  0.11858,  0.14705,  0.27751
2029, 712,  0.07981,  0.04713,  0.0393,  0.50847,  0.05824,  0.08486,  0.22112
2030, 711,  0.08375,  0.04449,  0.04515,  0.50847,  0.11858,  0.08486,  0.27751
2031, 710,  0.08437,  0.04258,  0.04392,  0.57066,  0.11858,  0.14705,  0.27751
2032, 713,  0.08027,  0.04573,  0.03829,  0.57066,  0.05824,  0.14705,  0.22112
2033, 712,  0.07981,  0.04713,  0.0393,  0.50847,  0.05824,  0.08486,  0.22112
2034, 714,  0.07594,  0.04886,  0.03295,  0.57066,  0.00202,  0.14705,  0.17387
2035, 712,  0.07981,  0.04713,  0.0393,  0.50847,  0.05824,  0.08486,  0.22112
2036, 713,  0.08027,  0.04573,  0.03829,  0.57066,  0.05824,  0.14705,  0.22112
2037, 714,  0.07594,  0.04886,  0.03295,  0.57066,  0.00202,  0.14705,  0.17387
2038, 715,  0.07561,  0.04977,  0.03372,  0.50847,  0.00202,  0.08486,  0.17387
2039, 712,  0.07981,  0.04713,  0.0393,  0.50847,  0.05824,  0.08486,  0.22112
2040, 716,  0.09108,  0.00398,  0.1049,  0.10959,  0.88014,  0.06883,  0.97198
2041, 717,  0.09306, -0.0076,  0.1069,  0.27121,  0.88014,  0.14513,  0.97198
2042, 718,  0.09706, -0.0071,  0.10048,  0.27121,  0.80637,  0.14513,  0.89839
2043, 716,  0.09108,  0.00398,  0.1049,  0.10959,  0.88014,  0.06883,  0.97198
2044, 718,  0.09706, -0.0071,  0.10048,  0.27121,  0.80637,  0.14513,  0.89839
2045, 719,  0.09524,  0.00515,  0.09883,  0.10959,  0.80637,  0.06883,  0.89839
2046, 719,  0.09524,  0.00515,  0.09883,  0.10959,  0.80637,  0.06883,  0.89839
2047, 718,  0.09706, -0.0071,  0.10048,  0.27121,  0.80637,  0.14513,  0.89839
2048, 720,  0.10048, -0.00666,  0.09439,  0.27121,  0.73893,  0.14513,  0.83111
2049, 719,  0.09524,  0.00515,  0.09883,  0.10959,  0.80637,  0.06883,  0.89839
2050, 720,  0.10048, -0.00666,  0.09439,  0.27121,  0.73893,  0.14513,  0.83111
2051, 721,  0.09886,  0.006,  0.09304,  0.10959,  0.73893,  0.06883,  0.83111
2052, 720,  0.10048, -0.00666,  0.09439,  0.27121,  0.73893,  0.14513,  0.83111
2053, 722,  0.10144,  0.00622,  0.08785,  0.10959,  0.68416,  0.06883,  0.77647
2054, 721,  0.09886,  0.006,  0.09304,  0.10959,  0.73893,  0.06883,  0.83111
2055, 720,  0.10048, -0.00666,  0.09439,  0.27121,  0.73893,  0.14513,  0.83111
2056, 723,  0.10276, -0.00633,  0.08893,  0.27121,  0.68416,  0.14513,  0.77647
2057, 722,  0.10144,  0.00622,  0.08785,  0.10959,  0.68416,  0.06883,  0.77647
2058, 724,  0.10334,  0.00591,  0.08278,  0.10959,  0.64067,  0.06883,  0.72736
2059, 722,  0.10144,  0.00622,  0.08785,  0.10959,  0.68416,  0.06883,  0.77647
2060, 723,  0.10276, -0.00633,  0.08893,  0.27121,  0.68416,  0.14513,  0.77647
2061, 724,  0.10334,  0.00591,  0.08278,  0.10959,  0.64067,  0.06883,  0.72736
2062, 723,  0.10276, -0.00633,  0.08893,  0.27121,  0.68416,  0.14513,  0.77647
2063, 725,  0.1042, -0.00632,  0.08369,  0.27121,  0.64067,  0.14513,  0.72736
2064, 724,  0.10334,  0.00591,  0.08278,  0.10959,  0.64067,  0.06883,  0.72736
2065, 725,  0.1042, -0.00632,  0.08369,  0.27121,  0.64067,  0.14513,  0.72736
2066, 726,  0.1051, -0.00687,  0.07828,  0.27121,  0.60708,  0.14513,  0.67669
2067, 724,  0.10334,  0.00591,  0.08278,  0.10959,  0.64067,  0.06883,  0.72736
2068, 726,  0.1051, -0.00687,  0.07828,  0.27121,  0.60708,  0.14513,  0.67669
2069, 727,  0.10495,  0.00517,  0.07735,  0.10959,  0.60708,  0.06883,  0.67669
2070, 727,  0.10495,  0.00517,  0.07735,  0.10959,  0.60708,  0.06883,  0.67669
2071, 726,  0.1051, -0.00687,  0.07828,  0.27121,  0.60708,  0.14513,  0.67669
2072, 728,  0.1055, -0.00785,  0.07311,  0.27121,  0.57971,  0.14513,  0.63222
2073, 727,  0.10495,  0.00517,  0.07735,  0.10959,  0.60708,  0.06883,  0.67669
2074, 728,  0.1055, -0.00785,  0.07311,  0.27121,  0.57971,  0.14513,  0.63222
2075, 729,  0.10605,  0.00375,  0.07177,  0.10959,  0.57971,  0.06883,  0.63222
2076, 729,  0.10605,  0.00375,  0.07177,  0.10959,  0.57971,  0.06883,  0.63222
2077, 728,  0.1055, -0.00785,  0.07311,  0.27121,  0.57971,  0.14513,  0.63222
2078, 730,  0.10543, -0.00916,  0.06864,  0.27121,  0.55488,  0.14513,  0.60173
2079, 729,  0.10605,  0.00375,  0.07177,  0.10959,  0.57971,  0.06883,  0.63222
2080, 730,  0.10543, -0.00916,  0.06864,  0.27121,  0.55488,  0.14513,  0.60173
2081, 731,  0.10642,  0.00142,  0.06628,  0.10959,  0.55488,  0.06883,  0.60173
2082, 731,  0.10642,  0.00142,  0.06628,  0.10959,  0.55488,  0.06883,  0.60173
2083, 730,  0.10543, -0.00916,  0.06864,  0.27121,  0.55488,  0.14513,  0.60173
2084, 732,  0.10506, -0.01101,  0.06465,  0.27121,  0.52876,  0.14513,  0.57301
2085, 731,  0.10642,  0.00142,  0.06628,  0.10959,  0.55488,  0.06883,  0.60173
2086, 732,  0.10506, -0.01101,  0.06465,  0.27121,  0.52876,  0.14513,  0.57301
2087, 733,  0.10617, -0.00179,  0.06125,  0.10959,  0.52876,  0.06883,  0.57301
2088, 733,  0.10617, -0.00179,  0.06125,  0.10959,  0.52876,  0.06883,  0.57301
2089, 732,  0.10506, -0.01101,  0.06465,  0.27121,  0.52876,  0.14513,  0.57301
2090, 734,  0.10454, -0.01363,  0.06095,  0.27121,  0.4975,  0.14513,  0.53385
2091, 733,  0.10617, -0.00179,  0.06125,  0.10959,  0.52876,  0.06883,  0.57301
2092, 734,  0.10454, -0.01363,  0.06095,  0.27121,  0.4975,  0.14513,  0.53385
2093, 735,  0.1054, -0.00583,  0.05706,  0.10959,  0.4975,  0.06883,  0.53385
2094, 735,  0.1054, -0.00583,  0.05706,  0.10959,  0.4975,  0.06883,  0.53385
2095, 734,  0.10454, -0.01363,  0.06095,  0.27121,  0.4975,  0.14513,  0.53385
2096, 736,  0.10361, -0.0169,  0.05754,  0.27121,  0.46625,  0.14513,  0.49019
2097, 735,  0.1054, -0.00583,  0.05706,  0.10959,  0.4975,  0.06883,  0.53385
2098, 736,  0.10361, -0.0169,  0.05754,  0.27121,  0.46625,  0.14513,  0.49019
2099, 737,  0.10421, -0.01071,  0.0535,  0.10959,  0.46625,  0.06883,  0.49019
2100, 736,  0.10361, -0.0169,  0.05754,  0.27121,  0.46625,  0.14513,  0.49019
2101, 738,  0.10273, -0.01642,  0.05033,  0.10959,  0.44012,  0.06883,  0.44796
2102, 737,  0.10421, -0.01071,  0.0535,  0.10959,  0.46625,  0.06883,  0.49019
2103, 736,  0.10361, -0.0169,  0.05754,  0.27121,  0.46625,  0.14513,  0.49019
2104, 739,  0.10204, -0.02069,  0.05444,  0.27121,  0.44012,  0.14513,  0.44796
2105, 738,  0.10273, -0.01642,  0.05033,  0.10959,  0.44012,  0.06883,  0.44796
2106, 740,  0.10005, -0.02458,  0.05195,  0.27121,  0.41462,  0.14513,  0.40533
2107, 738,  0.10273, -0.01642,  0.05033,  0.10959,  0.44012,  0.06883,  0.44796
2108, 739,  0.10204, -0.02069,  0.05444,  0.27121,  0.44012,  0.14513,  0.44796
2109, 740,  0.10005, -0.02458,  0.05195,  0.27121,  0.41462,  0.14513,  0.40533
2110, 741,  0.10087, -0.02201,  0.04786,  0.10959,  0.41462,  0.06883,  0.40533
2111, 738,  0.10273, -0.01642,  0.05033,  0.10959,  0.44012,  0.06883,  0.44796
2112, 741,  0.10087, -0.02201,  0.04786,  0.10959,  0.41462,  0.06883,  0.40533
2113, 740,  0.10005, -0.02458,  0.05195,  0.27121,  0.41462,  0.14513,  0.40533
2114, 742,  0.0979, -0.02817,  0.05038,  0.27121,  0.38526,  0.14513,  0.36049
2115, 741,  0.10087, -0.02201,  0.04786,  0.10959,  0.41462,  0.06883,  0.40533
2116, 742,  0.0979, -0.02817,  0.05038,  0.27121,  0.38526,  0.14513,  0.36049
2117, 743,  0.09856, -0.02655,  0.04642,  0.10959,  0.38526,  0.06883,  0.36049
2118, 744,  0.09578, -0.03055,  0.04559,  0.10959,  0.3178,  0.06883,  0.31454
2119, 743,  0.09856, -0.02655,  0.04642,  0.10959,  0.38526,  0.06883,  0.36049
2120, 742,  0.0979, -0.02817,  0.05038,  0.27121,  0.38526,  0.14513,  0.36049
2121, 744,  0.09578, -0.03055,  0.04559,  0.10959,  0.3178,  0.06883,  0.31454
2122, 742,  0.0979, -0.02817,  0.05038,  0.27121,  0.38526,  0.14513,  0.36049
2123, 745,  0.09549, -0.03167,  0.04942,  0.27121,  0.3178,  0.14513,  0.31454
2124, 745,  0.09549, -0.03167,  0.04942,  0.27121,  0.3178,  0.14513,  0.31454
2125, 746,  0.09258, -0.03456,  0.04503,  0.10959,  0.178,  0.06883,  0.26859
2126, 744,  0.09578, -0.03055,  0.04559,  0.10959,  0.3178,  0.06883,  0.31454
2127, 745,  0.09549, -0.03167,  0.04942,  0.27121,  0.3178,  0.14513,  0.31454
2128, 747,  0.09277, -0.03533,  0.04875,  0.27121,  0.178,  0.14513,  0.26859
2129, 746,  0.09258, -0.03456,  0.04503,  0.10959,  0.178,  0.06883,  0.26859
2130, 748,  0.08988, -0.03907,  0.04824,  0.27121,  0.00202,  0.14513,  0.22265
2131, 746,  0.09258, -0.03456,  0.04503,  0.10959,  0.178,  0.06883,  0.26859
2132, 747,  0.09277, -0.03533,  0.04875,  0.27121,  0.178,  0.14513,  0.26859
2133, 748,  0.08988, -0.03907,  0.04824,  0.27121,  0.00202,  0.14513,  0.22265
2134, 749,  0.08916, -0.03859,  0.0446,  0.10959,  0.00202,  0.06883,  0.22265
2135, 746,  0.09258, -0.03456,  0.04503,  0.10959,  0.178,  0.06883,  0.26859
2136, 750, -0.00546,  0.09079,  0.03825,  0.54116,  0.00202,  1.54135,  0.21846
2137, 751,  0.00086,  0.0874,  0.03897,  0.54116,  0.07211,  1.54135,  0.2764
2138, 752,  0.00211,  0.08634,  0.03387,  0.64554,  0.07211,  1.64573,  0.2764
2139, 750, -0.00546,  0.09079,  0.03825,  0.54116,  0.00202,  1.54135,  0.21846
2140, 752,  0.00211,  0.08634,  0.03387,  0.64554,  0.07211,  1.64573,  0.2764
2141, 753, -0.00442,  0.09024,  0.03374,  0.64554,  0.00202,  1.64573,  0.21846
2142, 754,  0.00756,  0.08416,  0.04032,  0.54116,  0.13525,  1.54135,  0.3292
2143, 752,  0.00211,  0.08634,  0.03387,  0.64554,  0.07211,  1.64573,  0.2764
2144, 751,  0.00086,  0.0874,  0.03897,  0.54116,  0.07211,  1.54135,  0.2764
2145, 754,  0.00756,  0.08416,  0.04032,  0.54116,  0.13525,  1.54135,  0.3292
2146, 755,  0.00892,  0.08262,  0.03474,  0.64554,  0.13525,  1.64573,  0.3292
2147, 752,  0.00211,  0.08634,  0.03387,  0.64554,  0.07211,  1.64573,  0.2764
2148, 755,  0.00892,  0.08262,  0.03474,  0.64554,  0.13525,  1.64573,  0.3292
2149, 754,  0.00756,  0.08416,  0.04032,  0.54116,  0.13525,  1.54135,  0.3292
2150, 756,  0.01501,  0.0812,  0.04295,  0.54116,  0.18445,  1.54135,  0.37171
2151, 755,  0.00892,  0.08262,  0.03474,  0.64554,  0.13525,  1.64573,  0.3292
2152, 756,  0.01501,  0.0812,  0.04295,  0.54116,  0.18445,  1.54135,  0.37171
2153, 757,  0.01632,  0.07925,  0.03709,  0.64554,  0.18445,  1.64573,  0.37171
2154, 757,  0.01632,  0.07925,  0.03709,  0.64554,  0.18445,  1.64573,  0.37171
2155, 756,  0.01501,  0.0812,  0.04295,  0.54116,  0.18445,  1.54135,  0.37171
2156, 758,  0.02262,  0.07838,  0.04662,  0.54116,  0.22619,  1.54135,  0.40862
2157, 757,  0.01632,  0.07925,  0.03709,  0.64554,  0.18445,  1.64573,  0.37171
2158, 758,  0.02262,  0.07838,  0.04662,  0.54116,  0.22619,  1.54135,  0.40862
2159, 759,  0.0238,  0.07607,  0.04036,  0.64554,  0.22619,  1.64573,  0.40862
2160, 759,  0.0238,  0.07607,  0.04036,  0.64554,  0.22619,  1.64573,  0.40862
2161, 758,  0.02262,  0.07838,  0.04662,  0.54116,  0.22619,  1.54135,  0.40862
2162, 760,  0.02976,  0.07556,  0.05111,  0.54116,  0.26689,  1.54135,  0.44463
2163, 759,  0.0238,  0.07607,  0.04036,  0.64554,  0.22619,  1.64573,  0.40862
2164, 760,  0.02976,  0.07556,  0.05111,  0.54116,  0.26689,  1.54135,  0.44463
2165, 761,  0.03088,  0.07292,  0.04396,  0.64554,  0.26689,  1.64573,  0.44463
2166, 761,  0.03088,  0.07292,  0.04396,  0.64554,  0.26689,  1.64573,  0.44463
2167, 760,  0.02976,  0.07556,  0.05111,  0.54116,  0.26689,  1.54135,  0.44463
2168, 762,  0.03583,  0.07307,  0.05614,  0.54116,  0.30499,  1.54135,  0.47832
2169, 761,  0.03088,  0.07292,  0.04396,  0.64554,  0.26689,  1.64573,  0.44463
2170, 762,  0.03583,  0.07307,  0.05614,  0.54116,  0.30499,  1.54135,  0.47832
2171, 763,  0.03689,  0.07019,  0.0479,  0.64554,  0.30499,  1.64573,  0.47832
2172, 762,  0.03583,  0.07307,  0.05614,  0.54116,  0.30499,  1.54135,  0.47832
2173, 764,  0.04122,  0.06831,  0.05212,  0.64554,  0.3389,  1.64573,  0.50832
2174, 763,  0.03689,  0.07019,  0.0479,  0.64554,  0.30499,  1.64573,  0.47832
2175, 762,  0.03583,  0.07307,  0.05614,  0.54116,  0.30499,  1.54135,  0.47832
2176, 765,  0.04021,  0.07124,  0.06146,  0.54116,  0.3389,  1.54135,  0.50832
2177, 764,  0.04122,  0.06831,  0.05212,  0.64554,  0.3389,  1.64573,  0.50832
2178, 766,  0.04509,  0.06689,  0.05657,  0.64554,  0.37011,  1.64573,  0.53593
2179, 764,  0.04122,  0.06831,  0.05212,  0.64554,  0.3389,  1.64573,  0.50832
2180, 765,  0.04021,  0.07124,  0.06146,  0.54116,  0.3389,  1.54135,  0.50832
2181, 766,  0.04509,  0.06689,  0.05657,  0.64554,  0.37011,  1.64573,  0.53593
2182, 765,  0.04021,  0.07124,  0.06146,  0.54116,  0.3389,  1.54135,  0.50832
2183, 767,  0.04368,  0.06993,  0.06657,  0.54116,  0.37011,  1.54135,  0.53593
2184, 766,  0.04509,  0.06689,  0.05657,  0.64554,  0.37011,  1.64573,  0.53593
2185, 767,  0.04368,  0.06993,  0.06657,  0.54116,  0.37011,  1.54135,  0.53593
2186, 768,  0.04699,  0.06897,  0.07097,  0.54116,  0.40007,  1.54135,  0.56243
2187, 766,  0.04509,  0.06689,  0.05657,  0.64554,  0.37011,  1.64573,  0.53593
2188, 768,  0.04699,  0.06897,  0.07097,  0.54116,  0.40007,  1.54135,  0.56243
2189, 769,  0.04971,  0.06551,  0.06122,  0.64554,  0.40007,  1.64573,  0.56243
2190, 769,  0.04971,  0.06551,  0.06122,  0.64554,  0.40007,  1.64573,  0.56243
2191, 768,  0.04699,  0.06897,  0.07097,  0.54116,  0.40007,  1.54135,  0.56243
2192, 770,  0.04996,  0.06803,  0.075,  0.54116,  0.43365,  1.54135,  0.59213
2193, 769,  0.04971,  0.06551,  0.06122,  0.64554,  0.40007,  1.64573,  0.56243
2194, 770,  0.04996,  0.06803,  0.075,  0.54116,  0.43365,  1.54135,  0.59213
2195, 771,  0.05472,  0.06368,  0.06661,  0.64554,  0.43365,  1.64573,  0.59213
2196, 770,  0.04996,  0.06803,  0.075,  0.54116,  0.43365,  1.54135,  0.59213
2197, 772,  0.05976,  0.06088,  0.07329,  0.64554,  0.4757,  1.64573,  0.62932
2198, 771,  0.05472,  0.06368,  0.06661,  0.64554,  0.43365,  1.64573,  0.59213
2199, 770,  0.04996,  0.06803,  0.075,  0.54116,  0.43365,  1.54135,  0.59213
2200, 773,  0.0524,  0.06678,  0.07897,  0.54116,  0.4757,  1.54135,  0.62932
2201, 772,  0.05976,  0.06088,  0.07329,  0.64554,  0.4757,  1.64573,  0.62932
2202, 774,  0.05441,  0.06513,  0.08319,  0.54116,  0.52017,  1.54135,  0.66866
2203, 772,  0.05976,  0.06088,  0.07329,  0.64554,  0.4757,  1.64573,  0.62932
2204, 773,  0.0524,  0.06678,  0.07897,  0.54116,  0.4757,  1.54135,  0.62932
2205, 774,  0.05441,  0.06513,  0.08319,  0.54116,  0.52017,  1.54135,  0.66866
2206, 775,  0.06422,  0.05786,  0.08012,  0.64554,  0.52017,  1.64573,  0.66866
2207, 772,  0.05976,  0.06088,  0.07329,  0.64554,  0.4757,  1.64573,  0.62932
2208, 775,  0.06422,  0.05786,  0.08012,  0.64554,  0.52017,  1.64573,  0.66866
2209, 774,  0.05441,  0.06513,  0.08319,  0.54116,  0.52017,  1.54135,  0.66866
2210, 776,  0.0561,  0.06296,  0.08796,  0.54116,  0.56103,  1.54135,  0.7048
2211, 775,  0.06422,  0.05786,  0.08012,  0.64554,  0.52017,  1.64573,  0.66866
2212, 776,  0.0561,  0.06296,  0.08796,  0.54116,  0.56103,  1.54135,  0.7048
2213, 777,  0.06745,  0.05535,  0.08596,  0.64554,  0.56103,  1.64573,  0.7048
2214, 777,  0.06745,  0.05535,  0.08596,  0.64554,  0.56103,  1.64573,  0.7048
2215, 776,  0.0561,  0.06296,  0.08796,  0.54116,  0.56103,  1.54135,  0.7048
2216, 778,  0.05762,  0.06018,  0.09281,  0.54116,  0.59864,  1.54135,  0.73807
2217, 777,  0.06745,  0.05535,  0.08596,  0.64554,  0.56103,  1.64573,  0.7048
2218, 778,  0.05762,  0.06018,  0.09281,  0.54116,  0.59864,  1.54135,  0.73807
2219, 779,  0.06978,  0.05295,  0.09116,  0.64554,  0.59864,  1.64573,  0.73807
2220, 779,  0.06978,  0.05295,  0.09116,  0.64554,  0.59864,  1.64573,  0.73807
2221, 778,  0.05762,  0.06018,  0.09281,  0.54116,  0.59864,  1.54135,  0.73807
2222, 780,  0.0591,  0.05669,  0.09727,  0.54116,  0.63339,  1.54135,  0.7688
2223, 779,  0.06978,  0.05295,  0.09116,  0.64554,  0.59864,  1.64573,  0.73807
2224, 780,  0.0591,  0.05669,  0.09727,  0.54116,  0.63339,  1.54135,  0.7688
2225, 781,  0.07152,  0.05024,  0.09606,  0.64554,  0.63339,  1.64573,  0.7688
2226, 781,  0.07152,  0.05024,  0.09606,  0.64554,  0.63339,  1.64573,  0.7688
2227, 780,  0.0591,  0.05669,  0.09727,  0.54116,  0.63339,  1.54135,  0.7688
2228, 782,  0.06018,  0.0529,  0.10151,  0.54116,  0.66532,  1.54135,  0.79705
2229, 781,  0.07152,  0.05024,  0.09606,  0.64554,  0.63339,  1.64573,  0.7688
2230, 782,  0.06018,  0.0529,  0.10151,  0.54116,  0.66532,  1.54135,  0.79705
2231, 783,  0.07256,  0.04727,  0.10065,  0.64554,  0.66532,  1.64573,  0.79705
2232, 782,  0.06018,  0.0529,  0.10151,  0.54116,  0.66532,  1.54135,  0.79705
2233, 784,  0.07279,  0.04411,  0.10492,  0.64554,  0.69451,  1.64573,  0.82287
2234, 783,  0.07256,  0.04727,  0.10065,  0.64554,  0.66532,  1.64573,  0.79705
2235, 782,  0.06018,  0.0529,  0.10151,  0.54116,  0.66532,  1.54135,  0.79705
2236, 785,  0.06049,  0.04922,  0.10568,  0.54116,  0.69451,  1.54135,  0.82287
2237, 784,  0.07279,  0.04411,  0.10492,  0.64554,  0.69451,  1.64573,  0.82287
2238, 786,  0.06038,  0.04567,  0.10931,  0.54116,  0.72109,  1.54135,  0.84638
2239, 784,  0.07279,  0.04411,  0.10492,  0.64554,  0.69451,  1.64573,  0.82287
2240, 785,  0.06049,  0.04922,  0.10568,  0.54116,  0.69451,  1.54135,  0.82287
2241, 786,  0.06038,  0.04567,  0.10931,  0.54116,  0.72109,  1.54135,  0.84638
2242, 787,  0.07237,  0.04094,  0.10849,  0.64554,  0.72109,  1.64573,  0.84638
2243, 784,  0.07279,  0.04411,  0.10492,  0.64554,  0.69451,  1.64573,  0.82287
2244, 786,  0.06038,  0.04567,  0.10931,  0.54116,  0.72109,  1.54135,  0.84638
2245, 788,  0.07146,  0.03798,  0.11098,  0.64554,  0.74519,  1.64573,  0.8677
2246, 787,  0.07237,  0.04094,  0.10849,  0.64554,  0.72109,  1.64573,  0.84638
2247, 786,  0.06038,  0.04567,  0.10931,  0.54116,  0.72109,  1.54135,  0.84638
2248, 789,  0.06018,  0.04225,  0.11191,  0.54116,  0.74519,  1.54135,  0.8677
2249, 788,  0.07146,  0.03798,  0.11098,  0.64554,  0.74519,  1.64573,  0.8677
2250, 790,  0.05997,  0.03884,  0.11435,  0.54116,  0.76892,  1.541,  0.88654
2251, 788,  0.07146,  0.03798,  0.11098,  0.64554,  0.74519,  1.64573,  0.8677
2252, 789,  0.06018,  0.04225,  0.11191,  0.54116,  0.74519,  1.54135,  0.8677
2253, 790,  0.05997,  0.03884,  0.11435,  0.54116,  0.76892,  1.541,  0.88654
2254, 791,  0.07024,  0.03485,  0.11289,  0.64554,  0.76892,  1.64538,  0.88654
2255, 788,  0.07146,  0.03798,  0.11098,  0.64554,  0.74519,  1.64573,  0.8677
2256, 791,  0.07024,  0.03485,  0.11289,  0.64554,  0.76892,  1.64538,  0.88654
2257, 790,  0.05997,  0.03884,  0.11435,  0.54116,  0.76892,  1.541,  0.88654
2258, 792,  0.05984,  0.03532,  0.11751,  0.54116,  0.79437,  1.53994,  0.90261
2259, 791,  0.07024,  0.03485,  0.11289,  0.64554,  0.76892,  1.64538,  0.88654
2260, 792,  0.05984,  0.03532,  0.11751,  0.54116,  0.79437,  1.53994,  0.90261
2261, 793,  0.06888,  0.0312,  0.11472,  0.64554,  0.79437,  1.64432,  0.90261
2262, 793,  0.06888,  0.0312,  0.11472,  0.64554,  0.79437,  1.64432,  0.90261
2263, 792,  0.05984,  0.03532,  0.11751,  0.54116,  0.79437,  1.53994,  0.90261
2264, 794,  0.05974,  0.03175,  0.12104,  0.54116,  0.82067,  1.53853,  0.9173
2265, 793,  0.06888,  0.0312,  0.11472,  0.64554,  0.79437,  1.64432,  0.90261
2266, 794,  0.05974,  0.03175,  0.12104,  0.54116,  0.82067,  1.53853,  0.9173
2267, 795,  0.06743,  0.02728,  0.11652,  0.64554,  0.82067,  1.64291,  0.9173
2268, 796,  0.01999,  0.07495,  0.02385,  0.54561,  0.19265,  1.90596,  0.42557
2269, 797,  0.02336,  0.07455,  0.02873,  0.54561,  0.21981,  1.90596,  0.46086
2270, 798,  0.02877,  0.07009,  0.02453,  0.65967,  0.21981,  1.98503,  0.46086
2271, 796,  0.01999,  0.07495,  0.02385,  0.54561,  0.19265,  1.90596,  0.42557
2272, 798,  0.02877,  0.07009,  0.02453,  0.65967,  0.21981,  1.98503,  0.46086
2273, 799,  0.02547,  0.07048,  0.02031,  0.65967,  0.19265,  1.98503,  0.42557
2274, 800,  0.02717,  0.07417,  0.03423,  0.54561,  0.24084,  1.90596,  0.49976
2275, 798,  0.02877,  0.07009,  0.02453,  0.65967,  0.21981,  1.98503,  0.46086
2276, 797,  0.02336,  0.07455,  0.02873,  0.54561,  0.21981,  1.90596,  0.46086
2277, 800,  0.02717,  0.07417,  0.03423,  0.54561,  0.24084,  1.90596,  0.49976
2278, 801,  0.03257,  0.0696,  0.02934,  0.65967,  0.24084,  1.98503,  0.49976
2279, 798,  0.02877,  0.07009,  0.02453,  0.65967,  0.21981,  1.98503,  0.46086
2280, 801,  0.03257,  0.0696,  0.02934,  0.65967,  0.24084,  1.98503,  0.49976
2281, 800,  0.02717,  0.07417,  0.03423,  0.54561,  0.24084,  1.90596,  0.49976
2282, 802,  0.03095,  0.07377,  0.03976,  0.54561,  0.26218,  1.90596,  0.53614
2283, 801,  0.03257,  0.0696,  0.02934,  0.65967,  0.24084,  1.98503,  0.49976
2284, 802,  0.03095,  0.07377,  0.03976,  0.54561,  0.26218,  1.90596,  0.53614
2285, 803,  0.03634,  0.0688,  0.03418,  0.65967,  0.26218,  1.98503,  0.53614
2286, 803,  0.03634,  0.0688,  0.03418,  0.65967,  0.26218,  1.98503,  0.53614
2287, 802,  0.03095,  0.07377,  0.03976,  0.54561,  0.26218,  1.90596,  0.53614
2288, 804,  0.03467,  0.07325,  0.04534,  0.54561,  0.28583,  1.90596,  0.57366
2289, 803,  0.03634,  0.0688,  0.03418,  0.65967,  0.26218,  1.98503,  0.53614
2290, 804,  0.03467,  0.07325,  0.04534,  0.54561,  0.28583,  1.90596,  0.57366
2291, 805,  0.04017,  0.06786,  0.03907,  0.65967,  0.28583,  1.98503,  0.57366
2292, 799,  0.02547,  0.07048,  0.02031,  0.65967,  0.19265,  1.98503,  0.42557
2293, 806,  0.0176,  0.07538,  0.02017,  0.54561,  0.17882,  1.90596,  0.39999
2294, 796,  0.01999,  0.07495,  0.02385,  0.54561,  0.19265,  1.90596,  0.42557
2295, 799,  0.02547,  0.07048,  0.02031,  0.65967,  0.19265,  1.98503,  0.42557
2296, 807,  0.02319,  0.07096,  0.01721,  0.65967,  0.17882,  1.98503,  0.39999
2297, 806,  0.0176,  0.07538,  0.02017,  0.54561,  0.17882,  1.90596,  0.39999
2298, 808,  0.02135,  0.07145,  0.01424,  0.65967,  0.16195,  1.98503,  0.37419
2299, 806,  0.0176,  0.07538,  0.02017,  0.54561,  0.17882,  1.90596,  0.39999
2300, 807,  0.02319,  0.07096,  0.01721,  0.65967,  0.17882,  1.98503,  0.39999
2301, 808,  0.02135,  0.07145,  0.01424,  0.65967,  0.16195,  1.98503,  0.37419
2302, 809,  0.01567,  0.07578,  0.01656,  0.54561,  0.16195,  1.90596,  0.37419
2303, 806,  0.0176,  0.07538,  0.02017,  0.54561,  0.17882,  1.90596,  0.39999
2304, 805,  0.04017,  0.06786,  0.03907,  0.65967,  0.28583,  1.98503,  0.57366
2305, 804,  0.03467,  0.07325,  0.04534,  0.54561,  0.28583,  1.90596,  0.57366
2306, 810,  0.03839,  0.07247,  0.05092,  0.54561,  0.31383,  1.90596,  0.61597
2307, 805,  0.04017,  0.06786,  0.03907,  0.65967,  0.28583,  1.98503,  0.57366
2308, 810,  0.03839,  0.07247,  0.05092,  0.54561,  0.31383,  1.90596,  0.61597
2309, 811,  0.04416,  0.06693,  0.04401,  0.65967,  0.31383,  1.98503,  0.61597
2310, 811,  0.04416,  0.06693,  0.04401,  0.65967,  0.31383,  1.98503,  0.61597
2311, 810,  0.03839,  0.07247,  0.05092,  0.54561,  0.31383,  1.90596,  0.61597
2312, 812,  0.04187,  0.0715,  0.05658,  0.54561,  0.34751,  1.90596,  0.66063
2313, 811,  0.04416,  0.06693,  0.04401,  0.65967,  0.31383,  1.98503,  0.61597
2314, 812,  0.04187,  0.0715,  0.05658,  0.54561,  0.34751,  1.90596,  0.66063
2315, 813,  0.04827,  0.0663,  0.04913,  0.65967,  0.34751,  1.98503,  0.66063
2316, 813,  0.04827,  0.0663,  0.04913,  0.65967,  0.34751,  1.98503,  0.66063
2317, 812,  0.04187,  0.0715,  0.05658,  0.54561,  0.34751,  1.90596,  0.66063
2318, 814,  0.04488,  0.07042,  0.0624,  0.54561,  0.38462,  1.90596,  0.70522
2319, 813,  0.04827,  0.0663,  0.04913,  0.65967,  0.34751,  1.98503,  0.66063
2320, 814,  0.04488,  0.07042,  0.0624,  0.54561,  0.38462,  1.90596,  0.70522
2321, 815,  0.05247,  0.06623,  0.05453,  0.65967,  0.38821,  1.98503,  0.70522
2322, 815,  0.05247,  0.06623,  0.05453,  0.65967,  0.38821,  1.98503,  0.70522
2323, 814,  0.04488,  0.07042,  0.0624,  0.54561,  0.38462,  1.90596,  0.70522
2324, 816,  0.0476,  0.06945,  0.06808,  0.54561,  0.41688,  1.90596,  0.74999
2325, 815,  0.05247,  0.06623,  0.05453,  0.65967,  0.38821,  1.98503,  0.70522
2326, 816,  0.0476,  0.06945,  0.06808,  0.54561,  0.41688,  1.90596,  0.74999
2327, 817,  0.05654,  0.06582,  0.06057,  0.65967,  0.41688,  1.98503,  0.74999
2328, 816,  0.0476,  0.06945,  0.06808,  0.54561,  0.41688,  1.90596,  0.74999
2329, 818,  0.06025,  0.06417,  0.0676,  0.65967,  0.45127,  1.98503,  0.79524
2330, 817,  0.05654,  0.06582,  0.06057,  0.65967,  0.41688,  1.98503,  0.74999
2331, 816,  0.0476,  0.06945,  0.06808,  0.54561,  0.41688,  1.90596,  0.74999
2332, 819,  0.05018,  0.06883,  0.07331,  0.54561,  0.45127,  1.90596,  0.79524
2333, 818,  0.06025,  0.06417,  0.0676,  0.65967,  0.45127,  1.98503,  0.79524
2334, 820,  0.05251,  0.06803,  0.07847,  0.54561,  0.47748,  1.90596,  0.83884
2335, 818,  0.06025,  0.06417,  0.0676,  0.65967,  0.45127,  1.98503,  0.79524
2336, 819,  0.05018,  0.06883,  0.07331,  0.54561,  0.45127,  1.90596,  0.79524
2337, 820,  0.05251,  0.06803,  0.07847,  0.54561,  0.47748,  1.90596,  0.83884
2338, 821,  0.06345,  0.06205,  0.07486,  0.65967,  0.47748,  1.98503,  0.83884
2339, 818,  0.06025,  0.06417,  0.0676,  0.65967,  0.45127,  1.98503,  0.79524
2340, 821,  0.06345,  0.06205,  0.07486,  0.65967,  0.47748,  1.98503,  0.83884
2341, 820,  0.05251,  0.06803,  0.07847,  0.54561,  0.47748,  1.90596,  0.83884
2342, 822,  0.05445,  0.06649,  0.08397,  0.54561,  0.51223,  1.90596,  0.87868
2343, 821,  0.06345,  0.06205,  0.07486,  0.65967,  0.47748,  1.98503,  0.83884
2344, 822,  0.05445,  0.06649,  0.08397,  0.54561,  0.51223,  1.90596,  0.87868
2345, 823,  0.06598,  0.06025,  0.08156,  0.65967,  0.51223,  1.98503,  0.87868
2346, 823,  0.06598,  0.06025,  0.08156,  0.65967,  0.51223,  1.98503,  0.87868
2347, 822,  0.05445,  0.06649,  0.08397,  0.54561,  0.51223,  1.90596,  0.87868
2348, 824,  0.0561,  0.06438,  0.0894,  0.54561,  0.54637,  1.90596,  0.91015
2349, 823,  0.06598,  0.06025,  0.08156,  0.65967,  0.51223,  1.98503,  0.87868
2350, 824,  0.0561,  0.06438,  0.0894,  0.54561,  0.54637,  1.90596,  0.91015
2351, 825,  0.06793,  0.05838,  0.08756,  0.65967,  0.54637,  1.98503,  0.91015
2352, 824,  0.0561,  0.06438,  0.0894,  0.54561,  0.54637,  1.90596,  0.91015
2353, 826,  0.06942,  0.05603,  0.09269,  0.65967,  0.57076,  1.98503,  0.92862
2354, 825,  0.06793,  0.05838,  0.08756,  0.65967,  0.54637,  1.98503,  0.91015
2355, 824,  0.0561,  0.06438,  0.0894,  0.54561,  0.54637,  1.90596,  0.91015
2356, 827,  0.05751,  0.06186,  0.09438,  0.54561,  0.57076,  1.90596,  0.92862
2357, 826,  0.06942,  0.05603,  0.09269,  0.65967,  0.57076,  1.98503,  0.92862
2358, 828,  0.07058,  0.0531,  0.09736,  0.65967,  0.59027,  1.98503,  0.93965
2359, 826,  0.06942,  0.05603,  0.09269,  0.65967,  0.57076,  1.98503,  0.92862
2360, 827,  0.05751,  0.06186,  0.09438,  0.54561,  0.57076,  1.90596,  0.92862
2361, 828,  0.07058,  0.0531,  0.09736,  0.65967,  0.59027,  1.98503,  0.93965
2362, 827,  0.05751,  0.06186,  0.09438,  0.54561,  0.57076,  1.90596,  0.92862
2363, 829,  0.0587,  0.0587,  0.09902,  0.54561,  0.59027,  1.90596,  0.93965
2364, 828,  0.07058,  0.0531,  0.09736,  0.65967,  0.59027,  1.98503,  0.93965
2365, 829,  0.0587,  0.0587,  0.09902,  0.54561,  0.59027,  1.90596,  0.93965
2366, 830,  0.0597,  0.0547,  0.10343,  0.54561,  0.60979,  1.90596,  0.94881
2367, 828,  0.07058,  0.0531,  0.09736,  0.65967,  0.59027,  1.98503,  0.93965
2368, 830,  0.0597,  0.0547,  0.10343,  0.54561,  0.60979,  1.90596,  0.94881
2369, 831,  0.07159,  0.04952,  0.10198,  0.65967,  0.60979,  1.98503,  0.94881
2370, 831,  0.07159,  0.04952,  0.10198,  0.65967,  0.60979,  1.98503,  0.94881
2371, 830,  0.0597,  0.0547,  0.10343,  0.54561,  0.60979,  1.90596,  0.94881
2372, 832,  0.06041,  0.04996,  0.10788,  0.54561,  0.63417,  1.90596,  0.95654
2373, 831,  0.07159,  0.04952,  0.10198,  0.65967,  0.60979,  1.98503,  0.94881
2374, 832,  0.06041,  0.04996,  0.10788,  0.54561,  0.63417,  1.90596,  0.95654
2375, 833,  0.07231,  0.04547,  0.10635,  0.65967,  0.63417,  1.98503,  0.95654
2376, 832,  0.06041,  0.04996,  0.10788,  0.54561,  0.63417,  1.90596,  0.95654
2377, 834,  0.07262,  0.04117,  0.11028,  0.65967,  0.66832,  1.98503,  0.9633
2378, 833,  0.07231,  0.04547,  0.10635,  0.65967,  0.63417,  1.98503,  0.95654
2379, 832,  0.06041,  0.04996,  0.10788,  0.54561,  0.63417,  1.90596,  0.95654
2380, 835,  0.06076,  0.04458,  0.11263,  0.54561,  0.66832,  1.90596,  0.9633
2381, 834,  0.07262,  0.04117,  0.11028,  0.65967,  0.66832,  1.98503,  0.9633
2382, 836,  0.07225,  0.03654,  0.11394,  0.65967,  0.71333,  1.98503,  0.96928
2383, 834,  0.07262,  0.04117,  0.11028,  0.65967,  0.66832,  1.98503,  0.9633
2384, 835,  0.06076,  0.04458,  0.11263,  0.54561,  0.66832,  1.90596,  0.9633
2385, 836,  0.07225,  0.03654,  0.11394,  0.65967,  0.71333,  1.98503,  0.96928
2386, 835,  0.06076,  0.04458,  0.11263,  0.54561,  0.66832,  1.90596,  0.9633
2387, 837,  0.06101,  0.0393,  0.11693,  0.54561,  0.71333,  1.90596,  0.96928
2388, 836,  0.07225,  0.03654,  0.11394,  0.65967,  0.71333,  1.98503,  0.96928
2389, 837,  0.06101,  0.0393,  0.11693,  0.54561,  0.71333,  1.90596,  0.96928
2390, 838,  0.06145,  0.03482,  0.12004,  0.54561,  0.77033,  1.90596,  0.97464
2391, 836,  0.07225,  0.03654,  0.11394,  0.65967,  0.71333,  1.98503,  0.96928
2392, 838,  0.06145,  0.03482,  0.12004,  0.54561,  0.77033,  1.90596,  0.97464
2393, 839,  0.07093,  0.03151,  0.11748,  0.65967,  0.77033,  1.98503,  0.97464
2394, 839,  0.07093,  0.03151,  0.11748,  0.65967,  0.77033,  1.98503,  0.97464
2395, 838,  0.06145,  0.03482,  0.12004,  0.54561,  0.77033,  1.90596,  0.97464
2396, 840,  0.06184,  0.0306,  0.12218,  0.54561,  0.8306,  1.90596,  0.97983
2397, 839,  0.07093,  0.03151,  0.11748,  0.65967,  0.77033,  1.98503,  0.97464
2398, 840,  0.06184,  0.0306,  0.12218,  0.54561,  0.8306,  1.90596,  0.97983
2399, 841,  0.06881,  0.02602,  0.12072,  0.65967,  0.8306,  1.98503,  0.97983
2400, 841,  0.06881,  0.02602,  0.12072,  0.65967,  0.8306,  1.98503,  0.97983
2401, 840,  0.06184,  0.0306,  0.12218,  0.54561,  0.8306,  1.90596,  0.97983
2402, 842,  0.06193,  0.02605,  0.12356,  0.54561,  0.86762,  1.90596,  0.98531
2403, 841,  0.06881,  0.02602,  0.12072,  0.65967,  0.8306,  1.98503,  0.97983
2404, 842,  0.06193,  0.02605,  0.12356,  0.54561,  0.86762,  1.90596,  0.98531
2405, 843,  0.06603,  0.01998,  0.12347,  0.65967,  0.86762,  1.98503,  0.98531
2406, 843,  0.06603,  0.01998,  0.12347,  0.65967,  0.86762,  1.98503,  0.98531
2407, 842,  0.06193,  0.02605,  0.12356,  0.54561,  0.86762,  1.90596,  0.98531
2408, 844,  0.06187,  0.02135,  0.12456,  0.54561,  0.90253,  1.90596,  0.99093
2409, 843,  0.06603,  0.01998,  0.12347,  0.65967,  0.86762,  1.98503,  0.98531
2410, 844,  0.06187,  0.02135,  0.12456,  0.54561,  0.90253,  1.90596,  0.99093
2411, 845,  0.06292,  0.01369,  0.12598,  0.65967,  0.90253,  1.98503,  0.99093
2412, 846,  0.01624,  0.06493, -0.00877,  0.65967,  0.06298,  1.98503,  0.22908
2413, 847,  0.01686,  0.06176, -0.0117,  0.65967,  0.041,  1.98503,  0.19513
2414, 848,  0.0144,  0.06339, -0.01337,  0.54561,  0.041,  1.90596,  0.19513
2415, 846,  0.01624,  0.06493, -0.00877,  0.65967,  0.06298,  1.98503,  0.22908
2416, 848,  0.0144,  0.06339, -0.01337,  0.54561,  0.041,  1.90596,  0.19513
2417, 849,  0.01282,  0.0673, -0.01023,  0.54561,  0.06298,  1.90596,  0.22908
2418, 850,  0.01761,  0.05843, -0.01454,  0.65967,  0.002,  1.98503,  0.15503
2419, 848,  0.0144,  0.06339, -0.01337,  0.54561,  0.041,  1.90596,  0.19513
2420, 847,  0.01686,  0.06176, -0.0117,  0.65967,  0.041,  1.98503,  0.19513
2421, 850,  0.01761,  0.05843, -0.01454,  0.65967,  0.002,  1.98503,  0.15503
2422, 851,  0.01612,  0.05926, -0.01636,  0.54561,  0.002,  1.90596,  0.15503
2423, 848,  0.0144,  0.06339, -0.01337,  0.54561,  0.041,  1.90596,  0.19513
2424, 846,  0.01624,  0.06493, -0.00877,  0.65967,  0.06298,  1.98503,  0.22908
2425, 849,  0.01282,  0.0673, -0.01023,  0.54561,  0.06298,  1.90596,  0.22908
2426, 852,  0.01162,  0.07078, -0.0068,  0.54561,  0.078,  1.90596,  0.25074
2427, 846,  0.01624,  0.06493, -0.00877,  0.65967,  0.06298,  1.98503,  0.22908
2428, 852,  0.01162,  0.07078, -0.0068,  0.54561,  0.078,  1.90596,  0.25074
2429, 853,  0.01578,  0.06778, -0.00565,  0.65967,  0.078,  1.98503,  0.25074
2430, 853,  0.01578,  0.06778, -0.00565,  0.65967,  0.078,  1.98503,  0.25074
2431, 852,  0.01162,  0.07078, -0.0068,  0.54561,  0.078,  1.90596,  0.25074
2432, 854,  0.01098,  0.07351, -0.00289,  0.54561,  0.08953,  1.90596,  0.26624
2433, 853,  0.01578,  0.06778, -0.00565,  0.65967,  0.078,  1.98503,  0.25074
2434, 854,  0.01098,  0.07351, -0.00289,  0.54561,  0.08953,  1.90596,  0.26624
2435, 855,  0.01578,  0.07003, -0.00217,  0.65967,  0.08953,  1.98503,  0.26624
2436, 855,  0.01578,  0.07003, -0.00217,  0.65967,  0.08953,  1.98503,  0.26624
2437, 854,  0.01098,  0.07351, -0.00289,  0.54561,  0.08953,  1.90596,  0.26624
2438, 856,  0.01117,  0.0752,  0.00173,  0.54561,  0.10105,  1.90596,  0.28174
2439, 855,  0.01578,  0.07003, -0.00217,  0.65967,  0.08953,  1.98503,  0.26624
2440, 856,  0.01117,  0.0752,  0.00173,  0.54561,  0.10105,  1.90596,  0.28174
2441, 857,  0.01642,  0.07137,  0.00181,  0.65967,  0.10105,  1.98503,  0.28174
2442, 858,  0.01765,  0.07194,  0.00607,  0.65967,  0.11626,  1.98503,  0.30362
2443, 857,  0.01642,  0.07137,  0.00181,  0.65967,  0.10105,  1.98503,  0.28174
2444, 856,  0.01117,  0.0752,  0.00173,  0.54561,  0.10105,  1.90596,  0.28174
2445, 858,  0.01765,  0.07194,  0.00607,  0.65967,  0.11626,  1.98503,  0.30362
2446, 856,  0.01117,  0.0752,  0.00173,  0.54561,  0.10105,  1.90596,  0.28174
2447, 859,  0.01212,  0.07601,  0.00675,  0.54561,  0.11626,  1.90596,  0.30362
2448, 860,  0.01374,  0.0761,  0.01189,  0.54561,  0.13883,  1.90596,  0.33825
2449, 858,  0.01765,  0.07194,  0.00607,  0.65967,  0.11626,  1.98503,  0.30362
2450, 859,  0.01212,  0.07601,  0.00675,  0.54561,  0.11626,  1.90596,  0.30362
2451, 860,  0.01374,  0.0761,  0.01189,  0.54561,  0.13883,  1.90596,  0.33825
2452, 861,  0.0194,  0.07187,  0.01038,  0.65967,  0.13883,  1.98503,  0.33825
2453, 858,  0.01765,  0.07194,  0.00607,  0.65967,  0.11626,  1.98503,  0.30362
2454, 809,  0.01567,  0.07578,  0.01656,  0.54561,  0.16195,  1.90596,  0.37419
2455, 861,  0.0194,  0.07187,  0.01038,  0.65967,  0.13883,  1.98503,  0.33825
2456, 860,  0.01374,  0.0761,  0.01189,  0.54561,  0.13883,  1.90596,  0.33825
2457, 809,  0.01567,  0.07578,  0.01656,  0.54561,  0.16195,  1.90596,  0.37419
2458, 808,  0.02135,  0.07145,  0.01424,  0.65967,  0.16195,  1.98503,  0.37419
2459, 861,  0.0194,  0.07187,  0.01038,  0.65967,  0.13883,  1.98503,  0.33825
2460, 862, -0.00353, -0.069,  0.02244,  0.39576,  0.00202,  0.38663,  0.4651
2461, 863, -0.00163, -0.06775,  0.02109,  0.47954,  0.00202,  0.30285,  0.4651
2462, 864,  0.00916, -0.06772,  0.02761,  0.47954,  0.04831,  0.30285,  0.50005
2463, 862, -0.00353, -0.069,  0.02244,  0.39576,  0.00202,  0.38663,  0.4651
2464, 864,  0.00916, -0.06772,  0.02761,  0.47954,  0.04831,  0.30285,  0.50005
2465, 865,  0.00638, -0.06968,  0.02951,  0.39576,  0.04831,  0.38663,  0.50005
2466, 865,  0.00638, -0.06968,  0.02951,  0.39576,  0.04831,  0.38663,  0.50005
2467, 864,  0.00916, -0.06772,  0.02761,  0.47954,  0.04831,  0.30285,  0.50005
2468, 866,  0.01838, -0.06782,  0.03358,  0.47954,  0.09519,  0.30285,  0.53332
2469, 865,  0.00638, -0.06968,  0.02951,  0.39576,  0.04831,  0.38663,  0.50005
2470, 866,  0.01838, -0.06782,  0.03358,  0.47954,  0.09519,  0.30285,  0.53332
2471, 867,  0.01492, -0.07023,  0.03604,  0.39576,  0.09519,  0.38663,  0.53332
2472, 866,  0.01838, -0.06782,  0.03358,  0.47954,  0.09519,  0.30285,  0.53332
2473, 868,  0.02076, -0.07049,  0.04144,  0.39576,  0.14328,  0.38663,  0.56325
2474, 867,  0.01492, -0.07023,  0.03604,  0.39576,  0.09519,  0.38663,  0.53332
2475, 866,  0.01838, -0.06782,  0.03358,  0.47954,  0.09519,  0.30285,  0.53332
2476, 869,  0.02445, -0.06819,  0.03838,  0.47954,  0.14328,  0.30285,  0.56325
2477, 868,  0.02076, -0.07049,  0.04144,  0.39576,  0.14328,  0.38663,  0.56325
2478, 870,  0.02857, -0.06843,  0.04219,  0.47954,  0.19158,  0.30285,  0.59128
2479, 868,  0.02076, -0.07049,  0.04144,  0.39576,  0.14328,  0.38663,  0.56325
2480, 869,  0.02445, -0.06819,  0.03838,  0.47954,  0.14328,  0.30285,  0.56325
2481, 870,  0.02857, -0.06843,  0.04219,  0.47954,  0.19158,  0.30285,  0.59128
2482, 871,  0.02494, -0.07059,  0.04619,  0.39576,  0.19158,  0.38663,  0.59128
2483, 868,  0.02076, -0.07049,  0.04144,  0.39576,  0.14328,  0.38663,  0.56325
2484, 870,  0.02857, -0.06843,  0.04219,  0.47954,  0.19158,  0.30285,  0.59128
2485, 872,  0.02852, -0.07066,  0.05071,  0.39576,  0.23914,  0.38663,  0.61888
2486, 871,  0.02494, -0.07059,  0.04619,  0.39576,  0.19158,  0.38663,  0.59128
2487, 870,  0.02857, -0.06843,  0.04219,  0.47954,  0.19158,  0.30285,  0.59128
2488, 873,  0.03193, -0.06816,  0.04519,  0.47954,  0.23914,  0.30285,  0.61888
2489, 872,  0.02852, -0.07066,  0.05071,  0.39576,  0.23914,  0.38663,  0.61888
2490, 874,  0.03517, -0.06774,  0.04803,  0.47954,  0.28487,  0.30285,  0.64541
2491, 872,  0.02852, -0.07066,  0.05071,  0.39576,  0.23914,  0.38663,  0.61888
2492, 873,  0.03193, -0.06816,  0.04519,  0.47954,  0.23914,  0.30285,  0.61888
2493, 874,  0.03517, -0.06774,  0.04803,  0.47954,  0.28487,  0.30285,  0.64541
2494, 875,  0.03218, -0.07071,  0.05526,  0.39576,  0.28487,  0.38663,  0.64541
2495, 872,  0.02852, -0.07066,  0.05071,  0.39576,  0.23914,  0.38663,  0.61888
2496, 874,  0.03517, -0.06774,  0.04803,  0.47954,  0.28487,  0.30285,  0.64541
2497, 876,  0.0366, -0.07074,  0.06002,  0.39576,  0.3277,  0.38663,  0.67027
2498, 875,  0.03218, -0.07071,  0.05526,  0.39576,  0.28487,  0.38663,  0.64541
2499, 874,  0.03517, -0.06774,  0.04803,  0.47954,  0.28487,  0.30285,  0.64541
2500, 877,  0.03888, -0.06755,  0.0514,  0.47954,  0.3277,  0.30285,  0.67027
2501, 876,  0.0366, -0.07074,  0.06002,  0.39576,  0.3277,  0.38663,  0.67027
2502, 878,  0.04301, -0.06695,  0.05516,  0.47954,  0.36988,  0.30285,  0.69475
2503, 876,  0.0366, -0.07074,  0.06002,  0.39576,  0.3277,  0.38663,  0.67027
2504, 877,  0.03888, -0.06755,  0.0514,  0.47954,  0.3277,  0.30285,  0.67027
2505, 878,  0.04301, -0.06695,  0.05516,  0.47954,  0.36988,  0.30285,  0.69475
2506, 879,  0.041, -0.07036,  0.06447,  0.39576,  0.36988,  0.38663,  0.69475
2507, 876,  0.0366, -0.07074,  0.06002,  0.39576,  0.3277,  0.38663,  0.67027
2508, 878,  0.04301, -0.06695,  0.05516,  0.47954,  0.36988,  0.30285,  0.69475
2509, 880,  0.04456, -0.06917,  0.06814,  0.39576,  0.41367,  0.38663,  0.72015
2510, 879,  0.041, -0.07036,  0.06447,  0.39576,  0.36988,  0.38663,  0.69475
2511, 878,  0.04301, -0.06695,  0.05516,  0.47954,  0.36988,  0.30285,  0.69475
2512, 881,  0.0475, -0.06531,  0.05916,  0.47954,  0.41367,  0.30285,  0.72015
2513, 880,  0.04456, -0.06917,  0.06814,  0.39576,  0.41367,  0.38663,  0.72015
2514, 882,  0.05239, -0.06305,  0.06379,  0.47954,  0.45758,  0.30285,  0.74563
2515, 880,  0.04456, -0.06917,  0.06814,  0.39576,  0.41367,  0.38663,  0.72015
2516, 881,  0.0475, -0.06531,  0.05916,  0.47954,  0.41367,  0.30285,  0.72015
2517, 882,  0.05239, -0.06305,  0.06379,  0.47954,  0.45758,  0.30285,  0.74563
2518, 883,  0.04768, -0.06745,  0.07171,  0.39576,  0.45758,  0.38663,  0.74563
2519, 880,  0.04456, -0.06917,  0.06814,  0.39576,  0.41367,  0.38663,  0.72015
2520, 883,  0.04768, -0.06745,  0.07171,  0.39576,  0.45758,  0.38663,  0.74563
2521, 882,  0.05239, -0.06305,  0.06379,  0.47954,  0.45758,  0.30285,  0.74563
2522, 884,  0.0577, -0.06061,  0.06945,  0.47954,  0.50014,  0.30285,  0.77033
2523, 883,  0.04768, -0.06745,  0.07171,  0.39576,  0.45758,  0.38663,  0.74563
2524, 884,  0.0577, -0.06061,  0.06945,  0.47954,  0.50014,  0.30285,  0.77033
2525, 885,  0.05076, -0.06543,  0.07588,  0.39576,  0.50014,  0.38663,  0.77033
2526, 886,  0.05363, -0.06337,  0.08026,  0.39576,  0.54438,  0.38663,  0.796
2527, 885,  0.05076, -0.06543,  0.07588,  0.39576,  0.50014,  0.38663,  0.77033
2528, 884,  0.0577, -0.06061,  0.06945,  0.47954,  0.50014,  0.30285,  0.77033
2529, 886,  0.05363, -0.06337,  0.08026,  0.39576,  0.54438,  0.38663,  0.796
2530, 884,  0.0577, -0.06061,  0.06945,  0.47954,  0.50014,  0.30285,  0.77033
2531, 887,  0.06296, -0.05791,  0.0756,  0.47954,  0.54438,  0.30285,  0.796
2532, 886,  0.05363, -0.06337,  0.08026,  0.39576,  0.54438,  0.38663,  0.796
2533, 887,  0.06296, -0.05791,  0.0756,  0.47954,  0.54438,  0.30285,  0.796
2534, 888,  0.06768, -0.05489,  0.08172,  0.47954,  0.59332,  0.30285,  0.8244
2535, 886,  0.05363, -0.06337,  0.08026,  0.39576,  0.54438,  0.38663,  0.796
2536, 888,  0.06768, -0.05489,  0.08172,  0.47954,  0.59332,  0.30285,  0.8244
2537, 889,  0.05614, -0.06151,  0.08447,  0.39576,  0.59332,  0.38663,  0.8244
2538, 890,  0.05845, -0.05963,  0.08887,  0.39576,  0.64254,  0.38663,  0.85296
2539, 889,  0.05614, -0.06151,  0.08447,  0.39576,  0.59332,  0.38663,  0.8244
2540, 888,  0.06768, -0.05489,  0.08172,  0.47954,  0.59332,  0.30285,  0.8244
2541, 890,  0.05845, -0.05963,  0.08887,  0.39576,  0.64254,  0.38663,  0.85296
2542, 888,  0.06768, -0.05489,  0.08172,  0.47954,  0.59332,  0.30285,  0.8244
2543, 891,  0.07125, -0.05152,  0.08781,  0.47954,  0.64254,  0.30285,  0.85296
2544, 890,  0.05845, -0.05963,  0.08887,  0.39576,  0.64254,  0.38663,  0.85296
2545, 891,  0.07125, -0.05152,  0.08781,  0.47954,  0.64254,  0.30285,  0.85296
2546, 892,  0.07304, -0.04773,  0.09387,  0.47954,  0.68763,  0.30285,  0.87912
2547, 890,  0.05845, -0.05963,  0.08887,  0.39576,  0.64254,  0.38663,  0.85296
2548, 892,  0.07304, -0.04773,  0.09387,  0.47954,  0.68763,  0.30285,  0.87912
2549, 893,  0.06074, -0.05746,  0.09382,  0.39576,  0.68763,  0.38663,  0.87912
2550, 893,  0.06074, -0.05746,  0.09382,  0.39576,  0.68763,  0.38663,  0.87912
2551, 892,  0.07304, -0.04773,  0.09387,  0.47954,  0.68763,  0.30285,  0.87912
2552, 894,  0.0736, -0.04392,  0.09958,  0.47954,  0.72748,  0.30285,  0.90225
2553, 893,  0.06074, -0.05746,  0.09382,  0.39576,  0.68763,  0.38663,  0.87912
2554, 894,  0.0736, -0.04392,  0.09958,  0.47954,  0.72748,  0.30285,  0.90225
2555, 895,  0.06262, -0.05467,  0.09894,  0.39576,  0.72748,  0.38663,  0.90225
2556, 895,  0.06262, -0.05467,  0.09894,  0.39576,  0.72748,  0.38663,  0.90225
2557, 894,  0.0736, -0.04392,  0.09958,  0.47954,  0.72748,  0.30285,  0.90225
2558, 896,  0.0735, -0.0405,  0.1046,  0.47954,  0.76101,  0.30285,  0.92171
2559, 895,  0.06262, -0.05467,  0.09894,  0.39576,  0.72748,  0.38663,  0.90225
2560, 896,  0.0735, -0.0405,  0.1046,  0.47954,  0.76101,  0.30285,  0.92171
2561, 897,  0.06372, -0.05089,  0.10389,  0.39576,  0.76101,  0.38663,  0.92171
2562, 897,  0.06372, -0.05089,  0.10389,  0.39576,  0.76101,  0.38663,  0.92171
2563, 896,  0.0735, -0.0405,  0.1046,  0.47954,  0.76101,  0.30285,  0.92171
2564, 898,  0.07269, -0.03715,  0.10903,  0.47954,  0.78987,  0.30285,  0.93845
2565, 897,  0.06372, -0.05089,  0.10389,  0.39576,  0.76101,  0.38663,  0.92171
2566, 898,  0.07269, -0.03715,  0.10903,  0.47954,  0.78987,  0.30285,  0.93845
2567, 899,  0.06415, -0.04639,  0.10852,  0.39576,  0.78987,  0.38663,  0.93845
2568, 899,  0.06415, -0.04639,  0.10852,  0.39576,  0.78987,  0.38663,  0.93845
2569, 898,  0.07269, -0.03715,  0.10903,  0.47954,  0.78987,  0.30285,  0.93845
2570, 900,  0.07117, -0.03353,  0.11296,  0.47954,  0.81572,  0.30285,  0.95345
2571, 899,  0.06415, -0.04639,  0.10852,  0.39576,  0.78987,  0.38663,  0.93845
2572, 900,  0.07117, -0.03353,  0.11296,  0.47954,  0.81572,  0.30285,  0.95345
2573, 901,  0.06403, -0.04141,  0.11271,  0.39576,  0.81572,  0.38663,  0.95345
2574, 901,  0.06403, -0.04141,  0.11271,  0.39576,  0.81572,  0.38663,  0.95345
2575, 900,  0.07117, -0.03353,  0.11296,  0.47954,  0.81572,  0.30285,  0.95345
2576, 902,  0.06903, -0.03002,  0.11561,  0.47954,  0.8392,  0.30285,  0.96707
2577, 901,  0.06403, -0.04141,  0.11271,  0.39576,  0.81572,  0.38663,  0.95345
2578, 902,  0.06903, -0.03002,  0.11561,  0.47954,  0.8392,  0.30285,  0.96707
2579, 903,  0.0628, -0.03633,  0.11548,  0.39576,  0.8392,  0.38663,  0.96707
2580, 902,  0.06903, -0.03002,  0.11561,  0.47954,  0.8392,  0.30285,  0.96707
2581, 904,  0.0599, -0.03154,  0.11582,  0.39576,  0.86093,  0.38663,  0.97969
2582, 903,  0.0628, -0.03633,  0.11548,  0.39576,  0.8392,  0.38663,  0.96707
2583, 902,  0.06903, -0.03002,  0.11561,  0.47954,  0.8392,  0.30285,  0.96707
2584, 905,  0.06633, -0.02697,  0.1162,  0.47954,  0.86093,  0.30285,  0.97969
2585, 904,  0.0599, -0.03154,  0.11582,  0.39576,  0.86093,  0.38663,  0.97969
2586, 906,  0.06337, -0.02414,  0.11577,  0.47954,  0.8818,  0.30285,  0.9918
2587, 904,  0.0599, -0.03154,  0.11582,  0.39576,  0.86093,  0.38663,  0.97969
2588, 905,  0.06633, -0.02697,  0.1162,  0.47954,  0.86093,  0.30285,  0.97969
2589, 906,  0.06337, -0.02414,  0.11577,  0.47954,  0.8818,  0.30285,  0.9918
2590, 907,  0.05616, -0.02688,  0.11496,  0.39576,  0.8818,  0.38663,  0.9918
2591, 904,  0.0599, -0.03154,  0.11582,  0.39576,  0.86093,  0.38663,  0.97969
2592, 908,  0.01802, -0.07518,  0.02537,  0.14297,  0.09244,  1.54376,  0.40301
2593, 909,  0.02229, -0.07314,  0.0229,  0.31599,  0.09244,  1.45998,  0.40301
2594, 910,  0.02744, -0.07257,  0.02706,  0.31599,  0.10604,  1.45998,  0.43025
2595, 908,  0.01802, -0.07518,  0.02537,  0.14297,  0.09244,  1.54376,  0.40301
2596, 910,  0.02744, -0.07257,  0.02706,  0.31599,  0.10604,  1.45998,  0.43025
2597, 911,  0.02354, -0.07516,  0.03057,  0.14297,  0.10604,  1.54376,  0.43025
2598, 911,  0.02354, -0.07516,  0.03057,  0.14297,  0.10604,  1.54376,  0.43025
2599, 910,  0.02744, -0.07257,  0.02706,  0.31599,  0.10604,  1.45998,  0.43025
2600, 912,  0.03303, -0.07166,  0.03182,  0.31599,  0.12146,  1.45998,  0.47186
2601, 911,  0.02354, -0.07516,  0.03057,  0.14297,  0.10604,  1.54376,  0.43025
2602, 912,  0.03303, -0.07166,  0.03182,  0.31599,  0.12146,  1.45998,  0.47186
2603, 913,  0.02931, -0.07509,  0.03658,  0.14297,  0.12146,  1.54376,  0.47186
2604, 912,  0.03303, -0.07166,  0.03182,  0.31599,  0.12146,  1.45998,  0.47186
2605, 914,  0.03372, -0.07492,  0.0428,  0.14297,  0.13435,  1.54376,  0.52983
2606, 913,  0.02931, -0.07509,  0.03658,  0.14297,  0.12146,  1.54376,  0.47186
2607, 912,  0.03303, -0.07166,  0.03182,  0.31599,  0.12146,  1.45998,  0.47186
2608, 915,  0.03778, -0.07041,  0.03676,  0.31599,  0.13435,  1.45998,  0.52983
2609, 914,  0.03372, -0.07492,  0.0428,  0.14297,  0.13435,  1.54376,  0.52983
2610, 916,  0.04194, -0.06902,  0.04185,  0.31599,  0.14944,  1.45998,  0.59592
2611, 914,  0.03372, -0.07492,  0.0428,  0.14297,  0.13435,  1.54376,  0.52983
2612, 915,  0.03778, -0.07041,  0.03676,  0.31599,  0.13435,  1.45998,  0.52983
2613, 916,  0.04194, -0.06902,  0.04185,  0.31599,  0.14944,  1.45998,  0.59592
2614, 917,  0.03733, -0.07428,  0.04895,  0.14297,  0.17868,  1.54376,  0.59592
2615, 914,  0.03372, -0.07492,  0.0428,  0.14297,  0.13435,  1.54376,  0.52983
2616, 916,  0.04194, -0.06902,  0.04185,  0.31599,  0.14944,  1.45998,  0.59592
2617, 918,  0.0407, -0.07281,  0.05477,  0.14297,  0.20761,  1.54376,  0.6619
2618, 917,  0.03733, -0.07428,  0.04895,  0.14297,  0.17868,  1.54376,  0.59592
2619, 916,  0.04194, -0.06902,  0.04185,  0.31599,  0.14944,  1.45998,  0.59592
2620, 919,  0.04576, -0.0677,  0.04708,  0.31599,  0.20761,  1.45998,  0.6619
2621, 918,  0.0407, -0.07281,  0.05477,  0.14297,  0.20761,  1.54376,  0.6619
2622, 920,  0.04966, -0.06619,  0.0524,  0.31599,  0.26116,  1.45998,  0.71722
2623, 918,  0.0407, -0.07281,  0.05477,  0.14297,  0.20761,  1.54376,  0.6619
2624, 919,  0.04576, -0.0677,  0.04708,  0.31599,  0.20761,  1.45998,  0.6619
2625, 920,  0.04966, -0.06619,  0.0524,  0.31599,  0.26116,  1.45998,  0.71722
2626, 921,  0.04404, -0.07071,  0.06035,  0.14297,  0.26116,  1.54376,  0.71722
2627, 918,  0.0407, -0.07281,  0.05477,  0.14297,  0.20761,  1.54376,  0.6619
2628, 921,  0.04404, -0.07071,  0.06035,  0.14297,  0.26116,  1.54376,  0.71722
2629, 920,  0.04966, -0.06619,  0.0524,  0.31599,  0.26116,  1.45998,  0.71722
2630, 922,  0.05405, -0.06426,  0.05779,  0.31599,  0.33764,  1.45998,  0.75134
2631, 921,  0.04404, -0.07071,  0.06035,  0.14297,  0.26116,  1.54376,  0.71722
2632, 922,  0.05405, -0.06426,  0.05779,  0.31599,  0.33764,  1.45998,  0.75134
2633, 923,  0.04755, -0.06819,  0.06577,  0.14297,  0.33764,  1.54376,  0.75134
2634, 923,  0.04755, -0.06819,  0.06577,  0.14297,  0.33764,  1.54376,  0.75134
2635, 922,  0.05405, -0.06426,  0.05779,  0.31599,  0.33764,  1.45998,  0.75134
2636, 924,  0.05902, -0.06188,  0.06327,  0.31599,  0.4077,  1.45998,  0.77511
2637, 923,  0.04755, -0.06819,  0.06577,  0.14297,  0.33764,  1.54376,  0.75134
2638, 924,  0.05902, -0.06188,  0.06327,  0.31599,  0.4077,  1.45998,  0.77511
2639, 925,  0.05113, -0.06567,  0.07084,  0.14297,  0.4077,  1.54376,  0.77511
2640, 925,  0.05113, -0.06567,  0.07084,  0.14297,  0.4077,  1.54376,  0.77511
2641, 924,  0.05902, -0.06188,  0.06327,  0.31599,  0.4077,  1.45998,  0.77511
2642, 926,  0.06464, -0.05903,  0.06887,  0.31599,  0.44696,  1.45998,  0.79941
2643, 925,  0.05113, -0.06567,  0.07084,  0.14297,  0.4077,  1.54376,  0.77511
2644, 926,  0.06464, -0.05903,  0.06887,  0.31599,  0.44696,  1.45998,  0.79941
2645, 927,  0.05468, -0.06359,  0.07535,  0.14297,  0.44696,  1.54376,  0.79941
2646, 927,  0.05468, -0.06359,  0.07535,  0.14297,  0.44696,  1.54376,  0.79941
2647, 926,  0.06464, -0.05903,  0.06887,  0.31599,  0.44696,  1.45998,  0.79941
2648, 928,  0.06994, -0.05589,  0.07507,  0.31599,  0.46783,  1.45998,  0.82476
2649, 927,  0.05468, -0.06359,  0.07535,  0.14297,  0.44696,  1.54376,  0.79941
2650, 928,  0.06994, -0.05589,  0.07507,  0.31599,  0.46783,  1.45998,  0.82476
2651, 929,  0.05806, -0.06176,  0.07975,  0.14297,  0.46783,  1.54376,  0.82476
2652, 929,  0.05806, -0.06176,  0.07975,  0.14297,  0.46783,  1.54376,  0.82476
2653, 928,  0.06994, -0.05589,  0.07507,  0.31599,  0.46783,  1.45998,  0.82476
2654, 930,  0.07397, -0.05259,  0.08236,  0.31599,  0.48274,  1.45998,  0.85172
2655, 929,  0.05806, -0.06176,  0.07975,  0.14297,  0.46783,  1.54376,  0.82476
2656, 930,  0.07397, -0.05259,  0.08236,  0.31599,  0.48274,  1.45998,  0.85172
2657, 931,  0.06112, -0.06002,  0.08447,  0.14297,  0.48274,  1.54376,  0.85172
2658, 931,  0.06112, -0.06002,  0.08447,  0.14297,  0.48274,  1.54376,  0.85172
2659, 930,  0.07397, -0.05259,  0.08236,  0.31599,  0.48274,  1.45998,  0.85172
2660, 932,  0.07681, -0.04918,  0.08955,  0.31599,  0.49466,  1.45998,  0.87744
2661, 931,  0.06112, -0.06002,  0.08447,  0.14297,  0.48274,  1.54376,  0.85172
2662, 932,  0.07681, -0.04918,  0.08955,  0.31599,  0.49466,  1.45998,  0.87744
2663, 933,  0.06371, -0.05798,  0.08949,  0.14297,  0.49466,  1.54376,  0.87744
2664, 933,  0.06371, -0.05798,  0.08949,  0.14297,  0.49466,  1.54376,  0.87744
2665, 932,  0.07681, -0.04918,  0.08955,  0.31599,  0.49466,  1.45998,  0.87744
2666, 934,  0.07854, -0.04569,  0.09546,  0.31599,  0.5171,  1.45998,  0.89911
2667, 933,  0.06371, -0.05798,  0.08949,  0.14297,  0.49466,  1.54376,  0.87744
2668, 934,  0.07854, -0.04569,  0.09546,  0.31599,  0.5171,  1.45998,  0.89911
2669, 935,  0.06565, -0.05528,  0.09475,  0.14297,  0.5171,  1.54376,  0.89911
2670, 935,  0.06565, -0.05528,  0.09475,  0.14297,  0.5171,  1.54376,  0.89911
2671, 934,  0.07854, -0.04569,  0.09546,  0.31599,  0.5171,  1.45998,  0.89911
2672, 936,  0.07927, -0.04207,  0.10055,  0.31599,  0.52975,  1.45998,  0.91785
2673, 935,  0.06565, -0.05528,  0.09475,  0.14297,  0.5171,  1.54376,  0.89911
2674, 936,  0.07927, -0.04207,  0.10055,  0.31599,  0.52975,  1.45998,  0.91785
2675, 937,  0.06681, -0.0521,  0.09994,  0.14297,  0.52975,  1.54376,  0.91785
2676, 937,  0.06681, -0.0521,  0.09994,  0.14297,  0.52975,  1.54376,  0.91785
2677, 936,  0.07927, -0.04207,  0.10055,  0.31599,  0.52975,  1.45998,  0.91785
2678, 938,  0.07909, -0.03829,  0.10526,  0.31599,  0.54745,  1.45998,  0.93478
2679, 937,  0.06681, -0.0521,  0.09994,  0.14297,  0.52975,  1.54376,  0.91785
2680, 938,  0.07909, -0.03829,  0.10526,  0.31599,  0.54745,  1.45998,  0.93478
2681, 939,  0.06708, -0.04863,  0.10473,  0.14297,  0.54745,  1.54376,  0.93478
2682, 939,  0.06708, -0.04863,  0.10473,  0.14297,  0.54745,  1.54376,  0.93478
2683, 938,  0.07909, -0.03829,  0.10526,  0.31599,  0.54745,  1.45998,  0.93478
2684, 940,  0.07806, -0.03399,  0.10981,  0.31599,  0.56515,  1.45998,  0.94881
2685, 939,  0.06708, -0.04863,  0.10473,  0.14297,  0.54745,  1.54376,  0.93478
2686, 940,  0.07806, -0.03399,  0.10981,  0.31599,  0.56515,  1.45998,  0.94881
2687, 941,  0.06686, -0.04443,  0.10928,  0.14297,  0.56515,  1.54376,  0.94881
2688, 941,  0.06686, -0.04443,  0.10928,  0.14297,  0.56515,  1.54376,  0.94881
2689, 940,  0.07806, -0.03399,  0.10981,  0.31599,  0.56515,  1.45998,  0.94881
2690, 942,  0.0762, -0.02881,  0.11441,  0.31599,  0.57779,  1.45998,  0.95883
2691, 941,  0.06686, -0.04443,  0.10928,  0.14297,  0.56515,  1.54376,  0.94881
2692, 942,  0.0762, -0.02881,  0.11441,  0.31599,  0.57779,  1.45998,  0.95883
2693, 943,  0.06656, -0.0391,  0.11375,  0.14297,  0.57779,  1.54376,  0.95883
2694, 943,  0.06656, -0.0391,  0.11375,  0.14297,  0.57779,  1.54376,  0.95883
2695, 942,  0.0762, -0.02881,  0.11441,  0.31599,  0.57779,  1.45998,  0.95883
2696, 944,  0.07398, -0.02399,  0.11832,  0.31599,  0.58586,  1.45998,  0.96522
2697, 943,  0.06656, -0.0391,  0.11375,  0.14297,  0.57779,  1.54376,  0.95883
2698, 944,  0.07398, -0.02399,  0.11832,  0.31599,  0.58586,  1.45998,  0.96522
2699, 945,  0.06593, -0.03388,  0.11759,  0.14297,  0.58586,  1.54376,  0.96522
2700, 945,  0.06593, -0.03388,  0.11759,  0.14297,  0.58586,  1.54376,  0.96522
2701, 944,  0.07398, -0.02399,  0.11832,  0.31599,  0.58586,  1.45998,  0.96522
2702, 946,  0.07189, -0.02075,  0.12082,  0.31599,  0.58983,  1.45998,  0.96837
2703, 945,  0.06593, -0.03388,  0.11759,  0.14297,  0.58586,  1.54376,  0.96522
2704, 946,  0.07189, -0.02075,  0.12082,  0.31599,  0.58983,  1.45998,  0.96837
2705, 947,  0.06471, -0.03003,  0.12024,  0.14297,  0.58983,  1.54376,  0.96837
2706, 947,  0.06471, -0.03003,  0.12024,  0.14297,  0.58983,  1.54376,  0.96837
2707, 946,  0.07189, -0.02075,  0.12082,  0.31599,  0.58983,  1.45998,  0.96837
2708, 948,  0.06963, -0.01783,  0.12258,  0.31599,  0.59174,  1.45998,  0.96989
2709, 947,  0.06471, -0.03003,  0.12024,  0.14297,  0.58983,  1.54376,  0.96837
2710, 948,  0.06963, -0.01783,  0.12258,  0.31599,  0.59174,  1.45998,  0.96989
2711, 949,  0.06309, -0.02681,  0.12202,  0.14297,  0.59174,  1.54376,  0.96989
2712, 949,  0.06309, -0.02681,  0.12202,  0.14297,  0.59174,  1.54376,  0.96989
2713, 948,  0.06963, -0.01783,  0.12258,  0.31599,  0.59174,  1.45998,  0.96989
2714, 950,  0.06692, -0.01392,  0.12426,  0.31599,  0.59366,  1.45998,  0.97141
2715, 949,  0.06309, -0.02681,  0.12202,  0.14297,  0.59174,  1.54376,  0.96989
2716, 950,  0.06692, -0.01392,  0.12426,  0.31599,  0.59366,  1.45998,  0.97141
2717, 951,  0.06122, -0.02348,  0.12324,  0.14297,  0.59366,  1.54376,  0.97141
2718, 951,  0.06122, -0.02348,  0.12324,  0.14297,  0.59366,  1.54376,  0.97141
2719, 950,  0.06692, -0.01392,  0.12426,  0.31599,  0.59366,  1.45998,  0.97141
2720, 952,  0.06398, -0.00952,  0.12591,  0.31599,  0.59558,  1.45998,  0.97293
2721, 951,  0.06122, -0.02348,  0.12324,  0.14297,  0.59366,  1.54376,  0.97141
2722, 952,  0.06398, -0.00952,  0.12591,  0.31599,  0.59558,  1.45998,  0.97293
2723, 953,  0.05923, -0.02011,  0.12419,  0.14297,  0.59558,  1.54376,  0.97293
2724, 954,  0.0138, -0.06149, -0.00945,  0.31599,  0.002,  1.45998,  0.1836
2725, 955,  0.01249, -0.06356, -0.007,  0.31599,  0.0293,  1.45998,  0.21005
2726, 956,  0.00976, -0.0655, -0.00857,  0.14297,  0.0293,  1.54376,  0.21005
2727, 954,  0.0138, -0.06149, -0.00945,  0.31599,  0.002,  1.45998,  0.1836
2728, 956,  0.00976, -0.0655, -0.00857,  0.14297,  0.0293,  1.54376,  0.21005
2729, 957,  0.01147, -0.06353, -0.01123,  0.14297,  0.002,  1.54376,  0.1836
2730, 958,  0.01135, -0.06555, -0.00453,  0.31599,  0.04119,  1.45998,  0.23651
2731, 956,  0.00976, -0.0655, -0.00857,  0.14297,  0.0293,  1.54376,  0.21005
2732, 955,  0.01249, -0.06356, -0.007,  0.31599,  0.0293,  1.45998,  0.21005
2733, 958,  0.01135, -0.06555, -0.00453,  0.31599,  0.04119,  1.45998,  0.23651
2734, 959,  0.00824, -0.0674, -0.00587,  0.14297,  0.04119,  1.54376,  0.23651
2735, 956,  0.00976, -0.0655, -0.00857,  0.14297,  0.0293,  1.54376,  0.21005
2736, 959,  0.00824, -0.0674, -0.00587,  0.14297,  0.04119,  1.54376,  0.23651
2737, 958,  0.01135, -0.06555, -0.00453,  0.31599,  0.04119,  1.45998,  0.23651
2738, 960,  0.01053, -0.06736, -0.00202,  0.31599,  0.04928,  1.45998,  0.26296
2739, 959,  0.00824, -0.0674, -0.00587,  0.14297,  0.04119,  1.54376,  0.23651
2740, 960,  0.01053, -0.06736, -0.00202,  0.31599,  0.04928,  1.45998,  0.26296
2741, 961,  0.00709, -0.06916, -0.00311,  0.14297,  0.04928,  1.54376,  0.26296
2742, 962,  0.00634, -0.07075, -0.00026,  0.14297,  0.05495,  1.54376,  0.28897
2743, 961,  0.00709, -0.06916, -0.00311,  0.14297,  0.04928,  1.54376,  0.26296
2744, 960,  0.01053, -0.06736, -0.00202,  0.31599,  0.04928,  1.45998,  0.26296
2745, 962,  0.00634, -0.07075, -0.00026,  0.14297,  0.05495,  1.54376,  0.28897
2746, 960,  0.01053, -0.06736, -0.00202,  0.31599,  0.04928,  1.45998,  0.26296
2747, 963,  0.01007, -0.06898,  0.00057,  0.31599,  0.05495,  1.45998,  0.28897
2748, 963,  0.01007, -0.06898,  0.00057,  0.31599,  0.05495,  1.45998,  0.28897
2749, 964,  0.00601, -0.07217,  0.00273,  0.14297,  0.05959,  1.54376,  0.31411
2750, 962,  0.00634, -0.07075, -0.00026,  0.14297,  0.05495,  1.54376,  0.28897
2751, 963,  0.01007, -0.06898,  0.00057,  0.31599,  0.05495,  1.45998,  0.28897
2752, 965,  0.00999, -0.07041,  0.00326,  0.31599,  0.05959,  1.45998,  0.31411
2753, 964,  0.00601, -0.07217,  0.00273,  0.14297,  0.05959,  1.54376,  0.31411
2754, 966,  0.01034, -0.07157,  0.00595,  0.31599,  0.06371,  1.45998,  0.33552
2755, 964,  0.00601, -0.07217,  0.00273,  0.14297,  0.05959,  1.54376,  0.31411
2756, 965,  0.00999, -0.07041,  0.00326,  0.31599,  0.05959,  1.45998,  0.31411
2757, 966,  0.01034, -0.07157,  0.00595,  0.31599,  0.06371,  1.45998,  0.33552
2758, 967,  0.00617, -0.07332,  0.00574,  0.14297,  0.06371,  1.54376,  0.33552
2759, 964,  0.00601, -0.07217,  0.00273,  0.14297,  0.05959,  1.54376,  0.31411
2760, 967,  0.00617, -0.07332,  0.00574,  0.14297,  0.06371,  1.54376,  0.33552
2761, 966,  0.01034, -0.07157,  0.00595,  0.31599,  0.06371,  1.45998,  0.33552
2762, 968,  0.01118, -0.07235,  0.00855,  0.31599,  0.06783,  1.45998,  0.35038
2763, 967,  0.00617, -0.07332,  0.00574,  0.14297,  0.06371,  1.54376,  0.33552
2764, 968,  0.01118, -0.07235,  0.00855,  0.31599,  0.06783,  1.45998,  0.35038
2765, 969,  0.00687, -0.0741,  0.00868,  0.14297,  0.06783,  1.54376,  0.35038
2766, 970,  0.00808, -0.07461,  0.01172,  0.14297,  0.07201,  1.54376,  0.36125
2767, 969,  0.00687, -0.0741,  0.00868,  0.14297,  0.06783,  1.54376,  0.35038
2768, 968,  0.01118, -0.07235,  0.00855,  0.31599,  0.06783,  1.45998,  0.35038
2769, 970,  0.00808, -0.07461,  0.01172,  0.14297,  0.07201,  1.54376,  0.36125
2770, 968,  0.01118, -0.07235,  0.00855,  0.31599,  0.06783,  1.45998,  0.35038
2771, 971,  0.01249, -0.07287,  0.01123,  0.31599,  0.07201,  1.45998,  0.36125
2772, 971,  0.01249, -0.07287,  0.01123,  0.31599,  0.07201,  1.45998,  0.36125
2773, 972,  0.00973, -0.07493,  0.01502,  0.14297,  0.0763,  1.54376,  0.37068
2774, 970,  0.00808, -0.07461,  0.01172,  0.14297,  0.07201,  1.54376,  0.36125
2775, 971,  0.01249, -0.07287,  0.01123,  0.31599,  0.07201,  1.45998,  0.36125
2776, 973,  0.01429, -0.07321,  0.01413,  0.31599,  0.0763,  1.45998,  0.37068
2777, 972,  0.00973, -0.07493,  0.01502,  0.14297,  0.0763,  1.54376,  0.37068
2778, 974,  0.01645, -0.07338,  0.01705,  0.31599,  0.08065,  1.45998,  0.3794
2779, 972,  0.00973, -0.07493,  0.01502,  0.14297,  0.0763,  1.54376,  0.37068
2780, 973,  0.01429, -0.07321,  0.01413,  0.31599,  0.0763,  1.45998,  0.37068
2781, 974,  0.01645, -0.07338,  0.01705,  0.31599,  0.08065,  1.45998,  0.3794
2782, 975,  0.01182, -0.07511,  0.01838,  0.14297,  0.08065,  1.54376,  0.3794
2783, 972,  0.00973, -0.07493,  0.01502,  0.14297,  0.0763,  1.54376,  0.37068
2784, 975,  0.01182, -0.07511,  0.01838,  0.14297,  0.08065,  1.54376,  0.3794
2785, 974,  0.01645, -0.07338,  0.01705,  0.31599,  0.08065,  1.45998,  0.3794
2786, 976,  0.01887, -0.07339,  0.01977,  0.31599,  0.085,  1.45998,  0.38811
2787, 975,  0.01182, -0.07511,  0.01838,  0.14297,  0.08065,  1.54376,  0.3794
2788, 976,  0.01887, -0.07339,  0.01977,  0.31599,  0.085,  1.45998,  0.38811
2789, 977,  0.01435, -0.07518,  0.02157,  0.14297,  0.085,  1.54376,  0.38811
2790, 977,  0.01435, -0.07518,  0.02157,  0.14297,  0.085,  1.54376,  0.38811
2791, 976,  0.01887, -0.07339,  0.01977,  0.31599,  0.085,  1.45998,  0.38811
2792, 909,  0.02229, -0.07314,  0.0229,  0.31599,  0.09244,  1.45998,  0.40301
2793, 977,  0.01435, -0.07518,  0.02157,  0.14297,  0.085,  1.54376,  0.38811
2794, 909,  0.02229, -0.07314,  0.0229,  0.31599,  0.09244,  1.45998,  0.40301
2795, 908,  0.01802, -0.07518,  0.02537,  0.14297,  0.09244,  1.54376,  0.40301
2796, 978,  0.05899, -0.05745,  0.06227,  0.28098,  0.36117,  0.70166,  0.61498
2797, 979,  0.05483, -0.05884,  0.05416,  0.28098,  0.31473,  0.70166,  0.5809
2798, 980,  0.07206, -0.05235,  0.05235,  0.17961,  0.31473,  0.60029,  0.5809
2799, 978,  0.05899, -0.05745,  0.06227,  0.28098,  0.36117,  0.70166,  0.61498
2800, 980,  0.07206, -0.05235,  0.05235,  0.17961,  0.31473,  0.60029,  0.5809
2801, 981,  0.0778, -0.0508,  0.06081,  0.17961,  0.36117,  0.60029,  0.61498
2802, 982,  0.05101, -0.05932,  0.04577,  0.28098,  0.2668,  0.70166,  0.53987
2803, 980,  0.07206, -0.05235,  0.05235,  0.17961,  0.31473,  0.60029,  0.5809
2804, 979,  0.05483, -0.05884,  0.05416,  0.28098,  0.31473,  0.70166,  0.5809
2805, 982,  0.05101, -0.05932,  0.04577,  0.28098,  0.2668,  0.70166,  0.53987
2806, 983,  0.06585, -0.05329,  0.04367,  0.17961,  0.2668,  0.60029,  0.53987
2807, 980,  0.07206, -0.05235,  0.05235,  0.17961,  0.31473,  0.60029,  0.5809
2808, 981,  0.0778, -0.0508,  0.06081,  0.17961,  0.36117,  0.60029,  0.61498
2809, 984,  0.06274, -0.05568,  0.0697,  0.28098,  0.40704,  0.70166,  0.65061
2810, 978,  0.05899, -0.05745,  0.06227,  0.28098,  0.36117,  0.70166,  0.61498
2811, 981,  0.0778, -0.0508,  0.06081,  0.17961,  0.36117,  0.60029,  0.61498
2812, 985,  0.08108, -0.04895,  0.06827,  0.17961,  0.40704,  0.60029,  0.65061
2813, 984,  0.06274, -0.05568,  0.0697,  0.28098,  0.40704,  0.70166,  0.65061
2814, 986,  0.06601, -0.05356,  0.07648,  0.28098,  0.45269,  0.70166,  0.68483
2815, 984,  0.06274, -0.05568,  0.0697,  0.28098,  0.40704,  0.70166,  0.65061
2816, 985,  0.08108, -0.04895,  0.06827,  0.17961,  0.40704,  0.60029,  0.65061
2817, 986,  0.06601, -0.05356,  0.07648,  0.28098,  0.45269,  0.70166,  0.68483
2818, 985,  0.08108, -0.04895,  0.06827,  0.17961,  0.40704,  0.60029,  0.65061
2819, 987,  0.0828, -0.04676,  0.07503,  0.17961,  0.45269,  0.60029,  0.68483
2820, 982,  0.05101, -0.05932,  0.04577,  0.28098,  0.2668,  0.70166,  0.53987
2821, 988,  0.06108, -0.05295,  0.03549,  0.17961,  0.21647,  0.60029,  0.48339
2822, 983,  0.06585, -0.05329,  0.04367,  0.17961,  0.2668,  0.60029,  0.53987
2823, 982,  0.05101, -0.05932,  0.04577,  0.28098,  0.2668,  0.70166,  0.53987
2824, 989,  0.04823, -0.058,  0.03746,  0.28098,  0.21647,  0.70166,  0.48339
2825, 988,  0.06108, -0.05295,  0.03549,  0.17961,  0.21647,  0.60029,  0.48339
2826, 990,  0.04622, -0.05598,  0.0294,  0.28098,  0.16905,  0.70166,  0.42433
2827, 988,  0.06108, -0.05295,  0.03549,  0.17961,  0.21647,  0.60029,  0.48339
2828, 989,  0.04823, -0.058,  0.03746,  0.28098,  0.21647,  0.70166,  0.48339
2829, 990,  0.04622, -0.05598,  0.0294,  0.28098,  0.16905,  0.70166,  0.42433
2830, 991,  0.05754, -0.05195,  0.02783,  0.17961,  0.16905,  0.60029,  0.42433
2831, 988,  0.06108, -0.05295,  0.03549,  0.17961,  0.21647,  0.60029,  0.48339
2832, 987,  0.0828, -0.04676,  0.07503,  0.17961,  0.45269,  0.60029,  0.68483
2833, 992,  0.06871, -0.05111,  0.08265,  0.28098,  0.49845,  0.70166,  0.71467
2834, 986,  0.06601, -0.05356,  0.07648,  0.28098,  0.45269,  0.70166,  0.68483
2835, 987,  0.0828, -0.04676,  0.07503,  0.17961,  0.45269,  0.60029,  0.68483
2836, 993,  0.08387, -0.04422,  0.08142,  0.17961,  0.49845,  0.60029,  0.71467
2837, 992,  0.06871, -0.05111,  0.08265,  0.28098,  0.49845,  0.70166,  0.71467
2838, 994,  0.0708, -0.04851,  0.08839,  0.28098,  0.54204,  0.70166,  0.74689
2839, 992,  0.06871, -0.05111,  0.08265,  0.28098,  0.49845,  0.70166,  0.71467
2840, 993,  0.08387, -0.04422,  0.08142,  0.17961,  0.49845,  0.60029,  0.71467
2841, 994,  0.0708, -0.04851,  0.08839,  0.28098,  0.54204,  0.70166,  0.74689
2842, 993,  0.08387, -0.04422,  0.08142,  0.17961,  0.49845,  0.60029,  0.71467
2843, 995,  0.08446, -0.04153,  0.08751,  0.17961,  0.54204,  0.60029,  0.74689
2844, 995,  0.08446, -0.04153,  0.08751,  0.17961,  0.54204,  0.60029,  0.74689
2845, 996,  0.07221, -0.04597,  0.09392,  0.28098,  0.58118,  0.70166,  0.78829
2846, 994,  0.0708, -0.04851,  0.08839,  0.28098,  0.54204,  0.70166,  0.74689
2847, 995,  0.08446, -0.04153,  0.08751,  0.17961,  0.54204,  0.60029,  0.74689
2848, 997,  0.08474, -0.03887,  0.09334,  0.17961,  0.58118,  0.60029,  0.78829
2849, 996,  0.07221, -0.04597,  0.09392,  0.28098,  0.58118,  0.70166,  0.78829
2850, 998,  0.08413, -0.03601,  0.09893,  0.17961,  0.61503,  0.60029,  0.83046
2851, 996,  0.07221, -0.04597,  0.09392,  0.28098,  0.58118,  0.70166,  0.78829
2852, 997,  0.08474, -0.03887,  0.09334,  0.17961,  0.58118,  0.60029,  0.78829
2853, 998,  0.08413, -0.03601,  0.09893,  0.17961,  0.61503,  0.60029,  0.83046
2854, 999,  0.07289, -0.04347,  0.09894,  0.28098,  0.61503,  0.70166,  0.83046
2855, 996,  0.07221, -0.04597,  0.09392,  0.28098,  0.58118,  0.70166,  0.78829
2856, 990,  0.04622, -0.05598,  0.0294,  0.28098,  0.16905,  0.70166,  0.42433
2857, 1000,  0.05503, -0.05106,  0.0208,  0.17961,  0.1299,  0.60029,  0.37556
2858, 991,  0.05754, -0.05195,  0.02783,  0.17961,  0.16905,  0.60029,  0.42433
2859, 990,  0.04622, -0.05598,  0.0294,  0.28098,  0.16905,  0.70166,  0.42433
2860, 1001,  0.04475, -0.05448,  0.02184,  0.28098,  0.1299,  0.70166,  0.37556
2861, 1000,  0.05503, -0.05106,  0.0208,  0.17961,  0.1299,  0.60029,  0.37556
2862, 1002,  0.05319, -0.05034,  0.01402,  0.17961,  0.09203,  0.60029,  0.3347
2863, 1000,  0.05503, -0.05106,  0.0208,  0.17961,  0.1299,  0.60029,  0.37556
2864, 1001,  0.04475, -0.05448,  0.02184,  0.28098,  0.1299,  0.70166,  0.37556
2865, 1002,  0.05319, -0.05034,  0.01402,  0.17961,  0.09203,  0.60029,  0.3347
2866, 1001,  0.04475, -0.05448,  0.02184,  0.28098,  0.1299,  0.70166,  0.37556
2867, 1003,  0.04364, -0.05345,  0.01451,  0.28098,  0.09203,  0.70166,  0.3347
2868, 1003,  0.04364, -0.05345,  0.01451,  0.28098,  0.09203,  0.70166,  0.3347
2869, 1004,  0.05165, -0.04986,  0.00714,  0.17961,  0.04845,  0.60029,  0.29936
2870, 1002,  0.05319, -0.05034,  0.01402,  0.17961,  0.09203,  0.60029,  0.3347
2871, 1003,  0.04364, -0.05345,  0.01451,  0.28098,  0.09203,  0.70166,  0.3347
2872, 1005,  0.04272, -0.05281,  0.00713,  0.28098,  0.04845,  0.70166,  0.29936
2873, 1004,  0.05165, -0.04986,  0.00714,  0.17961,  0.04845,  0.60029,  0.29936
2874, 1006,  0.04192, -0.05258, -0.0003,  0.28098,  0.00202,  0.70166,  0.26678
2875, 1004,  0.05165, -0.04986,  0.00714,  0.17961,  0.04845,  0.60029,  0.29936
2876, 1005,  0.04272, -0.05281,  0.00713,  0.28098,  0.04845,  0.70166,  0.29936
2877, 1006,  0.04192, -0.05258, -0.0003,  0.28098,  0.00202,  0.70166,  0.26678
2878, 1007,  0.05027, -0.04971,  0.00019,  0.17961,  0.00202,  0.60029,  0.26678
2879, 1004,  0.05165, -0.04986,  0.00714,  0.17961,  0.04845,  0.60029,  0.29936
2880, 998,  0.08413, -0.03601,  0.09893,  0.17961,  0.61503,  0.60029,  0.83046
2881, 1008,  0.0728, -0.04102,  0.10318,  0.28098,  0.64277,  0.70166,  0.86502
2882, 999,  0.07289, -0.04347,  0.09894,  0.28098,  0.61503,  0.70166,  0.83046
2883, 998,  0.08413, -0.03601,  0.09893,  0.17961,  0.61503,  0.60029,  0.83046
2884, 1009,  0.08206, -0.03274,  0.10428,  0.17961,  0.64277,  0.60029,  0.86502
2885, 1008,  0.0728, -0.04102,  0.10318,  0.28098,  0.64277,  0.70166,  0.86502
2886, 1010,  0.07171, -0.03835,  0.10702,  0.28098,  0.66623,  0.70166,  0.89424
2887, 1008,  0.0728, -0.04102,  0.10318,  0.28098,  0.64277,  0.70166,  0.86502
2888, 1009,  0.08206, -0.03274,  0.10428,  0.17961,  0.64277,  0.60029,  0.86502
2889, 1010,  0.07171, -0.03835,  0.10702,  0.28098,  0.66623,  0.70166,  0.89424
2890, 1009,  0.08206, -0.03274,  0.10428,  0.17961,  0.64277,  0.60029,  0.86502
2891, 1011,  0.07895, -0.0293,  0.1092,  0.17961,  0.66623,  0.60029,  0.89424
2892, 1011,  0.07895, -0.0293,  0.1092,  0.17961,  0.66623,  0.60029,  0.89424
2893, 1012,  0.0694, -0.03514,  0.11082,  0.28098,  0.68726,  0.70166,  0.92044
2894, 1010,  0.07171, -0.03835,  0.10702,  0.28098,  0.66623,  0.70166,  0.89424
2895, 1011,  0.07895, -0.0293,  0.1092,  0.17961,  0.66623,  0.60029,  0.89424
2896, 1013,  0.07524, -0.02595,  0.11348,  0.17961,  0.68726,  0.60029,  0.92044
2897, 1012,  0.0694, -0.03514,  0.11082,  0.28098,  0.68726,  0.70166,  0.92044
2898, 1014,  0.06659, -0.03214,  0.1141,  0.28098,  0.706,  0.70166,  0.94379
2899, 1012,  0.0694, -0.03514,  0.11082,  0.28098,  0.68726,  0.70166,  0.92044
2900, 1013,  0.07524, -0.02595,  0.11348,  0.17961,  0.68726,  0.60029,  0.92044
2901, 1014,  0.06659, -0.03214,  0.1141,  0.28098,  0.706,  0.70166,  0.94379
2902, 1013,  0.07524, -0.02595,  0.11348,  0.17961,  0.68726,  0.60029,  0.92044
2903, 1015,  0.07122, -0.0228,  0.11708,  0.17961,  0.706,  0.60029,  0.94379
2904, 1014,  0.06659, -0.03214,  0.1141,  0.28098,  0.706,  0.70166,  0.94379
2905, 1015,  0.07122, -0.0228,  0.11708,  0.17961,  0.706,  0.60029,  0.94379
2906, 1016,  0.06721, -0.01994,  0.11998,  0.17961,  0.72259,  0.60029,  0.96445
2907, 1014,  0.06659, -0.03214,  0.1141,  0.28098,  0.706,  0.70166,  0.94379
2908, 1016,  0.06721, -0.01994,  0.11998,  0.17961,  0.72259,  0.60029,  0.96445
2909, 1017,  0.06404, -0.03008,  0.11638,  0.28098,  0.72259,  0.70166,  0.96445
2910, 1018,  0.0616, -0.02848,  0.11815,  0.28098,  0.73811,  0.70166,  0.98378
2911, 1017,  0.06404, -0.03008,  0.11638,  0.28098,  0.72259,  0.70166,  0.96445
2912, 1016,  0.06721, -0.01994,  0.11998,  0.17961,  0.72259,  0.60029,  0.96445
2913, 1018,  0.0616, -0.02848,  0.11815,  0.28098,  0.73811,  0.70166,  0.98378
2914, 1016,  0.06721, -0.01994,  0.11998,  0.17961,  0.72259,  0.60029,  0.96445
2915, 1019,  0.06321, -0.01722,  0.12253,  0.17961,  0.73811,  0.60029,  0.98378
2916, 1020,  0.0527,  0.05456,  0.02205,  0.27092,  0.20653,  0.47905,  0.5351
2917, 1021,  0.04448,  0.05709,  0.02432,  0.41454,  0.20653,  0.41716,  0.5351
2918, 1022,  0.04931,  0.05801,  0.03144,  0.41382,  0.26537,  0.41716,  0.55175
2919, 1020,  0.0527,  0.05456,  0.02205,  0.27092,  0.20653,  0.47905,  0.5351
2920, 1022,  0.04931,  0.05801,  0.03144,  0.41382,  0.26537,  0.41716,  0.55175
2921, 1023,  0.05837,  0.05402,  0.02939,  0.27083,  0.26537,  0.47905,  0.55175
2922, 1023,  0.05837,  0.05402,  0.02939,  0.27083,  0.26537,  0.47905,  0.55175
2923, 1022,  0.04931,  0.05801,  0.03144,  0.41382,  0.26537,  0.41716,  0.55175
2924, 1024,  0.05426,  0.05859,  0.03873,  0.41311,  0.31998,  0.41716,  0.56793
2925, 1023,  0.05837,  0.05402,  0.02939,  0.27083,  0.26537,  0.47905,  0.55175
2926, 1024,  0.05426,  0.05859,  0.03873,  0.41311,  0.31998,  0.41716,  0.56793
2927, 1025,  0.06382,  0.05332,  0.03688,  0.27074,  0.31998,  0.47905,  0.56793
2928, 1024,  0.05426,  0.05859,  0.03873,  0.41311,  0.31998,  0.41716,  0.56793
2929, 1026,  0.06872,  0.05245,  0.04422,  0.27071,  0.36214,  0.47905,  0.58313
2930, 1025,  0.06382,  0.05332,  0.03688,  0.27074,  0.31998,  0.47905,  0.56793
2931, 1024,  0.05426,  0.05859,  0.03873,  0.41311,  0.31998,  0.41716,  0.56793
2932, 1027,  0.05883,  0.05839,  0.04627,  0.41287,  0.36214,  0.41716,  0.58313
2933, 1026,  0.06872,  0.05245,  0.04422,  0.27071,  0.36214,  0.47905,  0.58313
2934, 1028,  0.06296,  0.05758,  0.05384,  0.41311,  0.3968,  0.41716,  0.59789
2935, 1026,  0.06872,  0.05245,  0.04422,  0.27071,  0.36214,  0.47905,  0.58313
2936, 1027,  0.05883,  0.05839,  0.04627,  0.41287,  0.36214,  0.41716,  0.58313
2937, 1028,  0.06296,  0.05758,  0.05384,  0.41311,  0.3968,  0.41716,  0.59789
2938, 1029,  0.073,  0.05138,  0.05133,  0.27074,  0.3968,  0.47905,  0.59789
2939, 1026,  0.06872,  0.05245,  0.04422,  0.27071,  0.36214,  0.47905,  0.58313
2940, 1020,  0.0527,  0.05456,  0.02205,  0.27092,  0.20653,  0.47905,  0.5351
2941, 1030,  0.04024,  0.05624,  0.01724,  0.41478,  0.15167,  0.41716,  0.51848
2942, 1021,  0.04448,  0.05709,  0.02432,  0.41454,  0.20653,  0.41716,  0.5351
2943, 1020,  0.0527,  0.05456,  0.02205,  0.27092,  0.20653,  0.47905,  0.5351
2944, 1031,  0.04714,  0.05483,  0.01517,  0.27095,  0.15167,  0.47905,  0.51848
2945, 1030,  0.04024,  0.05624,  0.01724,  0.41478,  0.15167,  0.41716,  0.51848
2946, 1032,  0.04191,  0.05487,  0.00868,  0.27095,  0.09993,  0.47905,  0.50143
2947, 1030,  0.04024,  0.05624,  0.01724,  0.41478,  0.15167,  0.41716,  0.51848
2948, 1031,  0.04714,  0.05483,  0.01517,  0.27095,  0.15167,  0.47905,  0.51848
2949, 1032,  0.04191,  0.05487,  0.00868,  0.27095,  0.09993,  0.47905,  0.50143
2950, 1033,  0.03643,  0.0555,  0.01018,  0.41478,  0.09993,  0.41716,  0.50143
2951, 1030,  0.04024,  0.05624,  0.01724,  0.41478,  0.15167,  0.41716,  0.51848
2952, 1029,  0.073,  0.05138,  0.05133,  0.27074,  0.3968,  0.47905,  0.59789
2953, 1028,  0.06296,  0.05758,  0.05384,  0.41311,  0.3968,  0.41716,  0.59789
2954, 1034,  0.06661,  0.05632,  0.0612,  0.41382,  0.42891,  0.41716,  0.61275
2955, 1029,  0.073,  0.05138,  0.05133,  0.27074,  0.3968,  0.47905,  0.59789
2956, 1034,  0.06661,  0.05632,  0.0612,  0.41382,  0.42891,  0.41716,  0.61275
2957, 1035,  0.07658,  0.05008,  0.05816,  0.27083,  0.42891,  0.47905,  0.61275
2958, 1036,  0.07952,  0.04862,  0.06476,  0.27092,  0.45995,  0.47905,  0.62784
2959, 1035,  0.07658,  0.05008,  0.05816,  0.27083,  0.42891,  0.47905,  0.61275
2960, 1034,  0.06661,  0.05632,  0.0612,  0.41382,  0.42891,  0.41716,  0.61275
2961, 1036,  0.07952,  0.04862,  0.06476,  0.27092,  0.45995,  0.47905,  0.62784
2962, 1034,  0.06661,  0.05632,  0.0612,  0.41382,  0.42891,  0.41716,  0.61275
2963, 1037,  0.06978,  0.05471,  0.06825,  0.41454,  0.45995,  0.41716,  0.62784
2964, 1037,  0.06978,  0.05471,  0.06825,  0.41454,  0.45995,  0.41716,  0.62784
2965, 1038,  0.08188,  0.0471,  0.07118,  0.27095,  0.49138,  0.47905,  0.64327
2966, 1036,  0.07952,  0.04862,  0.06476,  0.27092,  0.45995,  0.47905,  0.62784
2967, 1037,  0.06978,  0.05471,  0.06825,  0.41454,  0.45995,  0.41716,  0.62784
2968, 1039,  0.07249,  0.05282,  0.07486,  0.41478,  0.49138,  0.41716,  0.64327
2969, 1038,  0.08188,  0.0471,  0.07118,  0.27095,  0.49138,  0.47905,  0.64327
2970, 1040,  0.08362,  0.04532,  0.07717,  0.27095,  0.51971,  0.47905,  0.6588
2971, 1038,  0.08188,  0.0471,  0.07118,  0.27095,  0.49138,  0.47905,  0.64327
2972, 1039,  0.07249,  0.05282,  0.07486,  0.41478,  0.49138,  0.41716,  0.64327
2973, 1040,  0.08362,  0.04532,  0.07717,  0.27095,  0.51971,  0.47905,  0.6588
2974, 1039,  0.07249,  0.05282,  0.07486,  0.41478,  0.49138,  0.41716,  0.64327
2975, 1041,  0.07457,  0.05069,  0.08096,  0.41478,  0.51971,  0.41716,  0.6588
2976, 1041,  0.07457,  0.05069,  0.08096,  0.41478,  0.51971,  0.41716,  0.6588
2977, 1042,  0.08475,  0.04312,  0.08248,  0.27095,  0.54141,  0.47905,  0.67416
2978, 1040,  0.08362,  0.04532,  0.07717,  0.27095,  0.51971,  0.47905,  0.6588
2979, 1041,  0.07457,  0.05069,  0.08096,  0.41478,  0.51971,  0.41716,  0.6588
2980, 1043,  0.07585,  0.04836,  0.08643,  0.41478,  0.54141,  0.41716,  0.67416
2981, 1042,  0.08475,  0.04312,  0.08248,  0.27095,  0.54141,  0.47905,  0.67416
2982, 1044,  0.08539,  0.04039,  0.08776,  0.27095,  0.56052,  0.47905,  0.68944
2983, 1042,  0.08475,  0.04312,  0.08248,  0.27095,  0.54141,  0.47905,  0.67416
2984, 1043,  0.07585,  0.04836,  0.08643,  0.41478,  0.54141,  0.41716,  0.67416
2985, 1044,  0.08539,  0.04039,  0.08776,  0.27095,  0.56052,  0.47905,  0.68944
2986, 1043,  0.07585,  0.04836,  0.08643,  0.41478,  0.54141,  0.41716,  0.67416
2987, 1045,  0.07663,  0.04568,  0.09173,  0.41478,  0.56052,  0.41716,  0.68944
2988, 1045,  0.07663,  0.04568,  0.09173,  0.41478,  0.56052,  0.41716,  0.68944
2989, 1046,  0.08569,  0.03706,  0.09364,  0.27095,  0.58107,  0.47905,  0.70473
2990, 1044,  0.08539,  0.04039,  0.08776,  0.27095,  0.56052,  0.47905,  0.68944
2991, 1045,  0.07663,  0.04568,  0.09173,  0.41478,  0.56052,  0.41716,  0.68944
2992, 1047,  0.0772,  0.04251,  0.09728,  0.41478,  0.58107,  0.41716,  0.70473
2993, 1046,  0.08569,  0.03706,  0.09364,  0.27095,  0.58107,  0.47905,  0.70473
2994, 1048,  0.07719,  0.0381,  0.10327,  0.41478,  0.6024,  0.41716,  0.71973
2995, 1046,  0.08569,  0.03706,  0.09364,  0.27095,  0.58107,  0.47905,  0.70473
2996, 1047,  0.0772,  0.04251,  0.09728,  0.41478,  0.58107,  0.41716,  0.70473
2997, 1048,  0.07719,  0.0381,  0.10327,  0.41478,  0.6024,  0.41716,  0.71973
2998, 1049,  0.08517,  0.03253,  0.10005,  0.27095,  0.6024,  0.47905,  0.71973
2999, 1046,  0.08569,  0.03706,  0.09364,  0.27095,  0.58107,  0.47905,  0.70473
3000, 1048,  0.07719,  0.0381,  0.10327,  0.41478,  0.6024,  0.41716,  0.71973
3001, 1050,  0.08335,  0.02622,  0.1069,  0.27095,  0.62387,  0.47905,  0.73418
3002, 1049,  0.08517,  0.03253,  0.10005,  0.27095,  0.6024,  0.47905,  0.71973
3003, 1048,  0.07719,  0.0381,  0.10327,  0.41478,  0.6024,  0.41716,  0.71973
3004, 1051,  0.07623,  0.03171,  0.10988,  0.41478,  0.62387,  0.41716,  0.73418
3005, 1050,  0.08335,  0.02622,  0.1069,  0.27095,  0.62387,  0.47905,  0.73418
3006, 1052,  0.07466,  0.02516,  0.11568,  0.41478,  0.64469,  0.41716,  0.74794
3007, 1050,  0.08335,  0.02622,  0.1069,  0.27095,  0.62387,  0.47905,  0.73418
3008, 1051,  0.07623,  0.03171,  0.10988,  0.41478,  0.62387,  0.41716,  0.73418
3009, 1052,  0.07466,  0.02516,  0.11568,  0.41478,  0.64469,  0.41716,  0.74794
3010, 1053,  0.08094,  0.01972,  0.11292,  0.27095,  0.64469,  0.47905,  0.74794
3011, 1050,  0.08335,  0.02622,  0.1069,  0.27095,  0.62387,  0.47905,  0.73418
3012, 1053,  0.08094,  0.01972,  0.11292,  0.27095,  0.64469,  0.47905,  0.74794
3013, 1052,  0.07466,  0.02516,  0.11568,  0.41478,  0.64469,  0.41716,  0.74794
3014, 1054,  0.0728,  0.02026,  0.11926,  0.41478,  0.66406,  0.41716,  0.76088
3015, 1053,  0.08094,  0.01972,  0.11292,  0.27095,  0.64469,  0.47905,  0.74794
3016, 1054,  0.0728,  0.02026,  0.11926,  0.41478,  0.66406,  0.41716,  0.76088
3017, 1055,  0.07866,  0.01463,  0.11688,  0.27095,  0.66406,  0.47905,  0.76088
3018, 1055,  0.07866,  0.01463,  0.11688,  0.27095,  0.66406,  0.47905,  0.76088
3019, 1054,  0.0728,  0.02026,  0.11926,  0.41478,  0.66406,  0.41716,  0.76088
3020, 1056,  0.07074,  0.01648,  0.12146,  0.41478,  0.68552,  0.41716,  0.7732
3021, 1055,  0.07866,  0.01463,  0.11688,  0.27095,  0.66406,  0.47905,  0.76088
3022, 1056,  0.07074,  0.01648,  0.12146,  0.41478,  0.68552,  0.41716,  0.7732
3023, 1057,  0.07598,  0.01051,  0.11962,  0.27095,  0.68552,  0.47905,  0.7732
3024, 1056,  0.07074,  0.01648,  0.12146,  0.41478,  0.68552,  0.41716,  0.7732
3025, 1058,  0.07236,  0.00691,  0.12198,  0.27095,  0.71259,  0.47905,  0.78513
3026, 1057,  0.07598,  0.01051,  0.11962,  0.27095,  0.68552,  0.47905,  0.7732
3027, 1056,  0.07074,  0.01648,  0.12146,  0.41478,  0.68552,  0.41716,  0.7732
3028, 1059,  0.06852,  0.01329,  0.12309,  0.41478,  0.71259,  0.41716,  0.78513
3029, 1058,  0.07236,  0.00691,  0.12198,  0.27095,  0.71259,  0.47905,  0.78513
3030, 1060,  0.06818,  0.00365,  0.12409,  0.27095,  0.7405,  0.47905,  0.79657
3031, 1058,  0.07236,  0.00691,  0.12198,  0.27095,  0.71259,  0.47905,  0.78513
3032, 1059,  0.06852,  0.01329,  0.12309,  0.41478,  0.71259,  0.41716,  0.78513
3033, 1060,  0.06818,  0.00365,  0.12409,  0.27095,  0.7405,  0.47905,  0.79657
3034, 1059,  0.06852,  0.01329,  0.12309,  0.41478,  0.71259,  0.41716,  0.78513
3035, 1061,  0.06584,  0.01019,  0.12436,  0.41478,  0.7405,  0.41716,  0.79657
3036, 1061,  0.06584,  0.01019,  0.12436,  0.41478,  0.7405,  0.41716,  0.79657
3037, 1062,  0.06384,  0.00052,  0.12606,  0.27095,  0.76447,  0.47905,  0.80741
3038, 1060,  0.06818,  0.00365,  0.12409,  0.27095,  0.7405,  0.47905,  0.79657
3039, 1061,  0.06584,  0.01019,  0.12436,  0.41478,  0.7405,  0.41716,  0.79657
3040, 1063,  0.0624,  0.00667,  0.12548,  0.41478,  0.76447,  0.41716,  0.80741
3041, 1062,  0.06384,  0.00052,  0.12606,  0.27095,  0.76447,  0.47905,  0.80741
3042, 1064,  0.05858,  0.00294,  0.12652,  0.41478,  0.78646,  0.41716,  0.81796
3043, 1062,  0.06384,  0.00052,  0.12606,  0.27095,  0.76447,  0.47905,  0.80741
3044, 1063,  0.0624,  0.00667,  0.12548,  0.41478,  0.76447,  0.41716,  0.80741
3045, 1064,  0.05858,  0.00294,  0.12652,  0.41478,  0.78646,  0.41716,  0.81796
3046, 1065,  0.05941, -0.00254,  0.12797,  0.27095,  0.78646,  0.47905,  0.81796
3047, 1062,  0.06384,  0.00052,  0.12606,  0.27095,  0.76447,  0.47905,  0.80741
3048, 1066,  0.02944,  0.05435, -0.00399,  0.41478,  0.00202,  0.41716,  0.4651
3049, 1067,  0.03287,  0.05489,  0.0031,  0.41478,  0.05042,  0.41716,  0.48348
3050, 1068,  0.0372,  0.05416,  0.00231,  0.27095,  0.05042,  0.47905,  0.48348
3051, 1066,  0.02944,  0.05435, -0.00399,  0.41478,  0.00202,  0.41716,  0.4651
3052, 1068,  0.0372,  0.05416,  0.00231,  0.27095,  0.05042,  0.47905,  0.48348
3053, 1069,  0.03274,  0.0525, -0.00379,  0.27095,  0.00202,  0.47905,  0.4651
3054, 1032,  0.04191,  0.05487,  0.00868,  0.27095,  0.09993,  0.47905,  0.50143
3055, 1068,  0.0372,  0.05416,  0.00231,  0.27095,  0.05042,  0.47905,  0.48348
3056, 1067,  0.03287,  0.05489,  0.0031,  0.41478,  0.05042,  0.41716,  0.48348
3057, 1032,  0.04191,  0.05487,  0.00868,  0.27095,  0.09993,  0.47905,  0.50143
3058, 1067,  0.03287,  0.05489,  0.0031,  0.41478,  0.05042,  0.41716,  0.48348
3059, 1033,  0.03643,  0.0555,  0.01018,  0.41478,  0.09993,  0.41716,  0.50143
3060, 1070,  0.10603, -0.01385,  0.08554,  0.45123,  0.61394,  0.50197,  0.69429
3061, 1071,  0.10899, -0.00468,  0.08292,  0.36185,  0.61394,  0.41259,  0.69429
3062, 1072,  0.10752, -0.00138,  0.08945,  0.36185,  0.64419,  0.41259,  0.72596
3063, 1070,  0.10603, -0.01385,  0.08554,  0.45123,  0.61394,  0.50197,  0.69429
3064, 1072,  0.10752, -0.00138,  0.08945,  0.36185,  0.64419,  0.41259,  0.72596
3065, 1073,  0.10498, -0.01058,  0.09201,  0.45123,  0.64419,  0.50197,  0.72596
3066, 1073,  0.10498, -0.01058,  0.09201,  0.45123,  0.64419,  0.50197,  0.72596
3067, 1072,  0.10752, -0.00138,  0.08945,  0.36185,  0.64419,  0.41259,  0.72596
3068, 1074,  0.10515,  0.00109,  0.09608,  0.36185,  0.67592,  0.41259,  0.75901
3069, 1073,  0.10498, -0.01058,  0.09201,  0.45123,  0.64419,  0.50197,  0.72596
3070, 1074,  0.10515,  0.00109,  0.09608,  0.36185,  0.67592,  0.41259,  0.75901
3071, 1075,  0.10315, -0.00773,  0.09857,  0.45123,  0.67592,  0.50197,  0.75901
3072, 1071,  0.10899, -0.00468,  0.08292,  0.36185,  0.61394,  0.41259,  0.69429
3073, 1070,  0.10603, -0.01385,  0.08554,  0.45123,  0.61394,  0.50197,  0.69429
3074, 1076,  0.10614, -0.01731,  0.07967,  0.45123,  0.5859,  0.50197,  0.65951
3075, 1071,  0.10899, -0.00468,  0.08292,  0.36185,  0.61394,  0.41259,  0.69429
3076, 1076,  0.10614, -0.01731,  0.07967,  0.45123,  0.5859,  0.50197,  0.65951
3077, 1077,  0.10937, -0.00864,  0.07707,  0.36185,  0.5859,  0.41259,  0.65951
3078, 1078,  0.10892, -0.01321,  0.07171,  0.36185,  0.5595,  0.41259,  0.62565
3079, 1077,  0.10937, -0.00864,  0.07707,  0.36185,  0.5859,  0.41259,  0.65951
3080, 1076,  0.10614, -0.01731,  0.07967,  0.45123,  0.5859,  0.50197,  0.65951
3081, 1078,  0.10892, -0.01321,  0.07171,  0.36185,  0.5595,  0.41259,  0.62565
3082, 1076,  0.10614, -0.01731,  0.07967,  0.45123,  0.5859,  0.50197,  0.65951
3083, 1079,  0.10539, -0.02107,  0.07429,  0.45123,  0.5595,  0.50197,  0.62565
3084, 1079,  0.10539, -0.02107,  0.07429,  0.45123,  0.5595,  0.50197,  0.62565
3085, 1080,  0.10789, -0.01831,  0.06665,  0.36185,  0.5342,  0.41259,  0.59674
3086, 1078,  0.10892, -0.01321,  0.07171,  0.36185,  0.5595,  0.41259,  0.62565
3087, 1079,  0.10539, -0.02107,  0.07429,  0.45123,  0.5595,  0.50197,  0.62565
3088, 1081,  0.10384, -0.0252,  0.06928,  0.45123,  0.5342,  0.50197,  0.59674
3089, 1080,  0.10789, -0.01831,  0.06665,  0.36185,  0.5342,  0.41259,  0.59674
3090, 1082,  0.10199, -0.02918,  0.06496,  0.45123,  0.50972,  0.50197,  0.57062
3091, 1080,  0.10789, -0.01831,  0.06665,  0.36185,  0.5342,  0.41259,  0.59674
3092, 1081,  0.10384, -0.0252,  0.06928,  0.45123,  0.5342,  0.50197,  0.59674
3093, 1082,  0.10199, -0.02918,  0.06496,  0.45123,  0.50972,  0.50197,  0.57062
3094, 1083,  0.10622, -0.02349,  0.0621,  0.36185,  0.50972,  0.41259,  0.57062
3095, 1080,  0.10789, -0.01831,  0.06665,  0.36185,  0.5342,  0.41259,  0.59674
3096, 1084,  0.10037, -0.0325,  0.06166,  0.45123,  0.48584,  0.50197,  0.54513
3097, 1083,  0.10622, -0.02349,  0.0621,  0.36185,  0.50972,  0.41259,  0.57062
3098, 1082,  0.10199, -0.02918,  0.06496,  0.45123,  0.50972,  0.50197,  0.57062
3099, 1084,  0.10037, -0.0325,  0.06166,  0.45123,  0.48584,  0.50197,  0.54513
3100, 1085,  0.10387, -0.02832,  0.05832,  0.36185,  0.48584,  0.41259,  0.54513
3101, 1083,  0.10622, -0.02349,  0.0621,  0.36185,  0.50972,  0.41259,  0.57062
3102, 1086,  0.09832, -0.036,  0.05863,  0.45123,  0.46195,  0.50197,  0.51963
3103, 1085,  0.10387, -0.02832,  0.05832,  0.36185,  0.48584,  0.41259,  0.54513
3104, 1084,  0.10037, -0.0325,  0.06166,  0.45123,  0.48584,  0.50197,  0.54513
3105, 1086,  0.09832, -0.036,  0.05863,  0.45123,  0.46195,  0.50197,  0.51963
3106, 1087,  0.10082, -0.03302,  0.05495,  0.36185,  0.46195,  0.41259,  0.51963
3107, 1085,  0.10387, -0.02832,  0.05832,  0.36185,  0.48584,  0.41259,  0.54513
3108, 1087,  0.10082, -0.03302,  0.05495,  0.36185,  0.46195,  0.41259,  0.51963
3109, 1086,  0.09832, -0.036,  0.05863,  0.45123,  0.46195,  0.50197,  0.51963
3110, 1088,  0.09522, -0.04055,  0.05516,  0.45123,  0.43747,  0.50197,  0.4935
3111, 1087,  0.10082, -0.03302,  0.05495,  0.36185,  0.46195,  0.41259,  0.51963
3112, 1088,  0.09522, -0.04055,  0.05516,  0.45123,  0.43747,  0.50197,  0.4935
3113, 1089,  0.09706, -0.03782,  0.05168,  0.36185,  0.43747,  0.41259,  0.4935
3114, 1090,  0.09275, -0.04213,  0.04839,  0.36185,  0.41234,  0.41259,  0.46667
3115, 1089,  0.09706, -0.03782,  0.05168,  0.36185,  0.43747,  0.41259,  0.4935
3116, 1088,  0.09522, -0.04055,  0.05516,  0.45123,  0.43747,  0.50197,  0.4935
3117, 1090,  0.09275, -0.04213,  0.04839,  0.36185,  0.41234,  0.41259,  0.46667
3118, 1088,  0.09522, -0.04055,  0.05516,  0.45123,  0.43747,  0.50197,  0.4935
3119, 1091,  0.09119, -0.04501,  0.05149,  0.45123,  0.41234,  0.50197,  0.46667
3120, 1091,  0.09119, -0.04501,  0.05149,  0.45123,  0.41234,  0.50197,  0.46667
3121, 1092,  0.08806, -0.04536,  0.04494,  0.36185,  0.38649,  0.41259,  0.43908
3122, 1090,  0.09275, -0.04213,  0.04839,  0.36185,  0.41234,  0.41259,  0.46667
3123, 1091,  0.09119, -0.04501,  0.05149,  0.45123,  0.41234,  0.50197,  0.46667
3124, 1093,  0.08635, -0.04824,  0.04786,  0.45123,  0.38649,  0.50197,  0.43908
3125, 1092,  0.08806, -0.04536,  0.04494,  0.36185,  0.38649,  0.41259,  0.43908
3126, 1094,  0.08114, -0.05051,  0.04415,  0.45123,  0.35968,  0.50197,  0.41381
3127, 1092,  0.08806, -0.04536,  0.04494,  0.36185,  0.38649,  0.41259,  0.43908
3128, 1093,  0.08635, -0.04824,  0.04786,  0.45123,  0.38649,  0.50197,  0.43908
3129, 1094,  0.08114, -0.05051,  0.04415,  0.45123,  0.35968,  0.50197,  0.41381
3130, 1095,  0.08323, -0.04774,  0.0414,  0.36185,  0.35968,  0.41259,  0.41381
3131, 1092,  0.08806, -0.04536,  0.04494,  0.36185,  0.38649,  0.41259,  0.43908
3132, 1094,  0.08114, -0.05051,  0.04415,  0.45123,  0.35968,  0.50197,  0.41381
3133, 1096,  0.07847, -0.04952,  0.0378,  0.36185,  0.33165,  0.41259,  0.39394
3134, 1095,  0.08323, -0.04774,  0.0414,  0.36185,  0.35968,  0.41259,  0.41381
3135, 1094,  0.08114, -0.05051,  0.04415,  0.45123,  0.35968,  0.50197,  0.41381
3136, 1097,  0.07601, -0.05208,  0.04022,  0.45123,  0.33165,  0.50197,  0.39394
3137, 1096,  0.07847, -0.04952,  0.0378,  0.36185,  0.33165,  0.41259,  0.39394
3138, 1098,  0.07116, -0.05309,  0.03595,  0.45123,  0.30367,  0.50197,  0.37412
3139, 1096,  0.07847, -0.04952,  0.0378,  0.36185,  0.33165,  0.41259,  0.39394
3140, 1097,  0.07601, -0.05208,  0.04022,  0.45123,  0.33165,  0.50197,  0.39394
3141, 1098,  0.07116, -0.05309,  0.03595,  0.45123,  0.30367,  0.50197,  0.37412
3142, 1099,  0.07401, -0.05081,  0.03396,  0.36185,  0.30367,  0.41259,  0.37412
3143, 1096,  0.07847, -0.04952,  0.0378,  0.36185,  0.33165,  0.41259,  0.39394
3144, 1098,  0.07116, -0.05309,  0.03595,  0.45123,  0.30367,  0.50197,  0.37412
3145, 1100,  0.07006, -0.05172,  0.02966,  0.36185,  0.27698,  0.41259,  0.34897
3146, 1099,  0.07401, -0.05081,  0.03396,  0.36185,  0.30367,  0.41259,  0.37412
3147, 1098,  0.07116, -0.05309,  0.03595,  0.45123,  0.30367,  0.50197,  0.37412
3148, 1101,  0.0668, -0.05365,  0.03119,  0.45123,  0.27698,  0.50197,  0.34897
3149, 1100,  0.07006, -0.05172,  0.02966,  0.36185,  0.27698,  0.41259,  0.34897
3150, 1102,  0.06342, -0.05391,  0.02664,  0.45123,  0.25336,  0.50197,  0.32376
3151, 1100,  0.07006, -0.05172,  0.02966,  0.36185,  0.27698,  0.41259,  0.34897
3152, 1101,  0.0668, -0.05365,  0.03119,  0.45123,  0.27698,  0.50197,  0.34897
3153, 1102,  0.06342, -0.05391,  0.02664,  0.45123,  0.25336,  0.50197,  0.32376
3154, 1103,  0.06708, -0.0523,  0.02552,  0.36185,  0.25336,  0.41259,  0.32376
3155, 1100,  0.07006, -0.05172,  0.02966,  0.36185,  0.27698,  0.41259,  0.34897
3156, 1102,  0.06342, -0.05391,  0.02664,  0.45123,  0.25336,  0.50197,  0.32376
3157, 1104,  0.06555, -0.0526,  0.02213,  0.36185,  0.2346,  0.41259,  0.30373
3158, 1103,  0.06708, -0.0523,  0.02552,  0.36185,  0.25336,  0.41259,  0.32376
3159, 1102,  0.06342, -0.05391,  0.02664,  0.45123,  0.25336,  0.50197,  0.32376
3160, 1105,  0.06153, -0.05398,  0.02297,  0.45123,  0.2346,  0.50197,  0.30373
3161, 1104,  0.06555, -0.0526,  0.02213,  0.36185,  0.2346,  0.41259,  0.30373
3162, 1106,  0.06076, -0.05389,  0.01984,  0.45123,  0.21826,  0.50197,  0.2863
3163, 1104,  0.06555, -0.0526,  0.02213,  0.36185,  0.2346,  0.41259,  0.30373
3164, 1105,  0.06153, -0.05398,  0.02297,  0.45123,  0.2346,  0.50197,  0.30373
3165, 1106,  0.06076, -0.05389,  0.01984,  0.45123,  0.21826,  0.50197,  0.2863
3166, 1107,  0.06494, -0.05265,  0.01923,  0.36185,  0.21826,  0.41259,  0.2863
3167, 1104,  0.06555, -0.0526,  0.02213,  0.36185,  0.2346,  0.41259,  0.30373
3168, 1106,  0.06076, -0.05389,  0.01984,  0.45123,  0.21826,  0.50197,  0.2863
3169, 1108,  0.06471, -0.05249,  0.01656,  0.36185,  0.20193,  0.41259,  0.26887
3170, 1107,  0.06494, -0.05265,  0.01923,  0.36185,  0.21826,  0.41259,  0.2863
3171, 1106,  0.06076, -0.05389,  0.01984,  0.45123,  0.21826,  0.50197,  0.2863
3172, 1109,  0.06075, -0.05366,  0.0169,  0.45123,  0.20193,  0.50197,  0.26887
3173, 1108,  0.06471, -0.05249,  0.01656,  0.36185,  0.20193,  0.41259,  0.26887
3174, 1110,  0.06485, -0.05194,  0.01401,  0.36185,  0.16673,  0.41259,  0.2467
3175, 1108,  0.06471, -0.05249,  0.01656,  0.36185,  0.20193,  0.41259,  0.26887
3176, 1109,  0.06075, -0.05366,  0.0169,  0.45123,  0.20193,  0.50197,  0.26887
3177, 1110,  0.06485, -0.05194,  0.01401,  0.36185,  0.16673,  0.41259,  0.2467
3178, 1109,  0.06075, -0.05366,  0.0169,  0.45123,  0.20193,  0.50197,  0.26887
3179, 1111,  0.06134, -0.05304,  0.01404,  0.45123,  0.16673,  0.50197,  0.2467
3180, 1111,  0.06134, -0.05304,  0.01404,  0.45123,  0.16673,  0.50197,  0.2467
3181, 1112,  0.06537, -0.05081,  0.01142,  0.36185,  0.09381,  0.41259,  0.21506
3182, 1110,  0.06485, -0.05194,  0.01401,  0.36185,  0.16673,  0.41259,  0.2467
3183, 1111,  0.06134, -0.05304,  0.01404,  0.45123,  0.16673,  0.50197,  0.2467
3184, 1113,  0.0624, -0.05178,  0.01118,  0.45123,  0.09381,  0.50197,  0.21506
3185, 1112,  0.06537, -0.05081,  0.01142,  0.36185,  0.09381,  0.41259,  0.21506
3186, 1114,  0.06368, -0.05019,  0.00831,  0.45123,  0.00202,  0.50197,  0.17868
3187, 1112,  0.06537, -0.05081,  0.01142,  0.36185,  0.09381,  0.41259,  0.21506
3188, 1113,  0.0624, -0.05178,  0.01118,  0.45123,  0.09381,  0.50197,  0.21506
3189, 1114,  0.06368, -0.05019,  0.00831,  0.45123,  0.00202,  0.50197,  0.17868
3190, 1115,  0.06607, -0.04939,  0.00881,  0.36185,  0.00202,  0.41259,  0.17868
3191, 1112,  0.06537, -0.05081,  0.01142,  0.36185,  0.09381,  0.41259,  0.21506
3192, 1116,  0.07367,  0.00005,  0.1241,  0.36185,  0.82564,  0.41259,  0.9525
3193, 1117,  0.06862, -0.001,  0.12564,  0.36185,  0.84733,  0.41259,  0.97074
3194, 1118,  0.0692, -0.00458,  0.12574,  0.45123,  0.84733,  0.50197,  0.97074
3195, 1116,  0.07367,  0.00005,  0.1241,  0.36185,  0.82564,  0.41259,  0.9525
3196, 1118,  0.0692, -0.00458,  0.12574,  0.45123,  0.84733,  0.50197,  0.97074
3197, 1119,  0.07406, -0.00389,  0.12456,  0.45123,  0.82564,  0.50197,  0.9525
3198, 1120,  0.06338, -0.00204,  0.12707,  0.36185,  0.87011,  0.41259,  0.99093
3199, 1118,  0.0692, -0.00458,  0.12574,  0.45123,  0.84733,  0.50197,  0.97074
3200, 1117,  0.06862, -0.001,  0.12564,  0.36185,  0.84733,  0.41259,  0.97074
3201, 1120,  0.06338, -0.00204,  0.12707,  0.36185,  0.87011,  0.41259,  0.99093
3202, 1121,  0.06422, -0.00529,  0.12681,  0.45123,  0.87011,  0.50197,  0.99093
3203, 1118,  0.0692, -0.00458,  0.12574,  0.45123,  0.84733,  0.50197,  0.97074
3204, 1119,  0.07406, -0.00389,  0.12456,  0.45123,  0.82564,  0.50197,  0.9525
3205, 1122,  0.07833,  0.00114,  0.1223,  0.36185,  0.80612,  0.41259,  0.93816
3206, 1116,  0.07367,  0.00005,  0.1241,  0.36185,  0.82564,  0.41259,  0.9525
3207, 1119,  0.07406, -0.00389,  0.12456,  0.45123,  0.82564,  0.50197,  0.9525
3208, 1123,  0.07864, -0.00328,  0.12312,  0.45123,  0.80612,  0.50197,  0.93816
3209, 1122,  0.07833,  0.00114,  0.1223,  0.36185,  0.80612,  0.41259,  0.93816
3210, 1124,  0.08383, -0.00295,  0.12059,  0.45123,  0.78647,  0.50197,  0.91811
3211, 1122,  0.07833,  0.00114,  0.1223,  0.36185,  0.80612,  0.41259,  0.93816
3212, 1123,  0.07864, -0.00328,  0.12312,  0.45123,  0.80612,  0.50197,  0.93816
3213, 1124,  0.08383, -0.00295,  0.12059,  0.45123,  0.78647,  0.50197,  0.91811
3214, 1125,  0.08367,  0.00214,  0.11934,  0.36185,  0.78647,  0.41259,  0.91811
3215, 1122,  0.07833,  0.00114,  0.1223,  0.36185,  0.80612,  0.41259,  0.93816
3216, 1125,  0.08367,  0.00214,  0.11934,  0.36185,  0.78647,  0.41259,  0.91811
3217, 1124,  0.08383, -0.00295,  0.12059,  0.45123,  0.78647,  0.50197,  0.91811
3218, 1126,  0.09048, -0.00315,  0.11611,  0.45123,  0.76442,  0.50197,  0.88274
3219, 1125,  0.08367,  0.00214,  0.11934,  0.36185,  0.78647,  0.41259,  0.91811
3220, 1126,  0.09048, -0.00315,  0.11611,  0.45123,  0.76442,  0.50197,  0.88274
3221, 1127,  0.09073,  0.00294,  0.1143,  0.36185,  0.76442,  0.41259,  0.88274
3222, 1127,  0.09073,  0.00294,  0.1143,  0.36185,  0.76442,  0.41259,  0.88274
3223, 1126,  0.09048, -0.00315,  0.11611,  0.45123,  0.76442,  0.50197,  0.88274
3224, 1128,  0.09672, -0.00397,  0.11054,  0.45123,  0.73878,  0.50197,  0.84
3225, 1127,  0.09073,  0.00294,  0.1143,  0.36185,  0.76442,  0.41259,  0.88274
3226, 1128,  0.09672, -0.00397,  0.11054,  0.45123,  0.73878,  0.50197,  0.84
3227, 1129,  0.09753,  0.0032,  0.10825,  0.36185,  0.73878,  0.41259,  0.84
3228, 1129,  0.09753,  0.0032,  0.10825,  0.36185,  0.73878,  0.41259,  0.84
3229, 1128,  0.09672, -0.00397,  0.11054,  0.45123,  0.73878,  0.50197,  0.84
3230, 1130,  0.10067, -0.00551,  0.10472,  0.45123,  0.70836,  0.50197,  0.79789
3231, 1129,  0.09753,  0.0032,  0.10825,  0.36185,  0.73878,  0.41259,  0.84
3232, 1130,  0.10067, -0.00551,  0.10472,  0.45123,  0.70836,  0.50197,  0.79789
3233, 1131,  0.10208,  0.00261,  0.10226,  0.36185,  0.70836,  0.41259,  0.79789
3234, 1074,  0.10515,  0.00109,  0.09608,  0.36185,  0.67592,  0.41259,  0.75901
3235, 1131,  0.10208,  0.00261,  0.10226,  0.36185,  0.70836,  0.41259,  0.79789
3236, 1130,  0.10067, -0.00551,  0.10472,  0.45123,  0.70836,  0.50197,  0.79789
3237, 1074,  0.10515,  0.00109,  0.09608,  0.36185,  0.67592,  0.41259,  0.75901
3238, 1130,  0.10067, -0.00551,  0.10472,  0.45123,  0.70836,  0.50197,  0.79789
3239, 1075,  0.10315, -0.00773,  0.09857,  0.45123,  0.67592,  0.50197,  0.75901
3240, 1132,  0.09368,  0.02722,  0.09117,  0.57643,  0.65594,  0.09573,  0.65594
3241, 1133,  0.09496,  0.02374,  0.08987,  0.52758,  0.65594,  0.14459,  0.65594
3242, 1134,  0.09551,  0.02608,  0.08532,  0.52758,  0.63094,  0.14459,  0.63094
3243, 1132,  0.09368,  0.02722,  0.09117,  0.57643,  0.65594,  0.09573,  0.65594
3244, 1134,  0.09551,  0.02608,  0.08532,  0.52758,  0.63094,  0.14459,  0.63094
3245, 1135,  0.09426,  0.02983,  0.08674,  0.57643,  0.63094,  0.09573,  0.63094
3246, 1135,  0.09426,  0.02983,  0.08674,  0.57643,  0.63094,  0.09573,  0.63094
3247, 1134,  0.09551,  0.02608,  0.08532,  0.52758,  0.63094,  0.14459,  0.63094
3248, 1136,  0.09575,  0.02845,  0.08055,  0.52758,  0.61112,  0.14459,  0.61112
3249, 1135,  0.09426,  0.02983,  0.08674,  0.57643,  0.63094,  0.09573,  0.63094
3250, 1136,  0.09575,  0.02845,  0.08055,  0.52758,  0.61112,  0.14459,  0.61112
3251, 1137,  0.09444,  0.03239,  0.08211,  0.57643,  0.61112,  0.09573,  0.61112
3252, 1138,  0.09255,  0.02415,  0.09553,  0.57643,  0.69202,  0.09573,  0.69202
3253, 1133,  0.09496,  0.02374,  0.08987,  0.52758,  0.65594,  0.14459,  0.65594
3254, 1132,  0.09368,  0.02722,  0.09117,  0.57643,  0.65594,  0.09573,  0.65594
3255, 1138,  0.09255,  0.02415,  0.09553,  0.57643,  0.69202,  0.09573,  0.69202
3256, 1139,  0.09392,  0.021,  0.09431,  0.52758,  0.69202,  0.14459,  0.69202
3257, 1133,  0.09496,  0.02374,  0.08987,  0.52758,  0.65594,  0.14459,  0.65594
3258, 1140,  0.09122,  0.02083,  0.09962,  0.57643,  0.73033,  0.09573,  0.73033
3259, 1139,  0.09392,  0.021,  0.09431,  0.52758,  0.69202,  0.14459,  0.69202
3260, 1138,  0.09255,  0.02415,  0.09553,  0.57643,  0.69202,  0.09573,  0.69202
3261, 1140,  0.09122,  0.02083,  0.09962,  0.57643,  0.73033,  0.09573,  0.73033
3262, 1141,  0.09269,  0.01806,  0.09853,  0.52758,  0.73033,  0.14459,  0.73033
3263, 1139,  0.09392,  0.021,  0.09431,  0.52758,  0.69202,  0.14459,  0.69202
3264, 1142,  0.09004,  0.01749,  0.10327,  0.57643,  0.76201,  0.09573,  0.76201
3265, 1141,  0.09269,  0.01806,  0.09853,  0.52758,  0.73033,  0.14459,  0.73033
3266, 1140,  0.09122,  0.02083,  0.09962,  0.57643,  0.73033,  0.09573,  0.73033
3267, 1142,  0.09004,  0.01749,  0.10327,  0.57643,  0.76201,  0.09573,  0.76201
3268, 1143,  0.09159,  0.01511,  0.10237,  0.52758,  0.76201,  0.14459,  0.76201
3269, 1141,  0.09269,  0.01806,  0.09853,  0.52758,  0.73033,  0.14459,  0.73033
3270, 1144,  0.08893,  0.01414,  0.10668,  0.57643,  0.79038,  0.09573,  0.79038
3271, 1143,  0.09159,  0.01511,  0.10237,  0.52758,  0.76201,  0.14459,  0.76201
3272, 1142,  0.09004,  0.01749,  0.10327,  0.57643,  0.76201,  0.09573,  0.76201
3273, 1144,  0.08893,  0.01414,  0.10668,  0.57643,  0.79038,  0.09573,  0.79038
3274, 1145,  0.09055,  0.01215,  0.10603,  0.52758,  0.79038,  0.14459,  0.79038
3275, 1143,  0.09159,  0.01511,  0.10237,  0.52758,  0.76201,  0.14459,  0.76201
3276, 1137,  0.09444,  0.03239,  0.08211,  0.57643,  0.61112,  0.09573,  0.61112
3277, 1136,  0.09575,  0.02845,  0.08055,  0.52758,  0.61112,  0.14459,  0.61112
3278, 1146,  0.09588,  0.03128,  0.07542,  0.52758,  0.59059,  0.14459,  0.59059
3279, 1137,  0.09444,  0.03239,  0.08211,  0.57643,  0.61112,  0.09573,  0.61112
3280, 1146,  0.09588,  0.03128,  0.07542,  0.52758,  0.59059,  0.14459,  0.59059
3281, 1147,  0.09433,  0.03527,  0.07717,  0.57643,  0.59059,  0.09573,  0.59059
3282, 1147,  0.09433,  0.03527,  0.07717,  0.57643,  0.59059,  0.09573,  0.59059
3283, 1146,  0.09588,  0.03128,  0.07542,  0.52758,  0.59059,  0.14459,  0.59059
3284, 1148,  0.09574,  0.03442,  0.07012,  0.52758,  0.56976,  0.14459,  0.56976
3285, 1147,  0.09433,  0.03527,  0.07717,  0.57643,  0.59059,  0.09573,  0.59059
3286, 1148,  0.09574,  0.03442,  0.07012,  0.52758,  0.56976,  0.14459,  0.56976
3287, 1149,  0.09402,  0.03827,  0.07201,  0.57643,  0.56975,  0.09573,  0.56975
3288, 1149,  0.09402,  0.03827,  0.07201,  0.57643,  0.56975,  0.09573,  0.56975
3289, 1148,  0.09574,  0.03442,  0.07012,  0.52758,  0.56976,  0.14459,  0.56976
3290, 1150,  0.09514,  0.03771,  0.06482,  0.52758,  0.54905,  0.14459,  0.54905
3291, 1149,  0.09402,  0.03827,  0.07201,  0.57643,  0.56975,  0.09573,  0.56975
3292, 1150,  0.09514,  0.03771,  0.06482,  0.52758,  0.54905,  0.14459,  0.54905
3293, 1151,  0.09362,  0.04115,  0.06673,  0.57643,  0.54905,  0.09573,  0.54905
3294, 1151,  0.09362,  0.04115,  0.06673,  0.57643,  0.54905,  0.09573,  0.54905
3295, 1150,  0.09514,  0.03771,  0.06482,  0.52758,  0.54905,  0.14459,  0.54905
3296, 1152,  0.09384,  0.04095,  0.05948,  0.52758,  0.52894,  0.14459,  0.52894
3297, 1151,  0.09362,  0.04115,  0.06673,  0.57643,  0.54905,  0.09573,  0.54905
3298, 1152,  0.09384,  0.04095,  0.05948,  0.52758,  0.52894,  0.14459,  0.52894
3299, 1153,  0.09265,  0.04387,  0.06129,  0.57643,  0.52894,  0.09573,  0.52894
3300, 1153,  0.09265,  0.04387,  0.06129,  0.57643,  0.52894,  0.09573,  0.52894
3301, 1152,  0.09384,  0.04095,  0.05948,  0.52758,  0.52894,  0.14459,  0.52894
3302, 1154,  0.09155,  0.04391,  0.05405,  0.52758,  0.50994,  0.14459,  0.50994
3303, 1153,  0.09265,  0.04387,  0.06129,  0.57643,  0.52894,  0.09573,  0.52894
3304, 1154,  0.09155,  0.04391,  0.05405,  0.52758,  0.50994,  0.14459,  0.50994
3305, 1155,  0.09066,  0.04639,  0.05566,  0.57643,  0.50994,  0.09573,  0.50994
3306, 1155,  0.09066,  0.04639,  0.05566,  0.57643,  0.50994,  0.09573,  0.50994
3307, 1154,  0.09155,  0.04391,  0.05405,  0.52758,  0.50994,  0.14459,  0.50994
3308, 1156,  0.08853,  0.04652,  0.04861,  0.52758,  0.48986,  0.14459,  0.48986
3309, 1155,  0.09066,  0.04639,  0.05566,  0.57643,  0.50994,  0.09573,  0.50994
3310, 1156,  0.08853,  0.04652,  0.04861,  0.52758,  0.48986,  0.14459,  0.48986
3311, 1157,  0.08785,  0.04862,  0.05,  0.57643,  0.48986,  0.09573,  0.48986
3312, 1157,  0.08785,  0.04862,  0.05,  0.57643,  0.48986,  0.09573,  0.48986
3313, 1156,  0.08853,  0.04652,  0.04861,  0.52758,  0.48986,  0.14459,  0.48986
3314, 1158,  0.085,  0.04868,  0.04322,  0.52758,  0.46655,  0.14459,  0.46655
3315, 1157,  0.08785,  0.04862,  0.05,  0.57643,  0.48986,  0.09573,  0.48986
3316, 1158,  0.085,  0.04868,  0.04322,  0.52758,  0.46655,  0.14459,  0.46655
3317, 1159,  0.08444,  0.05049,  0.04447,  0.57643,  0.46655,  0.09573,  0.46655
3318, 1159,  0.08444,  0.05049,  0.04447,  0.57643,  0.46655,  0.09573,  0.46655
3319, 1158,  0.085,  0.04868,  0.04322,  0.52758,  0.46655,  0.14459,  0.46655
3320, 1160,  0.08129,  0.05028,  0.03818,  0.52758,  0.44051,  0.14459,  0.44051
3321, 1159,  0.08444,  0.05049,  0.04447,  0.57643,  0.46655,  0.09573,  0.46655
3322, 1160,  0.08129,  0.05028,  0.03818,  0.52758,  0.44051,  0.14459,  0.44051
3323, 1161,  0.08064,  0.0519,  0.03929,  0.57643,  0.44051,  0.09573,  0.44051
3324, 1161,  0.08064,  0.0519,  0.03929,  0.57643,  0.44051,  0.09573,  0.44051
3325, 1160,  0.08129,  0.05028,  0.03818,  0.52758,  0.44051,  0.14459,  0.44051
3326, 1162,  0.07775,  0.05122,  0.03378,  0.52758,  0.41223,  0.14459,  0.41223
3327, 1161,  0.08064,  0.0519,  0.03929,  0.57643,  0.44051,  0.09573,  0.44051
3328, 1162,  0.07775,  0.05122,  0.03378,  0.52758,  0.41223,  0.14459,  0.41223
3329, 1163,  0.0767,  0.05278,  0.03466,  0.57643,  0.41223,  0.09573,  0.41223
3330, 1163,  0.0767,  0.05278,  0.03466,  0.57643,  0.41223,  0.09573,  0.41223
3331, 1162,  0.07775,  0.05122,  0.03378,  0.52758,  0.41223,  0.14459,  0.41223
3332, 1164,  0.07462,  0.05175,  0.02957,  0.52758,  0.37811,  0.14459,  0.37811
3333, 1163,  0.0767,  0.05278,  0.03466,  0.57643,  0.41223,  0.09573,  0.41223
3334, 1164,  0.07462,  0.05175,  0.02957,  0.52758,  0.37811,  0.14459,  0.37811
3335, 1165,  0.07317,  0.0533,  0.03016,  0.57643,  0.37811,  0.09573,  0.37811
3336, 1165,  0.07317,  0.0533,  0.03016,  0.57643,  0.37811,  0.09573,  0.37811
3337, 1164,  0.07462,  0.05175,  0.02957,  0.52758,  0.37811,  0.14459,  0.37811
3338, 1166,  0.07212,  0.05214,  0.02508,  0.52758,  0.33455,  0.14459,  0.33455
3339, 1165,  0.07317,  0.0533,  0.03016,  0.57643,  0.37811,  0.09573,  0.37811
3340, 1166,  0.07212,  0.05214,  0.02508,  0.52758,  0.33455,  0.14459,  0.33455
3341, 1167,  0.07064,  0.05362,  0.02538,  0.57643,  0.33455,  0.09573,  0.33455
3342, 1167,  0.07064,  0.05362,  0.02538,  0.57643,  0.33455,  0.09573,  0.33455
3343, 1166,  0.07212,  0.05214,  0.02508,  0.52758,  0.33455,  0.14459,  0.33455
3344, 1168,  0.07052,  0.0523,  0.02084,  0.52758,  0.28445,  0.14459,  0.28445
3345, 1167,  0.07064,  0.05362,  0.02538,  0.57643,  0.33455,  0.09573,  0.33455
3346, 1168,  0.07052,  0.0523,  0.02084,  0.52758,  0.28445,  0.14459,  0.28445
3347, 1169,  0.06915,  0.0537,  0.02083,  0.57643,  0.28445,  0.09573,  0.28445
3348, 1169,  0.06915,  0.0537,  0.02083,  0.57643,  0.28445,  0.09573,  0.28445
3349, 1168,  0.07052,  0.0523,  0.02084,  0.52758,  0.28445,  0.14459,  0.28445
3350, 1170,  0.07007,  0.05214,  0.01739,  0.52758,  0.23071,  0.14459,  0.23071
3351, 1169,  0.06915,  0.0537,  0.02083,  0.57643,  0.28445,  0.09573,  0.28445
3352, 1170,  0.07007,  0.05214,  0.01739,  0.52758,  0.23071,  0.14459,  0.23071
3353, 1171,  0.06879,  0.0535,  0.01699,  0.57643,  0.23071,  0.09573,  0.23071
3354, 1172,  0.06923,  0.05291,  0.01404,  0.57643,  0.17822,  0.09573,  0.17893
3355, 1171,  0.06879,  0.0535,  0.01699,  0.57643,  0.23071,  0.09573,  0.23071
3356, 1170,  0.07007,  0.05214,  0.01739,  0.52758,  0.23071,  0.14459,  0.23071
3357, 1172,  0.06923,  0.05291,  0.01404,  0.57643,  0.17822,  0.09573,  0.17893
3358, 1170,  0.07007,  0.05214,  0.01739,  0.52758,  0.23071,  0.14459,  0.23071
3359, 1173,  0.07042,  0.05159,  0.01478,  0.52758,  0.17822,  0.14459,  0.17893
3360, 1173,  0.07042,  0.05159,  0.01478,  0.52758,  0.17822,  0.14459,  0.17893
3361, 1174,  0.07016,  0.05184,  0.01218,  0.57643,  0.13186,  0.09573,  0.13472
3362, 1172,  0.06923,  0.05291,  0.01404,  0.57643,  0.17822,  0.09573,  0.17893
3363, 1173,  0.07042,  0.05159,  0.01478,  0.52758,  0.17822,  0.14459,  0.17893
3364, 1175,  0.07126,  0.05061,  0.01305,  0.52758,  0.13186,  0.14459,  0.13472
3365, 1174,  0.07016,  0.05184,  0.01218,  0.57643,  0.13186,  0.09573,  0.13472
3366, 1176,  0.07245,  0.0493,  0.01186,  0.52758,  0.08858,  0.14459,  0.09429
3367, 1174,  0.07016,  0.05184,  0.01218,  0.57643,  0.13186,  0.09573,  0.13472
3368, 1175,  0.07126,  0.05061,  0.01305,  0.52758,  0.13186,  0.14459,  0.13472
3369, 1176,  0.07245,  0.0493,  0.01186,  0.52758,  0.08858,  0.14459,  0.09429
3370, 1177,  0.07145,  0.05041,  0.01096,  0.57643,  0.08858,  0.09573,  0.09429
3371, 1174,  0.07016,  0.05184,  0.01218,  0.57643,  0.13186,  0.09573,  0.13472
3372, 1177,  0.07145,  0.05041,  0.01096,  0.57643,  0.08858,  0.09573,  0.09429
3373, 1176,  0.07245,  0.0493,  0.01186,  0.52758,  0.08858,  0.14459,  0.09429
3374, 1178,  0.07385,  0.04778,  0.01086,  0.52758,  0.0453,  0.14459,  0.05386
3375, 1177,  0.07145,  0.05041,  0.01096,  0.57643,  0.08858,  0.09573,  0.09429
3376, 1178,  0.07385,  0.04778,  0.01086,  0.52758,  0.0453,  0.14459,  0.05386
3377, 1179,  0.07297,  0.04876,  0.00996,  0.57643,  0.0453,  0.09573,  0.05386
3378, 1179,  0.07297,  0.04876,  0.00996,  0.57643,  0.0453,  0.09573,  0.05386
3379, 1178,  0.07385,  0.04778,  0.01086,  0.52758,  0.0453,  0.14459,  0.05386
3380, 1180,  0.07535,  0.04616,  0.00996,  0.52758,  0.00202,  0.14459,  0.01344
3381, 1179,  0.07297,  0.04876,  0.00996,  0.57643,  0.0453,  0.09573,  0.05386
3382, 1180,  0.07535,  0.04616,  0.00996,  0.52758,  0.00202,  0.14459,  0.01344
3383, 1181,  0.0746,  0.047,  0.00906,  0.57643,  0.00202,  0.09573,  0.01344
3384, 1182,  0.06661,  0.05609,  0.02871,  0.2642,  0.38577,  0.51853,  0.41397
3385, 1183,  0.05922,  0.06147,  0.02829,  0.41091,  0.38577,  0.41716,  0.41397
3386, 1184,  0.05996,  0.06302,  0.035,  0.41091,  0.41115,  0.41716,  0.44238
3387, 1182,  0.06661,  0.05609,  0.02871,  0.2642,  0.38577,  0.51853,  0.41397
3388, 1184,  0.05996,  0.06302,  0.035,  0.41091,  0.41115,  0.41716,  0.44238
3389, 1185,  0.07008,  0.05617,  0.03452,  0.2642,  0.41115,  0.51853,  0.44238
3390, 1185,  0.07008,  0.05617,  0.03452,  0.2642,  0.41115,  0.51853,  0.44238
3391, 1184,  0.05996,  0.06302,  0.035,  0.41091,  0.41115,  0.41716,  0.44238
3392, 1186,  0.06148,  0.06386,  0.04201,  0.41091,  0.43581,  0.41716,  0.46784
3393, 1185,  0.07008,  0.05617,  0.03452,  0.2642,  0.41115,  0.51853,  0.44238
3394, 1186,  0.06148,  0.06386,  0.04201,  0.41091,  0.43581,  0.41716,  0.46784
3395, 1187,  0.0741,  0.05578,  0.04052,  0.2642,  0.43581,  0.51853,  0.46784
3396, 1186,  0.06148,  0.06386,  0.04201,  0.41091,  0.43581,  0.41716,  0.46784
3397, 1188,  0.07768,  0.05519,  0.04659,  0.2642,  0.46256,  0.51853,  0.49545
3398, 1187,  0.0741,  0.05578,  0.04052,  0.2642,  0.43581,  0.51853,  0.46784
3399, 1186,  0.06148,  0.06386,  0.04201,  0.41091,  0.43581,  0.41716,  0.46784
3400, 1189,  0.06372,  0.06339,  0.04905,  0.41091,  0.46256,  0.41716,  0.49545
3401, 1188,  0.07768,  0.05519,  0.04659,  0.2642,  0.46256,  0.51853,  0.49545
3402, 1190,  0.08094,  0.05424,  0.05273,  0.2642,  0.49044,  0.51853,  0.52423
3403, 1188,  0.07768,  0.05519,  0.04659,  0.2642,  0.46256,  0.51853,  0.49545
3404, 1189,  0.06372,  0.06339,  0.04905,  0.41091,  0.46256,  0.41716,  0.49545
3405, 1190,  0.08094,  0.05424,  0.05273,  0.2642,  0.49044,  0.51853,  0.52423
3406, 1189,  0.06372,  0.06339,  0.04905,  0.41091,  0.46256,  0.41716,  0.49545
3407, 1191,  0.06647,  0.06203,  0.05603,  0.41091,  0.49044,  0.41716,  0.52423
3408, 1191,  0.06647,  0.06203,  0.05603,  0.41091,  0.49044,  0.41716,  0.52423
3409, 1192,  0.08397,  0.05273,  0.05893,  0.2642,  0.51853,  0.51853,  0.55322
3410, 1190,  0.08094,  0.05424,  0.05273,  0.2642,  0.49044,  0.51853,  0.52423
3411, 1191,  0.06647,  0.06203,  0.05603,  0.41091,  0.49044,  0.41716,  0.52423
3412, 1193,  0.06952,  0.06022,  0.06287,  0.41091,  0.51853,  0.41716,  0.55322
3413, 1192,  0.08397,  0.05273,  0.05893,  0.2642,  0.51853,  0.51853,  0.55322
3414, 1194,  0.07259,  0.05808,  0.06944,  0.41091,  0.54703,  0.41716,  0.58265
3415, 1192,  0.08397,  0.05273,  0.05893,  0.2642,  0.51853,  0.51853,  0.55322
3416, 1193,  0.06952,  0.06022,  0.06287,  0.41091,  0.51853,  0.41716,  0.55322
3417, 1194,  0.07259,  0.05808,  0.06944,  0.41091,  0.54703,  0.41716,  0.58265
3418, 1195,  0.08676,  0.05076,  0.06508,  0.2642,  0.54703,  0.51853,  0.58265
3419, 1192,  0.08397,  0.05273,  0.05893,  0.2642,  0.51853,  0.51853,  0.55322
3420, 1196,  0.0754,  0.05573,  0.0756,  0.41091,  0.57619,  0.41716,  0.61275
3421, 1195,  0.08676,  0.05076,  0.06508,  0.2642,  0.54703,  0.51853,  0.58265
3422, 1194,  0.07259,  0.05808,  0.06944,  0.41091,  0.54703,  0.41716,  0.58265
3423, 1196,  0.0754,  0.05573,  0.0756,  0.41091,  0.57619,  0.41716,  0.61275
3424, 1197,  0.08924,  0.04841,  0.0711,  0.2642,  0.57619,  0.51853,  0.61275
3425, 1195,  0.08676,  0.05076,  0.06508,  0.2642,  0.54703,  0.51853,  0.58265
3426, 1198,  0.07803,  0.05312,  0.08138,  0.41091,  0.60552,  0.41716,  0.64303
3427, 1197,  0.08924,  0.04841,  0.0711,  0.2642,  0.57619,  0.51853,  0.61275
3428, 1196,  0.0754,  0.05573,  0.0756,  0.41091,  0.57619,  0.41716,  0.61275
3429, 1198,  0.07803,  0.05312,  0.08138,  0.41091,  0.60552,  0.41716,  0.64303
3430, 1199,  0.09135,  0.04581,  0.07694,  0.2642,  0.60552,  0.51853,  0.64303
3431, 1197,  0.08924,  0.04841,  0.0711,  0.2642,  0.57619,  0.51853,  0.61275
3432, 1200,  0.08058,  0.05021,  0.08677,  0.41091,  0.63454,  0.41716,  0.67299
3433, 1199,  0.09135,  0.04581,  0.07694,  0.2642,  0.60552,  0.51853,  0.64303
3434, 1198,  0.07803,  0.05312,  0.08138,  0.41091,  0.60552,  0.41716,  0.64303
3435, 1200,  0.08058,  0.05021,  0.08677,  0.41091,  0.63454,  0.41716,  0.67299
3436, 1201,  0.09303,  0.04312,  0.08254,  0.2642,  0.63454,  0.51853,  0.67299
3437, 1199,  0.09135,  0.04581,  0.07694,  0.2642,  0.60552,  0.51853,  0.64303
3438, 1202,  0.08277,  0.04706,  0.09191,  0.41091,  0.66342,  0.41716,  0.70279
3439, 1201,  0.09303,  0.04312,  0.08254,  0.2642,  0.63454,  0.51853,  0.67299
3440, 1200,  0.08058,  0.05021,  0.08677,  0.41091,  0.63454,  0.41716,  0.67299
3441, 1202,  0.08277,  0.04706,  0.09191,  0.41091,  0.66342,  0.41716,  0.70279
3442, 1203,  0.09419,  0.04017,  0.08805,  0.2642,  0.66342,  0.51853,  0.70279
3443, 1201,  0.09303,  0.04312,  0.08254,  0.2642,  0.63454,  0.51853,  0.67299
3444, 1204,  0.08433,  0.04372,  0.09692,  0.41091,  0.6923,  0.41716,  0.7326
3445, 1203,  0.09419,  0.04017,  0.08805,  0.2642,  0.66342,  0.51853,  0.70279
3446, 1202,  0.08277,  0.04706,  0.09191,  0.41091,  0.66342,  0.41716,  0.70279
3447, 1204,  0.08433,  0.04372,  0.09692,  0.41091,  0.6923,  0.41716,  0.7326
3448, 1205,  0.09473,  0.03684,  0.09365,  0.2642,  0.6923,  0.51853,  0.7326
3449, 1203,  0.09419,  0.04017,  0.08805,  0.2642,  0.66342,  0.51853,  0.70279
3450, 1206,  0.08482,  0.0401,  0.10171,  0.41091,  0.72065,  0.41716,  0.76187
3451, 1205,  0.09473,  0.03684,  0.09365,  0.2642,  0.6923,  0.51853,  0.7326
3452, 1204,  0.08433,  0.04372,  0.09692,  0.41091,  0.6923,  0.41716,  0.7326
3453, 1206,  0.08482,  0.0401,  0.10171,  0.41091,  0.72065,  0.41716,  0.76187
3454, 1207,  0.09436,  0.03305,  0.09912,  0.2642,  0.72065,  0.51853,  0.76187
3455, 1205,  0.09473,  0.03684,  0.09365,  0.2642,  0.6923,  0.51853,  0.7326
3456, 1208,  0.08377,  0.03611,  0.10619,  0.41091,  0.74795,  0.41716,  0.79005
3457, 1207,  0.09436,  0.03305,  0.09912,  0.2642,  0.72065,  0.51853,  0.76187
3458, 1206,  0.08482,  0.0401,  0.10171,  0.41091,  0.72065,  0.41716,  0.76187
3459, 1208,  0.08377,  0.03611,  0.10619,  0.41091,  0.74795,  0.41716,  0.79005
3460, 1209,  0.09274,  0.02875,  0.10426,  0.2642,  0.74795,  0.51853,  0.79005
3461, 1207,  0.09436,  0.03305,  0.09912,  0.2642,  0.72065,  0.51853,  0.76187
3462, 1210,  0.08152,  0.03202,  0.11041,  0.41091,  0.77394,  0.41716,  0.81689
3463, 1209,  0.09274,  0.02875,  0.10426,  0.2642,  0.74795,  0.51853,  0.79005
3464, 1208,  0.08377,  0.03611,  0.10619,  0.41091,  0.74795,  0.41716,  0.79005
3465, 1210,  0.08152,  0.03202,  0.11041,  0.41091,  0.77394,  0.41716,  0.81689
3466, 1211,  0.08989,  0.02441,  0.1091,  0.2642,  0.77394,  0.51853,  0.81689
3467, 1209,  0.09274,  0.02875,  0.10426,  0.2642,  0.74795,  0.51853,  0.79005
3468, 1211,  0.08989,  0.02441,  0.1091,  0.2642,  0.77394,  0.51853,  0.81689
3469, 1210,  0.08152,  0.03202,  0.11041,  0.41091,  0.77394,  0.41716,  0.81689
3470, 1212,  0.07837,  0.02808,  0.11441,  0.41091,  0.79838,  0.41716,  0.84211
3471, 1211,  0.08989,  0.02441,  0.1091,  0.2642,  0.77394,  0.51853,  0.81689
3472, 1212,  0.07837,  0.02808,  0.11441,  0.41091,  0.79838,  0.41716,  0.84211
3473, 1213,  0.08581,  0.02049,  0.11368,  0.2642,  0.79838,  0.51853,  0.84211
3474, 1213,  0.08581,  0.02049,  0.11368,  0.2642,  0.79838,  0.51853,  0.84211
3475, 1212,  0.07837,  0.02808,  0.11441,  0.41091,  0.79838,  0.41716,  0.84211
3476, 1214,  0.07498,  0.0244,  0.11802,  0.41091,  0.82167,  0.41716,  0.86615
3477, 1213,  0.08581,  0.02049,  0.11368,  0.2642,  0.79838,  0.51853,  0.84211
3478, 1214,  0.07498,  0.0244,  0.11802,  0.41091,  0.82167,  0.41716,  0.86615
3479, 1215,  0.08123,  0.01667,  0.11792,  0.2642,  0.82167,  0.51853,  0.86615
3480, 1214,  0.07498,  0.0244,  0.11802,  0.41091,  0.82167,  0.41716,  0.86615
3481, 1216,  0.0769,  0.01265,  0.12174,  0.2642,  0.84421,  0.51853,  0.88942
3482, 1215,  0.08123,  0.01667,  0.11792,  0.2642,  0.82167,  0.51853,  0.86615
3483, 1214,  0.07498,  0.0244,  0.11802,  0.41091,  0.82167,  0.41716,  0.86615
3484, 1217,  0.07201,  0.0211,  0.12108,  0.41091,  0.84421,  0.41716,  0.88942
3485, 1216,  0.0769,  0.01265,  0.12174,  0.2642,  0.84421,  0.51853,  0.88942
3486, 1218,  0.07257,  0.00882,  0.12474,  0.2642,  0.86639,  0.51853,  0.91232
3487, 1216,  0.0769,  0.01265,  0.12174,  0.2642,  0.84421,  0.51853,  0.88942
3488, 1217,  0.07201,  0.0211,  0.12108,  0.41091,  0.84421,  0.41716,  0.88942
3489, 1218,  0.07257,  0.00882,  0.12474,  0.2642,  0.86639,  0.51853,  0.91232
3490, 1217,  0.07201,  0.0211,  0.12108,  0.41091,  0.84421,  0.41716,  0.88942
3491, 1219,  0.06918,  0.01791,  0.12347,  0.41091,  0.86639,  0.41716,  0.91232
3492, 1219,  0.06918,  0.01791,  0.12347,  0.41091,  0.86639,  0.41716,  0.91232
3493, 1220,  0.068,  0.00559,  0.12651,  0.2642,  0.8886,  0.51853,  0.93524
3494, 1218,  0.07257,  0.00882,  0.12474,  0.2642,  0.86639,  0.51853,  0.91232
3495, 1219,  0.06918,  0.01791,  0.12347,  0.41091,  0.86639,  0.41716,  0.91232
3496, 1221,  0.06617,  0.01456,  0.12511,  0.41091,  0.8886,  0.41716,  0.93524
3497, 1220,  0.068,  0.00559,  0.12651,  0.2642,  0.8886,  0.51853,  0.93524
3498, 1222,  0.06308,  0.01114,  0.12636,  0.41091,  0.91082,  0.41716,  0.95818
3499, 1220,  0.068,  0.00559,  0.12651,  0.2642,  0.8886,  0.51853,  0.93524
3500, 1221,  0.06617,  0.01456,  0.12511,  0.41091,  0.8886,  0.41716,  0.93524
3501, 1222,  0.06308,  0.01114,  0.12636,  0.41091,  0.91082,  0.41716,  0.95818
3502, 1223,  0.0633,  0.00266,  0.12767,  0.2642,  0.91082,  0.51853,  0.95818
3503, 1220,  0.068,  0.00559,  0.12651,  0.2642,  0.8886,  0.51853,  0.93524
3504, 1224,  0.06007,  0.05773,  0.0168,  0.41091,  0.31653,  0.41716,  0.33795
3505, 1225,  0.06397,  0.05363,  0.0182,  0.2642,  0.31653,  0.51853,  0.33795
3506, 1226,  0.06405,  0.05109,  0.01388,  0.2642,  0.25697,  0.51853,  0.30036
3507, 1224,  0.06007,  0.05773,  0.0168,  0.41091,  0.31653,  0.41716,  0.33795
3508, 1226,  0.06405,  0.05109,  0.01388,  0.2642,  0.25697,  0.51853,  0.30036
3509, 1227,  0.06115,  0.05472,  0.01227,  0.41091,  0.25697,  0.41716,  0.30036
3510, 1227,  0.06115,  0.05472,  0.01227,  0.41091,  0.25697,  0.41716,  0.30036
3511, 1226,  0.06405,  0.05109,  0.01388,  0.2642,  0.25697,  0.51853,  0.30036
3512, 1228,  0.06512,  0.04803,  0.01001,  0.2642,  0.18186,  0.51853,  0.26375
3513, 1227,  0.06115,  0.05472,  0.01227,  0.41091,  0.25697,  0.41716,  0.30036
3514, 1228,  0.06512,  0.04803,  0.01001,  0.2642,  0.18186,  0.51853,  0.26375
3515, 1229,  0.06292,  0.05119,  0.00831,  0.41091,  0.18186,  0.41716,  0.26375
3516, 1225,  0.06397,  0.05363,  0.0182,  0.2642,  0.31653,  0.51853,  0.33795
3517, 1224,  0.06007,  0.05773,  0.0168,  0.41091,  0.31653,  0.41716,  0.33795
3518, 1230,  0.05934,  0.05985,  0.02218,  0.41091,  0.35684,  0.41716,  0.37749
3519, 1225,  0.06397,  0.05363,  0.0182,  0.2642,  0.31653,  0.51853,  0.33795
3520, 1230,  0.05934,  0.05985,  0.02218,  0.41091,  0.35684,  0.41716,  0.37749
3521, 1231,  0.0647,  0.05527,  0.02321,  0.2642,  0.35684,  0.51853,  0.37749
3522, 1182,  0.06661,  0.05609,  0.02871,  0.2642,  0.38577,  0.51853,  0.41397
3523, 1231,  0.0647,  0.05527,  0.02321,  0.2642,  0.35684,  0.51853,  0.37749
3524, 1230,  0.05934,  0.05985,  0.02218,  0.41091,  0.35684,  0.41716,  0.37749
3525, 1182,  0.06661,  0.05609,  0.02871,  0.2642,  0.38577,  0.51853,  0.41397
3526, 1230,  0.05934,  0.05985,  0.02218,  0.41091,  0.35684,  0.41716,  0.37749
3527, 1183,  0.05922,  0.06147,  0.02829,  0.41091,  0.38577,  0.41716,  0.41397
3528, 1229,  0.06292,  0.05119,  0.00831,  0.41091,  0.18186,  0.41716,  0.26375
3529, 1228,  0.06512,  0.04803,  0.01001,  0.2642,  0.18186,  0.51853,  0.26375
3530, 1232,  0.06737,  0.04483,  0.00633,  0.2642,  0.0949,  0.51853,  0.22713
3531, 1229,  0.06292,  0.05119,  0.00831,  0.41091,  0.18186,  0.41716,  0.26375
3532, 1232,  0.06737,  0.04483,  0.00633,  0.2642,  0.0949,  0.51853,  0.22713
3533, 1233,  0.0657,  0.04752,  0.00463,  0.41091,  0.0949,  0.41716,  0.22713
3534, 1233,  0.0657,  0.04752,  0.00463,  0.41091,  0.0949,  0.41716,  0.22713
3535, 1232,  0.06737,  0.04483,  0.00633,  0.2642,  0.0949,  0.51853,  0.22713
3536, 1234,  0.07021,  0.04156,  0.00276,  0.2642,  0.00202,  0.51853,  0.19052
3537, 1233,  0.0657,  0.04752,  0.00463,  0.41091,  0.0949,  0.41716,  0.22713
3538, 1234,  0.07021,  0.04156,  0.00276,  0.2642,  0.00202,  0.51853,  0.19052
3539, 1235,  0.06899,  0.04377,  0.00108,  0.41091,  0.00202,  0.41716,  0.19052
3540, 1236,  0.03963,  0.0551,  0.01518,  0.51387,  0.6182,  1.6696,  0.73632
3541, 1237,  0.05063,  0.05221,  0.01474,  0.37103,  0.6182,  1.77097,  0.73632
3542, 1238,  0.04846,  0.05106,  0.0077,  0.37103,  0.55241,  1.77097,  0.61372
3543, 1236,  0.03963,  0.0551,  0.01518,  0.51387,  0.6182,  1.6696,  0.73632
3544, 1238,  0.04846,  0.05106,  0.0077,  0.37103,  0.55241,  1.77097,  0.61372
3545, 1239,  0.03784,  0.05384,  0.00793,  0.51387,  0.55241,  1.6696,  0.61372
3546, 1239,  0.03784,  0.05384,  0.00793,  0.51387,  0.55241,  1.6696,  0.61372
3547, 1238,  0.04846,  0.05106,  0.0077,  0.37103,  0.55241,  1.77097,  0.61372
3548, 1240,  0.0468,  0.04973,  0.00092,  0.37103,  0.37123,  1.77097,  0.5004
3549, 1239,  0.03784,  0.05384,  0.00793,  0.51387,  0.55241,  1.6696,  0.61372
3550, 1240,  0.0468,  0.04973,  0.00092,  0.37103,  0.37123,  1.77097,  0.5004
3551, 1241,  0.03673,  0.05219,  0.00113,  0.51387,  0.37123,  1.6696,  0.5004
3552, 1240,  0.0468,  0.04973,  0.00092,  0.37103,  0.37123,  1.77097,  0.5004
3553, 1242,  0.03618,  0.05099, -0.00537,  0.51387,  0.32581,  1.6696,  0.42926
3554, 1241,  0.03673,  0.05219,  0.00113,  0.51387,  0.37123,  1.6696,  0.5004
3555, 1240,  0.0468,  0.04973,  0.00092,  0.37103,  0.37123,  1.77097,  0.5004
3556, 1243,  0.04553,  0.04824, -0.00516,  0.37103,  0.32581,  1.77097,  0.42926
3557, 1242,  0.03618,  0.05099, -0.00537,  0.51387,  0.32581,  1.6696,  0.42926
3558, 1244,  0.03597,  0.04949, -0.01111,  0.51387,  0.28747,  1.6696,  0.37657
3559, 1242,  0.03618,  0.05099, -0.00537,  0.51387,  0.32581,  1.6696,  0.42926
3560, 1243,  0.04553,  0.04824, -0.00516,  0.37103,  0.32581,  1.77097,  0.42926
3561, 1244,  0.03597,  0.04949, -0.01111,  0.51387,  0.28747,  1.6696,  0.37657
3562, 1243,  0.04553,  0.04824, -0.00516,  0.37103,  0.32581,  1.77097,  0.42926
3563, 1245,  0.04452,  0.04683, -0.01077,  0.37103,  0.28747,  1.77097,  0.37657
3564, 1245,  0.04452,  0.04683, -0.01077,  0.37103,  0.28747,  1.77097,  0.37657
3565, 1246,  0.03592,  0.0488, -0.01643,  0.51387,  0.24967,  1.6696,  0.31858
3566, 1244,  0.03597,  0.04949, -0.01111,  0.51387,  0.28747,  1.6696,  0.37657
3567, 1245,  0.04452,  0.04683, -0.01077,  0.37103,  0.28747,  1.77097,  0.37657
3568, 1247,  0.04368,  0.04615, -0.0162,  0.37103,  0.24967,  1.77097,  0.31858
3569, 1246,  0.03592,  0.0488, -0.01643,  0.51387,  0.24967,  1.6696,  0.31858
3570, 1248,  0.03576,  0.04881, -0.02144,  0.51387,  0.21555,  1.6696,  0.26758
3571, 1246,  0.03592,  0.0488, -0.01643,  0.51387,  0.24967,  1.6696,  0.31858
3572, 1247,  0.04368,  0.04615, -0.0162,  0.37103,  0.24967,  1.77097,  0.31858
3573, 1248,  0.03576,  0.04881, -0.02144,  0.51387,  0.21555,  1.6696,  0.26758
3574, 1247,  0.04368,  0.04615, -0.0162,  0.37103,  0.24967,  1.77097,  0.31858
3575, 1249,  0.04273,  0.04604, -0.02147,  0.37103,  0.21555,  1.77097,  0.26758
3576, 1250,  0.04139,  0.04601, -0.02653,  0.37103,  0.1853,  1.77097,  0.2359
3577, 1248,  0.03576,  0.04881, -0.02144,  0.51387,  0.21555,  1.6696,  0.26758
3578, 1249,  0.04273,  0.04604, -0.02147,  0.37103,  0.21555,  1.77097,  0.26758
3579, 1250,  0.04139,  0.04601, -0.02653,  0.37103,  0.1853,  1.77097,  0.2359
3580, 1251,  0.03524,  0.04913, -0.0262,  0.51387,  0.1853,  1.6696,  0.2359
3581, 1248,  0.03576,  0.04881, -0.02144,  0.51387,  0.21555,  1.6696,  0.26758
3582, 1252,  0.03968,  0.04572, -0.0312,  0.37103,  0.16891,  1.77097,  0.21605
3583, 1251,  0.03524,  0.04913, -0.0262,  0.51387,  0.1853,  1.6696,  0.2359
3584, 1250,  0.04139,  0.04601, -0.02653,  0.37103,  0.1853,  1.77097,  0.2359
3585, 1252,  0.03968,  0.04572, -0.0312,  0.37103,  0.16891,  1.77097,  0.21605
3586, 1253,  0.03432,  0.04922, -0.03059,  0.51387,  0.16891,  1.6696,  0.21605
3587, 1251,  0.03524,  0.04913, -0.0262,  0.51387,  0.1853,  1.6696,  0.2359
3588, 1254,  0.03765,  0.04639, -0.03578,  0.37103,  0.15212,  1.77097,  0.20059
3589, 1253,  0.03432,  0.04922, -0.03059,  0.51387,  0.16891,  1.6696,  0.21605
3590, 1252,  0.03968,  0.04572, -0.0312,  0.37103,  0.16891,  1.77097,  0.21605
3591, 1254,  0.03765,  0.04639, -0.03578,  0.37103,  0.15212,  1.77097,  0.20059
3592, 1255,  0.03302,  0.05012, -0.03497,  0.51387,  0.15212,  1.6696,  0.20059
3593, 1253,  0.03432,  0.04922, -0.03059,  0.51387,  0.16891,  1.6696,  0.21605
3594, 1256,  0.03532,  0.04728, -0.03994,  0.37103,  0.13493,  1.77097,  0.18665
3595, 1255,  0.03302,  0.05012, -0.03497,  0.51387,  0.15212,  1.6696,  0.20059
3596, 1254,  0.03765,  0.04639, -0.03578,  0.37103,  0.15212,  1.77097,  0.20059
3597, 1256,  0.03532,  0.04728, -0.03994,  0.37103,  0.13493,  1.77097,  0.18665
3598, 1257,  0.03131,  0.05092, -0.03904,  0.51387,  0.13493,  1.6696,  0.18665
3599, 1255,  0.03302,  0.05012, -0.03497,  0.51387,  0.15212,  1.6696,  0.20059
3600, 1257,  0.03131,  0.05092, -0.03904,  0.51387,  0.13493,  1.6696,  0.18665
3601, 1256,  0.03532,  0.04728, -0.03994,  0.37103,  0.13493,  1.77097,  0.18665
3602, 1258,  0.03274,  0.04891, -0.04377,  0.37103,  0.11735,  1.77097,  0.17137
3603, 1257,  0.03131,  0.05092, -0.03904,  0.51387,  0.13493,  1.6696,  0.18665
3604, 1258,  0.03274,  0.04891, -0.04377,  0.37103,  0.11735,  1.77097,  0.17137
3605, 1259,  0.0292,  0.05198, -0.04283,  0.51387,  0.11735,  1.6696,  0.17137
3606, 1260,  0.0268,  0.0529, -0.04644,  0.51387,  0.09381,  1.6696,  0.15409
3607, 1259,  0.0292,  0.05198, -0.04283,  0.51387,  0.11735,  1.6696,  0.17137
3608, 1258,  0.03274,  0.04891, -0.04377,  0.37103,  0.11735,  1.77097,  0.17137
3609, 1260,  0.0268,  0.0529, -0.04644,  0.51387,  0.09381,  1.6696,  0.15409
3610, 1258,  0.03274,  0.04891, -0.04377,  0.37103,  0.11735,  1.77097,  0.17137
3611, 1261,  0.02997,  0.05066, -0.04739,  0.37103,  0.09381,  1.77097,  0.15409
3612, 1260,  0.0268,  0.0529, -0.04644,  0.51387,  0.09381,  1.6696,  0.15409
3613, 1261,  0.02997,  0.05066, -0.04739,  0.37103,  0.09381,  1.77097,  0.15409
3614, 1262,  0.02708,  0.05248, -0.051,  0.37103,  0.05879,  1.77097,  0.13414
3615, 1260,  0.0268,  0.0529, -0.04644,  0.51387,  0.09381,  1.6696,  0.15409
3616, 1262,  0.02708,  0.05248, -0.051,  0.37103,  0.05879,  1.77097,  0.13414
3617, 1263,  0.02425,  0.05381, -0.05003,  0.51387,  0.05879,  1.6696,  0.13414
3618, 1264,  0.02161,  0.05462, -0.05367,  0.51387,  0.002,  1.6696,  0.11285
3619, 1263,  0.02425,  0.05381, -0.05003,  0.51387,  0.05879,  1.6696,  0.13414
3620, 1262,  0.02708,  0.05248, -0.051,  0.37103,  0.05879,  1.77097,  0.13414
3621, 1264,  0.02161,  0.05462, -0.05367,  0.51387,  0.002,  1.6696,  0.11285
3622, 1262,  0.02708,  0.05248, -0.051,  0.37103,  0.05879,  1.77097,  0.13414
3623, 1265,  0.0241,  0.05423, -0.05467,  0.37103,  0.002,  1.77097,  0.11285
3624, 1266,  0.05596,  0.0571,  0.0431,  0.51387,  0.99949,  1.6696,  0.99093
3625, 1267,  0.06702,  0.05126,  0.04139,  0.37103,  0.99949,  1.77097,  0.99093
3626, 1268,  0.0617,  0.05215,  0.03482,  0.37103,  0.85536,  1.77097,  0.95672
3627, 1266,  0.05596,  0.0571,  0.0431,  0.51387,  0.99949,  1.6696,  0.99093
3628, 1268,  0.0617,  0.05215,  0.03482,  0.37103,  0.85536,  1.77097,  0.95672
3629, 1269,  0.0505,  0.05668,  0.03612,  0.51387,  0.85536,  1.6696,  0.95672
3630, 1269,  0.0505,  0.05668,  0.03612,  0.51387,  0.85536,  1.6696,  0.95672
3631, 1268,  0.0617,  0.05215,  0.03482,  0.37103,  0.85536,  1.77097,  0.95672
3632, 1270,  0.05695,  0.05278,  0.02821,  0.37103,  0.7366,  1.77097,  0.90926
3633, 1269,  0.0505,  0.05668,  0.03612,  0.51387,  0.85536,  1.6696,  0.95672
3634, 1270,  0.05695,  0.05278,  0.02821,  0.37103,  0.7366,  1.77097,  0.90926
3635, 1271,  0.04569,  0.05626,  0.02914,  0.51387,  0.7366,  1.6696,  0.90926
3636, 1270,  0.05695,  0.05278,  0.02821,  0.37103,  0.7366,  1.77097,  0.90926
3637, 1272,  0.04215,  0.0558,  0.0222,  0.51387,  0.66857,  1.6696,  0.83532
3638, 1271,  0.04569,  0.05626,  0.02914,  0.51387,  0.7366,  1.6696,  0.90926
3639, 1270,  0.05695,  0.05278,  0.02821,  0.37103,  0.7366,  1.77097,  0.90926
3640, 1273,  0.05337,  0.05286,  0.02155,  0.37103,  0.66857,  1.77097,  0.83532
3641, 1272,  0.04215,  0.0558,  0.0222,  0.51387,  0.66857,  1.6696,  0.83532
3642, 1237,  0.05063,  0.05221,  0.01474,  0.37103,  0.6182,  1.77097,  0.73632
3643, 1272,  0.04215,  0.0558,  0.0222,  0.51387,  0.66857,  1.6696,  0.83532
3644, 1273,  0.05337,  0.05286,  0.02155,  0.37103,  0.66857,  1.77097,  0.83532
3645, 1237,  0.05063,  0.05221,  0.01474,  0.37103,  0.6182,  1.77097,  0.73632
3646, 1236,  0.03963,  0.0551,  0.01518,  0.51387,  0.6182,  1.6696,  0.73632
3647, 1272,  0.04215,  0.0558,  0.0222,  0.51387,  0.66857,  1.6696,  0.83532
3648, 1274,  0.03457, -0.06837,  0.00156,  0.40252,  0.17811,  1.77365,  0.30474
3649, 1275,  0.04155, -0.06354,  0.00059,  0.50389,  0.17811,  1.66477,  0.30474
3650, 1276,  0.04472, -0.06367,  0.00778,  0.50389,  0.24017,  1.66477,  0.34038
3651, 1274,  0.03457, -0.06837,  0.00156,  0.40252,  0.17811,  1.77365,  0.30474
3652, 1276,  0.04472, -0.06367,  0.00778,  0.50389,  0.24017,  1.66477,  0.34038
3653, 1277,  0.03708, -0.06845,  0.00848,  0.40252,  0.24017,  1.77365,  0.34038
3654, 1277,  0.03708, -0.06845,  0.00848,  0.40252,  0.24017,  1.77365,  0.34038
3655, 1276,  0.04472, -0.06367,  0.00778,  0.50389,  0.24017,  1.66477,  0.34038
3656, 1278,  0.04726, -0.06303,  0.0155,  0.50389,  0.30054,  1.66477,  0.38137
3657, 1277,  0.03708, -0.06845,  0.00848,  0.40252,  0.24017,  1.77365,  0.34038
3658, 1278,  0.04726, -0.06303,  0.0155,  0.50389,  0.30054,  1.66477,  0.38137
3659, 1279,  0.03924, -0.06833,  0.01547,  0.40252,  0.30054,  1.77365,  0.38137
3660, 1278,  0.04726, -0.06303,  0.0155,  0.50389,  0.30054,  1.66477,  0.38137
3661, 1280,  0.04115, -0.06814,  0.02254,  0.40252,  0.34492,  1.77365,  0.42576
3662, 1279,  0.03924, -0.06833,  0.01547,  0.40252,  0.30054,  1.77365,  0.38137
3663, 1278,  0.04726, -0.06303,  0.0155,  0.50389,  0.30054,  1.66477,  0.38137
3664, 1281,  0.04957, -0.06394,  0.02243,  0.50389,  0.34492,  1.66477,  0.42576
3665, 1280,  0.04115, -0.06814,  0.02254,  0.40252,  0.34492,  1.77365,  0.42576
3666, 1282,  0.05184, -0.06404,  0.03,  0.50389,  0.37857,  1.66477,  0.46759
3667, 1280,  0.04115, -0.06814,  0.02254,  0.40252,  0.34492,  1.77365,  0.42576
3668, 1281,  0.04957, -0.06394,  0.02243,  0.50389,  0.34492,  1.66477,  0.42576
3669, 1282,  0.05184, -0.06404,  0.03,  0.50389,  0.37857,  1.66477,  0.46759
3670, 1283,  0.04297, -0.06805,  0.02994,  0.40252,  0.37857,  1.77365,  0.46759
3671, 1280,  0.04115, -0.06814,  0.02254,  0.40252,  0.34492,  1.77365,  0.42576
3672, 1283,  0.04297, -0.06805,  0.02994,  0.40252,  0.37857,  1.77365,  0.46759
3673, 1282,  0.05184, -0.06404,  0.03,  0.50389,  0.37857,  1.66477,  0.46759
3674, 1284,  0.05439, -0.0641,  0.03779,  0.50389,  0.52614,  1.66477,  0.50088
3675, 1283,  0.04297, -0.06805,  0.02994,  0.40252,  0.37857,  1.77365,  0.46759
3676, 1284,  0.05439, -0.0641,  0.03779,  0.50389,  0.52614,  1.66477,  0.50088
3677, 1285,  0.04486, -0.06822,  0.03788,  0.40252,  0.52614,  1.77365,  0.50088
3678, 1285,  0.04486, -0.06822,  0.03788,  0.40252,  0.52614,  1.77365,  0.50088
3679, 1284,  0.05439, -0.0641,  0.03779,  0.50389,  0.52614,  1.66477,  0.50088
3680, 1286,  0.0574, -0.06391,  0.04572,  0.50389,  0.552,  1.66477,  0.52908
3681, 1285,  0.04486, -0.06822,  0.03788,  0.40252,  0.52614,  1.77365,  0.50088
3682, 1286,  0.0574, -0.06391,  0.04572,  0.50389,  0.552,  1.66477,  0.52908
3683, 1287,  0.04724, -0.06818,  0.04621,  0.40252,  0.552,  1.77365,  0.52908
3684, 1287,  0.04724, -0.06818,  0.04621,  0.40252,  0.552,  1.77365,  0.52908
3685, 1286,  0.0574, -0.06391,  0.04572,  0.50389,  0.552,  1.66477,  0.52908
3686, 1288,  0.06104, -0.06328,  0.05374,  0.50389,  0.57283,  1.66477,  0.55559
3687, 1287,  0.04724, -0.06818,  0.04621,  0.40252,  0.552,  1.77365,  0.52908
3688, 1288,  0.06104, -0.06328,  0.05374,  0.50389,  0.57283,  1.66477,  0.55559
3689, 1289,  0.05054, -0.06747,  0.05479,  0.40252,  0.57283,  1.77365,  0.55559
3690, 1289,  0.05054, -0.06747,  0.05479,  0.40252,  0.57283,  1.77365,  0.55559
3691, 1288,  0.06104, -0.06328,  0.05374,  0.50389,  0.57283,  1.66477,  0.55559
3692, 1290,  0.06487, -0.06212,  0.06162,  0.50389,  0.59267,  1.66477,  0.58267
3693, 1289,  0.05054, -0.06747,  0.05479,  0.40252,  0.57283,  1.77365,  0.55559
3694, 1290,  0.06487, -0.06212,  0.06162,  0.50389,  0.59267,  1.66477,  0.58267
3695, 1291,  0.0542, -0.06626,  0.06308,  0.40252,  0.59267,  1.77365,  0.58267
3696, 1291,  0.0542, -0.06626,  0.06308,  0.40252,  0.59267,  1.77365,  0.58267
3697, 1290,  0.06487, -0.06212,  0.06162,  0.50389,  0.59267,  1.66477,  0.58267
3698, 1292,  0.06847, -0.06037,  0.06914,  0.50389,  0.61561,  1.66477,  0.61256
3699, 1291,  0.0542, -0.06626,  0.06308,  0.40252,  0.59267,  1.77365,  0.58267
3700, 1292,  0.06847, -0.06037,  0.06914,  0.50389,  0.61561,  1.66477,  0.61256
3701, 1293,  0.05765, -0.06473,  0.07054,  0.40252,  0.61561,  1.77365,  0.61256
3702, 1293,  0.05765, -0.06473,  0.07054,  0.40252,  0.61561,  1.77365,  0.61256
3703, 1292,  0.06847, -0.06037,  0.06914,  0.50389,  0.61561,  1.66477,  0.61256
3704, 1294,  0.07171, -0.05805,  0.07641,  0.50389,  0.64205,  1.66477,  0.65077
3705, 1293,  0.05765, -0.06473,  0.07054,  0.40252,  0.61561,  1.77365,  0.61256
3706, 1294,  0.07171, -0.05805,  0.07641,  0.50389,  0.64205,  1.66477,  0.65077
3707, 1295,  0.06086, -0.06281,  0.07752,  0.40252,  0.64205,  1.77365,  0.65077
3708, 1294,  0.07171, -0.05805,  0.07641,  0.50389,  0.64205,  1.66477,  0.65077
3709, 1296,  0.0638, -0.06043,  0.08434,  0.40252,  0.67238,  1.77365,  0.70283
3710, 1295,  0.06086, -0.06281,  0.07752,  0.40252,  0.64205,  1.77365,  0.65077
3711, 1294,  0.07171, -0.05805,  0.07641,  0.50389,  0.64205,  1.66477,  0.65077
3712, 1297,  0.0745, -0.05518,  0.08356,  0.50389,  0.67238,  1.66477,  0.70283
3713, 1296,  0.0638, -0.06043,  0.08434,  0.40252,  0.67238,  1.77365,  0.70283
3714, 1298,  0.07661, -0.05207,  0.0902,  0.50389,  0.70178,  1.66477,  0.75688
3715, 1296,  0.0638, -0.06043,  0.08434,  0.40252,  0.67238,  1.77365,  0.70283
3716, 1297,  0.0745, -0.05518,  0.08356,  0.50389,  0.67238,  1.66477,  0.70283
3717, 1298,  0.07661, -0.05207,  0.0902,  0.50389,  0.70178,  1.66477,  0.75688
3718, 1299,  0.06623, -0.05778,  0.09069,  0.40252,  0.70178,  1.77365,  0.75688
3719, 1296,  0.0638, -0.06043,  0.08434,  0.40252,  0.67238,  1.77365,  0.70283
3720, 1298,  0.07661, -0.05207,  0.0902,  0.50389,  0.70178,  1.66477,  0.75688
3721, 1300,  0.06787, -0.05508,  0.09625,  0.40252,  0.72538,  1.77365,  0.80105
3722, 1299,  0.06623, -0.05778,  0.09069,  0.40252,  0.70178,  1.77365,  0.75688
3723, 1298,  0.07661, -0.05207,  0.0902,  0.50389,  0.70178,  1.66477,  0.75688
3724, 1301,  0.07783, -0.04904,  0.09595,  0.50389,  0.72538,  1.66477,  0.80105
3725, 1300,  0.06787, -0.05508,  0.09625,  0.40252,  0.72538,  1.77365,  0.80105
3726, 1302,  0.07817, -0.04576,  0.10112,  0.50389,  0.7488,  1.66477,  0.8415
3727, 1300,  0.06787, -0.05508,  0.09625,  0.40252,  0.72538,  1.77365,  0.80105
3728, 1301,  0.07783, -0.04904,  0.09595,  0.50389,  0.72538,  1.66477,  0.80105
3729, 1302,  0.07817, -0.04576,  0.10112,  0.50389,  0.7488,  1.66477,  0.8415
3730, 1303,  0.06881, -0.05192,  0.10146,  0.40252,  0.7488,  1.77365,  0.8415
3731, 1300,  0.06787, -0.05508,  0.09625,  0.40252,  0.72538,  1.77365,  0.80105
3732, 1303,  0.06881, -0.05192,  0.10146,  0.40252,  0.7488,  1.77365,  0.8415
3733, 1302,  0.07817, -0.04576,  0.10112,  0.50389,  0.7488,  1.66477,  0.8415
3734, 1304,  0.07765, -0.04187,  0.10604,  0.50389,  0.77764,  1.66477,  0.88437
3735, 1303,  0.06881, -0.05192,  0.10146,  0.40252,  0.7488,  1.77365,  0.8415
3736, 1304,  0.07765, -0.04187,  0.10604,  0.50389,  0.77764,  1.66477,  0.88437
3737, 1305,  0.0691, -0.04788,  0.10677,  0.40252,  0.77764,  1.77365,  0.88437
3738, 1305,  0.0691, -0.04788,  0.10677,  0.40252,  0.77764,  1.77365,  0.88437
3739, 1304,  0.07765, -0.04187,  0.10604,  0.50389,  0.77764,  1.66477,  0.88437
3740, 1306,  0.07629, -0.0378,  0.11052,  0.50389,  0.80848,  1.66477,  0.92187
3741, 1305,  0.0691, -0.04788,  0.10677,  0.40252,  0.77764,  1.77365,  0.88437
3742, 1306,  0.07629, -0.0378,  0.11052,  0.50389,  0.80848,  1.66477,  0.92187
3743, 1307,  0.06879, -0.0433,  0.11178,  0.40252,  0.80848,  1.77365,  0.92187
3744, 1307,  0.06879, -0.0433,  0.11178,  0.40252,  0.80848,  1.77365,  0.92187
3745, 1306,  0.07629, -0.0378,  0.11052,  0.50389,  0.80848,  1.66477,  0.92187
3746, 1308,  0.07411, -0.03396,  0.11439,  0.50389,  0.8379,  1.66477,  0.94624
3747, 1307,  0.06879, -0.0433,  0.11178,  0.40252,  0.80848,  1.77365,  0.92187
3748, 1308,  0.07411, -0.03396,  0.11439,  0.50389,  0.8379,  1.66477,  0.94624
3749, 1309,  0.06792, -0.0385,  0.11609,  0.40252,  0.8379,  1.77365,  0.94624
3750, 1309,  0.06792, -0.0385,  0.11609,  0.40252,  0.8379,  1.77365,  0.94624
3751, 1308,  0.07411, -0.03396,  0.11439,  0.50389,  0.8379,  1.66477,  0.94624
3752, 1310,  0.0711, -0.02989,  0.11794,  0.50389,  0.866,  1.66477,  0.96376
3753, 1309,  0.06792, -0.0385,  0.11609,  0.40252,  0.8379,  1.77365,  0.94624
3754, 1310,  0.0711, -0.02989,  0.11794,  0.50389,  0.866,  1.66477,  0.96376
3755, 1311,  0.06654, -0.03367,  0.11965,  0.40252,  0.866,  1.77365,  0.96376
3756, 1310,  0.0711, -0.02989,  0.11794,  0.50389,  0.866,  1.66477,  0.96376
3757, 1312,  0.0647, -0.02898,  0.12239,  0.40252,  0.89286,  1.77365,  0.98072
3758, 1311,  0.06654, -0.03367,  0.11965,  0.40252,  0.866,  1.77365,  0.96376
3759, 1310,  0.0711, -0.02989,  0.11794,  0.50389,  0.866,  1.66477,  0.96376
3760, 1313,  0.06724, -0.02514,  0.12144,  0.50389,  0.89286,  1.66477,  0.98072
3761, 1312,  0.0647, -0.02898,  0.12239,  0.40252,  0.89286,  1.77365,  0.98072
3762, 1314,  0.06294, -0.02005,  0.12492,  0.50389,  0.9191,  1.66477,  0.9974
3763, 1312,  0.0647, -0.02898,  0.12239,  0.40252,  0.89286,  1.77365,  0.98072
3764, 1313,  0.06724, -0.02514,  0.12144,  0.50389,  0.89286,  1.66477,  0.98072
3765, 1314,  0.06294, -0.02005,  0.12492,  0.50389,  0.9191,  1.66477,  0.9974
3766, 1315,  0.06264, -0.02435,  0.12471,  0.40252,  0.9191,  1.77365,  0.9974
3767, 1312,  0.0647, -0.02898,  0.12239,  0.40252,  0.89286,  1.77365,  0.98072
3768, 1316,  0.02132, -0.06169, -0.02615,  0.50389,  0.002,  1.66477,  0.15409
3769, 1317,  0.02709, -0.06251, -0.01999,  0.50389,  0.06422,  1.66477,  0.20288
3770, 1318,  0.02368, -0.06579, -0.01823,  0.40252,  0.06422,  1.77365,  0.20288
3771, 1316,  0.02132, -0.06169, -0.02615,  0.50389,  0.002,  1.66477,  0.15409
3772, 1318,  0.02368, -0.06579, -0.01823,  0.40252,  0.06422,  1.77365,  0.20288
3773, 1319,  0.01895, -0.06426, -0.02432,  0.40252,  0.002,  1.77365,  0.15409
3774, 1320,  0.03257, -0.06315, -0.01357,  0.50389,  0.1084,  1.66477,  0.24566
3775, 1318,  0.02368, -0.06579, -0.01823,  0.40252,  0.06422,  1.77365,  0.20288
3776, 1317,  0.02709, -0.06251, -0.01999,  0.50389,  0.06422,  1.66477,  0.20288
3777, 1320,  0.03257, -0.06315, -0.01357,  0.50389,  0.1084,  1.66477,  0.24566
3778, 1321,  0.02803, -0.06709, -0.01195,  0.40252,  0.1084,  1.77365,  0.24566
3779, 1318,  0.02368, -0.06579, -0.01823,  0.40252,  0.06422,  1.77365,  0.20288
3780, 1320,  0.03257, -0.06315, -0.01357,  0.50389,  0.1084,  1.66477,  0.24566
3781, 1322,  0.03161, -0.06793, -0.0053,  0.40252,  0.14357,  1.77365,  0.27638
3782, 1321,  0.02803, -0.06709, -0.01195,  0.40252,  0.1084,  1.77365,  0.24566
3783, 1320,  0.03257, -0.06315, -0.01357,  0.50389,  0.1084,  1.66477,  0.24566
3784, 1323,  0.03744, -0.06343, -0.00662,  0.50389,  0.14357,  1.66477,  0.27638
3785, 1322,  0.03161, -0.06793, -0.0053,  0.40252,  0.14357,  1.77365,  0.27638
3786, 1275,  0.04155, -0.06354,  0.00059,  0.50389,  0.17811,  1.66477,  0.30474
3787, 1322,  0.03161, -0.06793, -0.0053,  0.40252,  0.14357,  1.77365,  0.27638
3788, 1323,  0.03744, -0.06343, -0.00662,  0.50389,  0.14357,  1.66477,  0.27638
3789, 1275,  0.04155, -0.06354,  0.00059,  0.50389,  0.17811,  1.66477,  0.30474
3790, 1274,  0.03457, -0.06837,  0.00156,  0.40252,  0.17811,  1.77365,  0.30474
3791, 1322,  0.03161, -0.06793, -0.0053,  0.40252,  0.14357,  1.77365,  0.27638
3792, 1324,  0.08588,  0.0371,  0.09951,  0.45877,  0.66058,  1.39905,  0.73176
3793, 1325,  0.0914,  0.02926,  0.09568,  0.3574,  0.66058,  1.50043,  0.73176
3794, 1326,  0.09202,  0.03254,  0.08978,  0.3574,  0.62794,  1.50043,  0.69912
3795, 1324,  0.08588,  0.0371,  0.09951,  0.45877,  0.66058,  1.39905,  0.73176
3796, 1326,  0.09202,  0.03254,  0.08978,  0.3574,  0.62794,  1.50043,  0.69912
3797, 1327,  0.08626,  0.04018,  0.09388,  0.45877,  0.62794,  1.39905,  0.69912
3798, 1327,  0.08626,  0.04018,  0.09388,  0.45877,  0.62794,  1.39905,  0.69912
3799, 1326,  0.09202,  0.03254,  0.08978,  0.3574,  0.62794,  1.50043,  0.69912
3800, 1328,  0.09227,  0.03528,  0.08389,  0.3574,  0.59528,  1.50043,  0.66646
3801, 1327,  0.08626,  0.04018,  0.09388,  0.45877,  0.62794,  1.39905,  0.69912
3802, 1328,  0.09227,  0.03528,  0.08389,  0.3574,  0.59528,  1.50043,  0.66646
3803, 1329,  0.08604,  0.04266,  0.08796,  0.45877,  0.59528,  1.39905,  0.66646
3804, 1330,  0.08426,  0.0332,  0.10444,  0.45877,  0.69288,  1.39905,  0.76406
3805, 1325,  0.0914,  0.02926,  0.09568,  0.3574,  0.66058,  1.50043,  0.73176
3806, 1324,  0.08588,  0.0371,  0.09951,  0.45877,  0.66058,  1.39905,  0.73176
3807, 1330,  0.08426,  0.0332,  0.10444,  0.45877,  0.69288,  1.39905,  0.76406
3808, 1331,  0.09035,  0.02519,  0.10129,  0.3574,  0.69288,  1.50043,  0.76406
3809, 1325,  0.0914,  0.02926,  0.09568,  0.3574,  0.66058,  1.50043,  0.73176
3810, 1332,  0.08194,  0.02911,  0.10883,  0.45877,  0.72268,  1.39905,  0.79387
3811, 1331,  0.09035,  0.02519,  0.10129,  0.3574,  0.69288,  1.50043,  0.76406
3812, 1330,  0.08426,  0.0332,  0.10444,  0.45877,  0.69288,  1.39905,  0.76406
3813, 1332,  0.08194,  0.02911,  0.10883,  0.45877,  0.72268,  1.39905,  0.79387
3814, 1333,  0.0885,  0.0209,  0.1066,  0.3574,  0.72268,  1.50043,  0.79387
3815, 1331,  0.09035,  0.02519,  0.10129,  0.3574,  0.69288,  1.50043,  0.76406
3816, 1333,  0.0885,  0.0209,  0.1066,  0.3574,  0.72268,  1.50043,  0.79387
3817, 1332,  0.08194,  0.02911,  0.10883,  0.45877,  0.72268,  1.39905,  0.79387
3818, 1334,  0.07948,  0.02547,  0.11284,  0.45877,  0.74784,  1.39905,  0.81902
3819, 1333,  0.0885,  0.0209,  0.1066,  0.3574,  0.72268,  1.50043,  0.79387
3820, 1334,  0.07948,  0.02547,  0.11284,  0.45877,  0.74784,  1.39905,  0.81902
3821, 1335,  0.08547,  0.01696,  0.1116,  0.3574,  0.74784,  1.50043,  0.81902
3822, 1335,  0.08547,  0.01696,  0.1116,  0.3574,  0.74784,  1.50043,  0.81902
3823, 1334,  0.07948,  0.02547,  0.11284,  0.45877,  0.74784,  1.39905,  0.81902
3824, 1336,  0.07698,  0.02214,  0.1163,  0.45877,  0.76795,  1.39905,  0.83913
3825, 1335,  0.08547,  0.01696,  0.1116,  0.3574,  0.74784,  1.50043,  0.81902
3826, 1336,  0.07698,  0.02214,  0.1163,  0.45877,  0.76795,  1.39905,  0.83913
3827, 1337,  0.08203,  0.01358,  0.11583,  0.3574,  0.76795,  1.50043,  0.83913
3828, 1329,  0.08604,  0.04266,  0.08796,  0.45877,  0.59528,  1.39905,  0.66646
3829, 1328,  0.09227,  0.03528,  0.08389,  0.3574,  0.59528,  1.50043,  0.66646
3830, 1338,  0.09222,  0.03775,  0.07827,  0.3574,  0.56295,  1.50043,  0.63414
3831, 1329,  0.08604,  0.04266,  0.08796,  0.45877,  0.59528,  1.39905,  0.66646
3832, 1338,  0.09222,  0.03775,  0.07827,  0.3574,  0.56295,  1.50043,  0.63414
3833, 1339,  0.08583,  0.04475,  0.0822,  0.45877,  0.56295,  1.39905,  0.63414
3834, 1339,  0.08583,  0.04475,  0.0822,  0.45877,  0.56295,  1.39905,  0.63414
3835, 1338,  0.09222,  0.03775,  0.07827,  0.3574,  0.56295,  1.50043,  0.63414
3836, 1340,  0.09189,  0.03987,  0.07265,  0.3574,  0.53093,  1.50043,  0.60211
3837, 1339,  0.08583,  0.04475,  0.0822,  0.45877,  0.56295,  1.39905,  0.63414
3838, 1340,  0.09189,  0.03987,  0.07265,  0.3574,  0.53093,  1.50043,  0.60211
3839, 1341,  0.08523,  0.04653,  0.07638,  0.45877,  0.53093,  1.39905,  0.60211
3840, 1341,  0.08523,  0.04653,  0.07638,  0.45877,  0.53093,  1.39905,  0.60211
3841, 1340,  0.09189,  0.03987,  0.07265,  0.3574,  0.53093,  1.50043,  0.60211
3842, 1342,  0.0913,  0.04157,  0.06673,  0.3574,  0.49918,  1.50043,  0.57036
3843, 1341,  0.08523,  0.04653,  0.07638,  0.45877,  0.53093,  1.39905,  0.60211
3844, 1342,  0.0913,  0.04157,  0.06673,  0.3574,  0.49918,  1.50043,  0.57036
3845, 1343,  0.0838,  0.04803,  0.07031,  0.45877,  0.49918,  1.39905,  0.57036
3846, 1343,  0.0838,  0.04803,  0.07031,  0.45877,  0.49918,  1.39905,  0.57036
3847, 1342,  0.0913,  0.04157,  0.06673,  0.3574,  0.49918,  1.50043,  0.57036
3848, 1344,  0.09007,  0.04301,  0.06054,  0.3574,  0.46753,  1.50043,  0.53871
3849, 1343,  0.0838,  0.04803,  0.07031,  0.45877,  0.49918,  1.39905,  0.57036
3850, 1344,  0.09007,  0.04301,  0.06054,  0.3574,  0.46753,  1.50043,  0.53871
3851, 1345,  0.08182,  0.04948,  0.06401,  0.45877,  0.46753,  1.39905,  0.53871
3852, 1344,  0.09007,  0.04301,  0.06054,  0.3574,  0.46753,  1.50043,  0.53871
3853, 1346,  0.07955,  0.05109,  0.05747,  0.45877,  0.43581,  1.39905,  0.50699
3854, 1345,  0.08182,  0.04948,  0.06401,  0.45877,  0.46753,  1.39905,  0.53871
3855, 1344,  0.09007,  0.04301,  0.06054,  0.3574,  0.46753,  1.50043,  0.53871
3856, 1347,  0.08785,  0.04434,  0.05412,  0.3574,  0.43581,  1.50043,  0.50699
3857, 1346,  0.07955,  0.05109,  0.05747,  0.45877,  0.43581,  1.39905,  0.50699
3858, 1348,  0.08471,  0.04571,  0.04775,  0.3574,  0.40582,  1.50043,  0.47578
3859, 1346,  0.07955,  0.05109,  0.05747,  0.45877,  0.43581,  1.39905,  0.50699
3860, 1347,  0.08785,  0.04434,  0.05412,  0.3574,  0.43581,  1.50043,  0.50699
3861, 1348,  0.08471,  0.04571,  0.04775,  0.3574,  0.40582,  1.50043,  0.47578
3862, 1349,  0.0768,  0.05267,  0.05092,  0.45877,  0.40582,  1.39905,  0.47578
3863, 1346,  0.07955,  0.05109,  0.05747,  0.45877,  0.43581,  1.39905,  0.50699
3864, 1350,  0.08076,  0.04726,  0.04173,  0.3574,  0.37935,  1.50043,  0.44566
3865, 1349,  0.0768,  0.05267,  0.05092,  0.45877,  0.40582,  1.39905,  0.47578
3866, 1348,  0.08471,  0.04571,  0.04775,  0.3574,  0.40582,  1.50043,  0.47578
3867, 1350,  0.08076,  0.04726,  0.04173,  0.3574,  0.37935,  1.50043,  0.44566
3868, 1351,  0.07342,  0.05404,  0.04457,  0.45877,  0.37935,  1.39905,  0.44566
3869, 1349,  0.0768,  0.05267,  0.05092,  0.45877,  0.40582,  1.39905,  0.47578
3870, 1352,  0.07622,  0.04864,  0.03601,  0.3574,  0.35598,  1.50043,  0.41649
3871, 1351,  0.07342,  0.05404,  0.04457,  0.45877,  0.37935,  1.39905,  0.44566
3872, 1350,  0.08076,  0.04726,  0.04173,  0.3574,  0.37935,  1.50043,  0.44566
3873, 1352,  0.07622,  0.04864,  0.03601,  0.3574,  0.35598,  1.50043,  0.41649
3874, 1353,  0.06951,  0.05504,  0.03842,  0.45877,  0.35598,  1.39905,  0.41649
3875, 1351,  0.07342,  0.05404,  0.04457,  0.45877,  0.37935,  1.39905,  0.44566
3876, 1354,  0.0713,  0.04948,  0.03055,  0.3574,  0.33528,  1.50043,  0.38817
3877, 1353,  0.06951,  0.05504,  0.03842,  0.45877,  0.35598,  1.39905,  0.41649
3878, 1352,  0.07622,  0.04864,  0.03601,  0.3574,  0.35598,  1.50043,  0.41649
3879, 1354,  0.0713,  0.04948,  0.03055,  0.3574,  0.33528,  1.50043,  0.38817
3880, 1355,  0.06517,  0.05549,  0.0325,  0.45877,  0.33528,  1.39905,  0.38817
3881, 1353,  0.06951,  0.05504,  0.03842,  0.45877,  0.35598,  1.39905,  0.41649
3882, 1356,  0.06654,  0.05019,  0.02549,  0.3574,  0.31247,  1.50043,  0.36065
3883, 1355,  0.06517,  0.05549,  0.0325,  0.45877,  0.33528,  1.39905,  0.38817
3884, 1354,  0.0713,  0.04948,  0.03055,  0.3574,  0.33528,  1.50043,  0.38817
3885, 1356,  0.06654,  0.05019,  0.02549,  0.3574,  0.31247,  1.50043,  0.36065
3886, 1357,  0.06097,  0.05583,  0.02702,  0.45877,  0.31247,  1.39905,  0.36065
3887, 1355,  0.06517,  0.05549,  0.0325,  0.45877,  0.33528,  1.39905,  0.38817
3888, 1357,  0.06097,  0.05583,  0.02702,  0.45877,  0.31247,  1.39905,  0.36065
3889, 1356,  0.06654,  0.05019,  0.02549,  0.3574,  0.31247,  1.50043,  0.36065
3890, 1358,  0.06246,  0.05119,  0.02096,  0.3574,  0.28277,  1.50043,  0.3339
3891, 1357,  0.06097,  0.05583,  0.02702,  0.45877,  0.31247,  1.39905,  0.36065
3892, 1358,  0.06246,  0.05119,  0.02096,  0.3574,  0.28277,  1.50043,  0.3339
3893, 1359,  0.05746,  0.05652,  0.02223,  0.45877,  0.28277,  1.39905,  0.3339
3894, 1359,  0.05746,  0.05652,  0.02223,  0.45877,  0.28277,  1.39905,  0.3339
3895, 1358,  0.06246,  0.05119,  0.02096,  0.3574,  0.28277,  1.50043,  0.3339
3896, 1360,  0.0592,  0.05217,  0.01659,  0.3574,  0.25017,  1.50043,  0.31025
3897, 1359,  0.05746,  0.05652,  0.02223,  0.45877,  0.28277,  1.39905,  0.3339
3898, 1360,  0.0592,  0.05217,  0.01659,  0.3574,  0.25017,  1.50043,  0.31025
3899, 1361,  0.05467,  0.05719,  0.01769,  0.45877,  0.25017,  1.39905,  0.31025
3900, 1361,  0.05467,  0.05719,  0.01769,  0.45877,  0.25017,  1.39905,  0.31025
3901, 1360,  0.0592,  0.05217,  0.01659,  0.3574,  0.25017,  1.50043,  0.31025
3902, 1362,  0.05691,  0.05278,  0.01195,  0.3574,  0.2187,  1.50043,  0.29205
3903, 1361,  0.05467,  0.05719,  0.01769,  0.45877,  0.25017,  1.39905,  0.31025
3904, 1362,  0.05691,  0.05278,  0.01195,  0.3574,  0.2187,  1.50043,  0.29205
3905, 1363,  0.05264,  0.05742,  0.01296,  0.45877,  0.2187,  1.39905,  0.29205
3906, 1363,  0.05264,  0.05742,  0.01296,  0.45877,  0.2187,  1.39905,  0.29205
3907, 1362,  0.05691,  0.05278,  0.01195,  0.3574,  0.2187,  1.50043,  0.29205
3908, 1364,  0.05539,  0.0531,  0.00714,  0.3574,  0.18562,  1.50043,  0.27661
3909, 1363,  0.05264,  0.05742,  0.01296,  0.45877,  0.2187,  1.39905,  0.29205
3910, 1364,  0.05539,  0.0531,  0.00714,  0.3574,  0.18562,  1.50043,  0.27661
3911, 1365,  0.05122,  0.05735,  0.00811,  0.45877,  0.18562,  1.39905,  0.27661
3912, 1365,  0.05122,  0.05735,  0.00811,  0.45877,  0.18562,  1.39905,  0.27661
3913, 1364,  0.05539,  0.0531,  0.00714,  0.3574,  0.18562,  1.50043,  0.27661
3914, 1366,  0.0544,  0.05314,  0.00223,  0.3574,  0.14825,  1.50043,  0.26122
3915, 1365,  0.05122,  0.05735,  0.00811,  0.45877,  0.18562,  1.39905,  0.27661
3916, 1366,  0.0544,  0.05314,  0.00223,  0.3574,  0.14825,  1.50043,  0.26122
3917, 1367,  0.05022,  0.057,  0.0032,  0.45877,  0.14825,  1.39905,  0.26122
3918, 1367,  0.05022,  0.057,  0.0032,  0.45877,  0.14825,  1.39905,  0.26122
3919, 1366,  0.0544,  0.05314,  0.00223,  0.3574,  0.14825,  1.50043,  0.26122
3920, 1368,  0.05385,  0.05264, -0.00273,  0.3574,  0.10526,  1.50043,  0.24601
3921, 1367,  0.05022,  0.057,  0.0032,  0.45877,  0.14825,  1.39905,  0.26122
3922, 1368,  0.05385,  0.05264, -0.00273,  0.3574,  0.10526,  1.50043,  0.24601
3923, 1369,  0.0496,  0.05624, -0.00176,  0.45877,  0.10526,  1.39905,  0.24601
3924, 1369,  0.0496,  0.05624, -0.00176,  0.45877,  0.10526,  1.39905,  0.24601
3925, 1368,  0.05385,  0.05264, -0.00273,  0.3574,  0.10526,  1.50043,  0.24601
3926, 1370,  0.05365,  0.05135, -0.00769,  0.3574,  0.05537,  1.50043,  0.23111
3927, 1369,  0.0496,  0.05624, -0.00176,  0.45877,  0.10526,  1.39905,  0.24601
3928, 1370,  0.05365,  0.05135, -0.00769,  0.3574,  0.05537,  1.50043,  0.23111
3929, 1371,  0.04933,  0.05495, -0.00676,  0.45877,  0.05537,  1.39905,  0.23111
3930, 1371,  0.04933,  0.05495, -0.00676,  0.45877,  0.05537,  1.39905,  0.23111
3931, 1370,  0.05365,  0.05135, -0.00769,  0.3574,  0.05537,  1.50043,  0.23111
3932, 1372,  0.05365,  0.0497, -0.01267,  0.3574,  0.00202,  1.50043,  0.21635
3933, 1371,  0.04933,  0.05495, -0.00676,  0.45877,  0.05537,  1.39905,  0.23111
3934, 1372,  0.05365,  0.0497, -0.01267,  0.3574,  0.00202,  1.50043,  0.21635
3935, 1373,  0.04926,  0.05344, -0.0118,  0.45877,  0.00202,  1.39905,  0.21635
3936, 1374,  0.07201,  0.01617,  0.12126,  0.45877,  0.79461,  1.39905,  0.86579
3937, 1375,  0.07578,  0.00924,  0.12093,  0.3574,  0.79461,  1.50043,  0.86579
3938, 1376,  0.07894,  0.011,  0.11881,  0.3574,  0.7826,  1.50043,  0.85378
3939, 1374,  0.07201,  0.01617,  0.12126,  0.45877,  0.79461,  1.39905,  0.86579
3940, 1376,  0.07894,  0.011,  0.11881,  0.3574,  0.7826,  1.50043,  0.85378
3941, 1377,  0.07461,  0.01899,  0.11903,  0.45877,  0.7826,  1.39905,  0.85378
3942, 1336,  0.07698,  0.02214,  0.1163,  0.45877,  0.76795,  1.39905,  0.83913
3943, 1377,  0.07461,  0.01899,  0.11903,  0.45877,  0.7826,  1.39905,  0.85378
3944, 1376,  0.07894,  0.011,  0.11881,  0.3574,  0.7826,  1.50043,  0.85378
3945, 1336,  0.07698,  0.02214,  0.1163,  0.45877,  0.76795,  1.39905,  0.83913
3946, 1376,  0.07894,  0.011,  0.11881,  0.3574,  0.7826,  1.50043,  0.85378
3947, 1337,  0.08203,  0.01358,  0.11583,  0.3574,  0.76795,  1.50043,  0.83913
3948, 1378,  0.06887,  0.01378,  0.12323,  0.45877,  0.80681,  1.39905,  0.87799
3949, 1375,  0.07578,  0.00924,  0.12093,  0.3574,  0.79461,  1.50043,  0.86579
3950, 1374,  0.07201,  0.01617,  0.12126,  0.45877,  0.79461,  1.39905,  0.86579
3951, 1378,  0.06887,  0.01378,  0.12323,  0.45877,  0.80681,  1.39905,  0.87799
3952, 1379,  0.07215,  0.00831,  0.12259,  0.3574,  0.80681,  1.50043,  0.87799
3953, 1375,  0.07578,  0.00924,  0.12093,  0.3574,  0.79461,  1.50043,  0.86579
3954, 1380,  0.06545,  0.01161,  0.12507,  0.45877,  0.81911,  1.39905,  0.89029
3955, 1379,  0.07215,  0.00831,  0.12259,  0.3574,  0.80681,  1.50043,  0.87799
3956, 1378,  0.06887,  0.01378,  0.12323,  0.45877,  0.80681,  1.39905,  0.87799
3957, 1380,  0.06545,  0.01161,  0.12507,  0.45877,  0.81911,  1.39905,  0.89029
3958, 1381,  0.06827,  0.00781,  0.12402,  0.3574,  0.81911,  1.50043,  0.89029
3959, 1379,  0.07215,  0.00831,  0.12259,  0.3574,  0.80681,  1.50043,  0.87799
3960, 1382,  0.08332,  0.03479,  0.10133,  0.14511,  0.81658,  1.41716,  0.7618
3961, 1383,  0.09272,  0.02492,  0.09487,  0.28733,  0.81658,  1.51853,  0.7618
3962, 1384,  0.09347,  0.02833,  0.08919,  0.28733,  0.79531,  1.51853,  0.73824
3963, 1382,  0.08332,  0.03479,  0.10133,  0.14511,  0.81658,  1.41716,  0.7618
3964, 1384,  0.09347,  0.02833,  0.08919,  0.28733,  0.79531,  1.51853,  0.73824
3965, 1385,  0.08376,  0.03943,  0.0949,  0.14511,  0.79531,  1.41716,  0.73824
3966, 1385,  0.08376,  0.03943,  0.0949,  0.14511,  0.79531,  1.41716,  0.73824
3967, 1384,  0.09347,  0.02833,  0.08919,  0.28733,  0.79531,  1.51853,  0.73824
3968, 1386,  0.09363,  0.03136,  0.08347,  0.28733,  0.77286,  1.51853,  0.71338
3969, 1385,  0.08376,  0.03943,  0.0949,  0.14511,  0.79531,  1.41716,  0.73824
3970, 1386,  0.09363,  0.03136,  0.08347,  0.28733,  0.77286,  1.51853,  0.71338
3971, 1387,  0.08347,  0.04265,  0.08895,  0.14511,  0.77286,  1.41716,  0.71338
3972, 1388,  0.08158,  0.02814,  0.10822,  0.14511,  0.83541,  1.41716,  0.78264
3973, 1383,  0.09272,  0.02492,  0.09487,  0.28733,  0.81658,  1.51853,  0.7618
3974, 1382,  0.08332,  0.03479,  0.10133,  0.14511,  0.81658,  1.41716,  0.7618
3975, 1388,  0.08158,  0.02814,  0.10822,  0.14511,  0.83541,  1.41716,  0.78264
3976, 1389,  0.09119,  0.02134,  0.1005,  0.28733,  0.83541,  1.51853,  0.78264
3977, 1383,  0.09272,  0.02492,  0.09487,  0.28733,  0.81658,  1.51853,  0.7618
3978, 1390,  0.07921,  0.02141,  0.11421,  0.14511,  0.8516,  1.41716,  0.80058
3979, 1389,  0.09119,  0.02134,  0.1005,  0.28733,  0.83541,  1.51853,  0.78264
3980, 1388,  0.08158,  0.02814,  0.10822,  0.14511,  0.83541,  1.41716,  0.78264
3981, 1390,  0.07921,  0.02141,  0.11421,  0.14511,  0.8516,  1.41716,  0.80058
3982, 1391,  0.08857,  0.01717,  0.10621,  0.28733,  0.8516,  1.51853,  0.80058
3983, 1389,  0.09119,  0.02134,  0.1005,  0.28733,  0.83541,  1.51853,  0.78264
3984, 1392,  0.07686,  0.01652,  0.11796,  0.14511,  0.865,  1.41716,  0.81541
3985, 1391,  0.08857,  0.01717,  0.10621,  0.28733,  0.8516,  1.51853,  0.80058
3986, 1390,  0.07921,  0.02141,  0.11421,  0.14511,  0.8516,  1.41716,  0.80058
3987, 1392,  0.07686,  0.01652,  0.11796,  0.14511,  0.865,  1.41716,  0.81541
3988, 1393,  0.08457,  0.01195,  0.11211,  0.28733,  0.865,  1.51853,  0.81541
3989, 1391,  0.08857,  0.01717,  0.10621,  0.28733,  0.8516,  1.51853,  0.80058
3990, 1394,  0.07451,  0.01256,  0.12059,  0.14511,  0.87699,  1.41716,  0.82869
3991, 1393,  0.08457,  0.01195,  0.11211,  0.28733,  0.865,  1.51853,  0.81541
3992, 1392,  0.07686,  0.01652,  0.11796,  0.14511,  0.865,  1.41716,  0.81541
3993, 1394,  0.07451,  0.01256,  0.12059,  0.14511,  0.87699,  1.41716,  0.82869
3994, 1395,  0.07987,  0.00621,  0.11812,  0.28733,  0.87699,  1.51853,  0.82869
3995, 1393,  0.08457,  0.01195,  0.11211,  0.28733,  0.865,  1.51853,  0.81541
3996, 1387,  0.08347,  0.04265,  0.08895,  0.14511,  0.77286,  1.41716,  0.71338
3997, 1386,  0.09363,  0.03136,  0.08347,  0.28733,  0.77286,  1.51853,  0.71338
3998, 1396,  0.09341,  0.03379,  0.0777,  0.28733,  0.75051,  1.51853,  0.68865
3999, 1387,  0.08347,  0.04265,  0.08895,  0.14511,  0.77286,  1.41716,  0.71338
4000, 1396,  0.09341,  0.03379,  0.0777,  0.28733,  0.75051,  1.51853,  0.68865
4001, 1397,  0.08302,  0.04506,  0.08349,  0.14511,  0.75051,  1.41716,  0.68865
4002, 1397,  0.08302,  0.04506,  0.08349,  0.14511,  0.75051,  1.41716,  0.68865
4003, 1396,  0.09341,  0.03379,  0.0777,  0.28733,  0.75051,  1.51853,  0.68865
4004, 1398,  0.09255,  0.03601,  0.07174,  0.28733,  0.72829,  1.51853,  0.66404
4005, 1397,  0.08302,  0.04506,  0.08349,  0.14511,  0.75051,  1.41716,  0.68865
4006, 1398,  0.09255,  0.03601,  0.07174,  0.28733,  0.72829,  1.51853,  0.66404
4007, 1399,  0.08207,  0.04698,  0.0781,  0.14511,  0.72829,  1.41716,  0.66404
4008, 1399,  0.08207,  0.04698,  0.0781,  0.14511,  0.72829,  1.41716,  0.66404
4009, 1398,  0.09255,  0.03601,  0.07174,  0.28733,  0.72829,  1.51853,  0.66404
4010, 1400,  0.09081,  0.0384,  0.06544,  0.28733,  0.7062,  1.51853,  0.63958
4011, 1399,  0.08207,  0.04698,  0.0781,  0.14511,  0.72829,  1.41716,  0.66404
4012, 1400,  0.09081,  0.0384,  0.06544,  0.28733,  0.7062,  1.51853,  0.63958
4013, 1401,  0.08024,  0.04875,  0.07237,  0.14511,  0.7062,  1.41716,  0.63958
4014, 1402,  0.0777,  0.05051,  0.06629,  0.14511,  0.68571,  1.41716,  0.61512
4015, 1401,  0.08024,  0.04875,  0.07237,  0.14511,  0.7062,  1.41716,  0.63958
4016, 1400,  0.09081,  0.0384,  0.06544,  0.28733,  0.7062,  1.51853,  0.63958
4017, 1402,  0.0777,  0.05051,  0.06629,  0.14511,  0.68571,  1.41716,  0.61512
4018, 1400,  0.09081,  0.0384,  0.06544,  0.28733,  0.7062,  1.51853,  0.63958
4019, 1403,  0.0882,  0.04096,  0.0591,  0.28733,  0.68571,  1.51853,  0.61512
4020, 1404,  0.08473,  0.04367,  0.05305,  0.28733,  0.66829,  1.51853,  0.59055
4021, 1402,  0.0777,  0.05051,  0.06629,  0.14511,  0.68571,  1.41716,  0.61512
4022, 1403,  0.0882,  0.04096,  0.0591,  0.28733,  0.68571,  1.51853,  0.61512
4023, 1404,  0.08473,  0.04367,  0.05305,  0.28733,  0.66829,  1.51853,  0.59055
4024, 1405,  0.07457,  0.05243,  0.05986,  0.14511,  0.66829,  1.41716,  0.59055
4025, 1402,  0.0777,  0.05051,  0.06629,  0.14511,  0.68571,  1.41716,  0.61512
4026, 1406,  0.08106,  0.04589,  0.04727,  0.28733,  0.65118,  1.51853,  0.56632
4027, 1405,  0.07457,  0.05243,  0.05986,  0.14511,  0.66829,  1.41716,  0.59055
4028, 1404,  0.08473,  0.04367,  0.05305,  0.28733,  0.66829,  1.51853,  0.59055
4029, 1406,  0.08106,  0.04589,  0.04727,  0.28733,  0.65118,  1.51853,  0.56632
4030, 1407,  0.07094,  0.05427,  0.05313,  0.14511,  0.65118,  1.41716,  0.56632
4031, 1405,  0.07457,  0.05243,  0.05986,  0.14511,  0.66829,  1.41716,  0.59055
4032, 1407,  0.07094,  0.05427,  0.05313,  0.14511,  0.65118,  1.41716,  0.56632
4033, 1406,  0.08106,  0.04589,  0.04727,  0.28733,  0.65118,  1.51853,  0.56632
4034, 1408,  0.07784,  0.04699,  0.04177,  0.28733,  0.63163,  1.51853,  0.54291
4035, 1407,  0.07094,  0.05427,  0.05313,  0.14511,  0.65118,  1.41716,  0.56632
4036, 1408,  0.07784,  0.04699,  0.04177,  0.28733,  0.63163,  1.51853,  0.54291
4037, 1409,  0.0669,  0.05578,  0.04615,  0.14511,  0.63163,  1.41716,  0.54291
4038, 1409,  0.0669,  0.05578,  0.04615,  0.14511,  0.63163,  1.41716,  0.54291
4039, 1408,  0.07784,  0.04699,  0.04177,  0.28733,  0.63163,  1.51853,  0.54291
4040, 1410,  0.07446,  0.04766,  0.03635,  0.28733,  0.60949,  1.51853,  0.52015
4041, 1409,  0.0669,  0.05578,  0.04615,  0.14511,  0.63163,  1.41716,  0.54291
4042, 1410,  0.07446,  0.04766,  0.03635,  0.28733,  0.60949,  1.51853,  0.52015
4043, 1411,  0.0627,  0.05686,  0.03948,  0.14511,  0.60949,  1.41716,  0.52015
4044, 1410,  0.07446,  0.04766,  0.03635,  0.28733,  0.60949,  1.51853,  0.52015
4045, 1412,  0.05859,  0.05739,  0.03369,  0.14511,  0.5846,  1.41716,  0.49788
4046, 1411,  0.0627,  0.05686,  0.03948,  0.14511,  0.60949,  1.41716,  0.52015
4047, 1410,  0.07446,  0.04766,  0.03635,  0.28733,  0.60949,  1.51853,  0.52015
4048, 1413,  0.07028,  0.0486,  0.03083,  0.28733,  0.5846,  1.51853,  0.49788
4049, 1412,  0.05859,  0.05739,  0.03369,  0.14511,  0.5846,  1.41716,  0.49788
4050, 1414,  0.06593,  0.04947,  0.02554,  0.28733,  0.56117,  1.51853,  0.47607
4051, 1412,  0.05859,  0.05739,  0.03369,  0.14511,  0.5846,  1.41716,  0.49788
4052, 1413,  0.07028,  0.0486,  0.03083,  0.28733,  0.5846,  1.51853,  0.49788
4053, 1414,  0.06593,  0.04947,  0.02554,  0.28733,  0.56117,  1.51853,  0.47607
4054, 1415,  0.05489,  0.05753,  0.02833,  0.14511,  0.56117,  1.41716,  0.47607
4055, 1412,  0.05859,  0.05739,  0.03369,  0.14511,  0.5846,  1.41716,  0.49788
4056, 1414,  0.06593,  0.04947,  0.02554,  0.28733,  0.56117,  1.51853,  0.47607
4057, 1416,  0.05194,  0.05741,  0.02293,  0.14511,  0.54343,  1.41716,  0.4547
4058, 1415,  0.05489,  0.05753,  0.02833,  0.14511,  0.56117,  1.41716,  0.47607
4059, 1414,  0.06593,  0.04947,  0.02554,  0.28733,  0.56117,  1.51853,  0.47607
4060, 1417,  0.06203,  0.04995,  0.02082,  0.28733,  0.54343,  1.51853,  0.4547
4061, 1416,  0.05194,  0.05741,  0.02293,  0.14511,  0.54343,  1.41716,  0.4547
4062, 1418,  0.05883,  0.05022,  0.01645,  0.28733,  0.52883,  1.51853,  0.43398
4063, 1416,  0.05194,  0.05741,  0.02293,  0.14511,  0.54343,  1.41716,  0.4547
4064, 1417,  0.06203,  0.04995,  0.02082,  0.28733,  0.54343,  1.51853,  0.4547
4065, 1418,  0.05883,  0.05022,  0.01645,  0.28733,  0.52883,  1.51853,  0.43398
4066, 1419,  0.04947,  0.05684,  0.01764,  0.14511,  0.52883,  1.41716,  0.43398
4067, 1416,  0.05194,  0.05741,  0.02293,  0.14511,  0.54343,  1.41716,  0.4547
4068, 1418,  0.05883,  0.05022,  0.01645,  0.28733,  0.52883,  1.51853,  0.43398
4069, 1420,  0.04728,  0.05627,  0.01257,  0.14511,  0.51483,  1.41716,  0.41412
4070, 1419,  0.04947,  0.05684,  0.01764,  0.14511,  0.52883,  1.41716,  0.43398
4071, 1418,  0.05883,  0.05022,  0.01645,  0.28733,  0.52883,  1.51853,  0.43398
4072, 1421,  0.05657,  0.05043,  0.01217,  0.28733,  0.51483,  1.51853,  0.41412
4073, 1420,  0.04728,  0.05627,  0.01257,  0.14511,  0.51483,  1.41716,  0.41412
4074, 1422,  0.04546,  0.05528,  0.00767,  0.14511,  0.38462,  1.41716,  0.395
4075, 1420,  0.04728,  0.05627,  0.01257,  0.14511,  0.51483,  1.41716,  0.41412
4076, 1421,  0.05657,  0.05043,  0.01217,  0.28733,  0.51483,  1.51853,  0.41412
4077, 1422,  0.04546,  0.05528,  0.00767,  0.14511,  0.38462,  1.41716,  0.395
4078, 1421,  0.05657,  0.05043,  0.01217,  0.28733,  0.51483,  1.51853,  0.41412
4079, 1423,  0.055,  0.05045,  0.00793,  0.28733,  0.38462,  1.51853,  0.395
4080, 1422,  0.04546,  0.05528,  0.00767,  0.14511,  0.38462,  1.41716,  0.395
4081, 1423,  0.055,  0.05045,  0.00793,  0.28733,  0.38462,  1.51853,  0.395
4082, 1424,  0.05383,  0.05005,  0.00364,  0.28733,  0.37319,  1.51853,  0.37649
4083, 1422,  0.04546,  0.05528,  0.00767,  0.14511,  0.38462,  1.41716,  0.395
4084, 1424,  0.05383,  0.05005,  0.00364,  0.28733,  0.37319,  1.51853,  0.37649
4085, 1425,  0.04419,  0.05372,  0.00296,  0.14511,  0.37319,  1.41716,  0.37649
4086, 1426,  0.04359,  0.05163, -0.00161,  0.14511,  0.36154,  1.41716,  0.35832
4087, 1425,  0.04419,  0.05372,  0.00296,  0.14511,  0.37319,  1.41716,  0.37649
4088, 1424,  0.05383,  0.05005,  0.00364,  0.28733,  0.37319,  1.51853,  0.37649
4089, 1426,  0.04359,  0.05163, -0.00161,  0.14511,  0.36154,  1.41716,  0.35832
4090, 1424,  0.05383,  0.05005,  0.00364,  0.28733,  0.37319,  1.51853,  0.37649
4091, 1427,  0.05311,  0.04911, -0.00063,  0.28733,  0.36154,  1.51853,  0.35832
4092, 1426,  0.04359,  0.05163, -0.00161,  0.14511,  0.36154,  1.41716,  0.35832
4093, 1427,  0.05311,  0.04911, -0.00063,  0.28733,  0.36154,  1.51853,  0.35832
4094, 1428,  0.05293,  0.0475, -0.00479,  0.28733,  0.34891,  1.51853,  0.34021
4095, 1426,  0.04359,  0.05163, -0.00161,  0.14511,  0.36154,  1.41716,  0.35832
4096, 1428,  0.05293,  0.0475, -0.00479,  0.28733,  0.34891,  1.51853,  0.34021
4097, 1429,  0.04378,  0.04904, -0.00603,  0.14511,  0.34891,  1.41716,  0.34021
4098, 1430,  0.04469,  0.04634, -0.01032,  0.14486,  0.33366,  1.41716,  0.32225
4099, 1429,  0.04378,  0.04904, -0.00603,  0.14511,  0.34891,  1.41716,  0.34021
4100, 1428,  0.05293,  0.0475, -0.00479,  0.28733,  0.34891,  1.51853,  0.34021
4101, 1430,  0.04469,  0.04634, -0.01032,  0.14486,  0.33366,  1.41716,  0.32225
4102, 1428,  0.05293,  0.0475, -0.00479,  0.28733,  0.34891,  1.51853,  0.34021
4103, 1431,  0.05311,  0.04555, -0.0088,  0.28707,  0.33366,  1.51853,  0.32225
4104, 1431,  0.05311,  0.04555, -0.0088,  0.28707,  0.33366,  1.51853,  0.32225
4105, 1432,  0.04637,  0.04406, -0.01456,  0.14408,  0.31415,  1.41716,  0.3045
4106, 1430,  0.04469,  0.04634, -0.01032,  0.14486,  0.33366,  1.41716,  0.32225
4107, 1431,  0.05311,  0.04555, -0.0088,  0.28707,  0.33366,  1.51853,  0.32225
4108, 1433,  0.0536,  0.04375, -0.01267,  0.2863,  0.31415,  1.51853,  0.3045
4109, 1432,  0.04637,  0.04406, -0.01456,  0.14408,  0.31415,  1.41716,  0.3045
4110, 1434,  0.05469,  0.04223, -0.01646,  0.28553,  0.28241,  1.51853,  0.28736
4111, 1432,  0.04637,  0.04406, -0.01456,  0.14408,  0.31415,  1.41716,  0.3045
4112, 1433,  0.0536,  0.04375, -0.01267,  0.2863,  0.31415,  1.51853,  0.3045
4113, 1434,  0.05469,  0.04223, -0.01646,  0.28553,  0.28241,  1.51853,  0.28736
4114, 1435,  0.0487,  0.04214, -0.01869,  0.14331,  0.28241,  1.41716,  0.28736
4115, 1432,  0.04637,  0.04406, -0.01456,  0.14408,  0.31415,  1.41716,  0.3045
4116, 1435,  0.0487,  0.04214, -0.01869,  0.14331,  0.28241,  1.41716,  0.28736
4117, 1434,  0.05469,  0.04223, -0.01646,  0.28553,  0.28241,  1.51853,  0.28736
4118, 1436,  0.05658,  0.04095, -0.02016,  0.28527,  0.23044,  1.51853,  0.27119
4119, 1435,  0.0487,  0.04214, -0.01869,  0.14331,  0.28241,  1.41716,  0.28736
4120, 1436,  0.05658,  0.04095, -0.02016,  0.28527,  0.23044,  1.51853,  0.27119
4121, 1437,  0.05171,  0.04086, -0.02254,  0.14305,  0.23044,  1.41716,  0.27119
4122, 1438,  0.05534,  0.04039, -0.02611,  0.14331,  0.16253,  1.41716,  0.24476
4123, 1437,  0.05171,  0.04086, -0.02254,  0.14305,  0.23044,  1.41716,  0.27119
4124, 1436,  0.05658,  0.04095, -0.02016,  0.28527,  0.23044,  1.51853,  0.27119
4125, 1438,  0.05534,  0.04039, -0.02611,  0.14331,  0.16253,  1.41716,  0.24476
4126, 1436,  0.05658,  0.04095, -0.02016,  0.28527,  0.23044,  1.51853,  0.27119
4127, 1439,  0.05913,  0.03999, -0.02376,  0.28553,  0.16253,  1.51853,  0.24476
4128, 1439,  0.05913,  0.03999, -0.02376,  0.28553,  0.16253,  1.51853,  0.24476
4129, 1440,  0.05921,  0.0403, -0.02912,  0.14408,  0.09246,  1.41716,  0.19684
4130, 1438,  0.05534,  0.04039, -0.02611,  0.14331,  0.16253,  1.41716,  0.24476
4131, 1439,  0.05913,  0.03999, -0.02376,  0.28553,  0.16253,  1.51853,  0.24476
4132, 1441,  0.06221,  0.03947, -0.02726,  0.2863,  0.09246,  1.51853,  0.19684
4133, 1440,  0.05921,  0.0403, -0.02912,  0.14408,  0.09246,  1.41716,  0.19684
4134, 1442,  0.06554,  0.03913, -0.03072,  0.28733,  0.002,  1.51853,  0.13817
4135, 1440,  0.05921,  0.0403, -0.02912,  0.14408,  0.09246,  1.41716,  0.19684
4136, 1441,  0.06221,  0.03947, -0.02726,  0.2863,  0.09246,  1.51853,  0.19684
4137, 1442,  0.06554,  0.03913, -0.03072,  0.28733,  0.002,  1.51853,  0.13817
4138, 1443,  0.06324,  0.04048, -0.03188,  0.14511,  0.002,  1.41716,  0.13817
4139, 1440,  0.05921,  0.0403, -0.02912,  0.14408,  0.09246,  1.41716,  0.19684
4140, 1444,  0.04969,  0.06515,  0.05687,  0.18541,  0.58502,  1.41629,  0.5498
4141, 1445,  0.05776,  0.06356,  0.05621,  0.07996,  0.58502,  1.46755,  0.5498
4142, 1446,  0.05474,  0.0639,  0.048,  0.07996,  0.56253,  1.46755,  0.52489
4143, 1444,  0.04969,  0.06515,  0.05687,  0.18541,  0.58502,  1.41629,  0.5498
4144, 1446,  0.05474,  0.0639,  0.048,  0.07996,  0.56253,  1.46755,  0.52489
4145, 1447,  0.04695,  0.06526,  0.04849,  0.18541,  0.56253,  1.41629,  0.52489
4146, 1447,  0.04695,  0.06526,  0.04849,  0.18541,  0.56253,  1.41629,  0.52489
4147, 1446,  0.05474,  0.0639,  0.048,  0.07996,  0.56253,  1.46755,  0.52489
4148, 1448,  0.05175,  0.0639,  0.03997,  0.07996,  0.54,  1.46755,  0.49992
4149, 1447,  0.04695,  0.06526,  0.04849,  0.18541,  0.56253,  1.41629,  0.52489
4150, 1448,  0.05175,  0.0639,  0.03997,  0.07996,  0.54,  1.46755,  0.49992
4151, 1449,  0.04432,  0.06511,  0.04032,  0.18541,  0.54,  1.41629,  0.49992
4152, 1450,  0.05247,  0.0651,  0.06512,  0.18541,  0.60745,  1.41629,  0.57466
4153, 1445,  0.05776,  0.06356,  0.05621,  0.07996,  0.58502,  1.46755,  0.5498
4154, 1444,  0.04969,  0.06515,  0.05687,  0.18541,  0.58502,  1.41629,  0.5498
4155, 1450,  0.05247,  0.0651,  0.06512,  0.18541,  0.60745,  1.41629,  0.57466
4156, 1451,  0.06073,  0.06291,  0.06422,  0.07996,  0.60745,  1.46755,  0.57466
4157, 1445,  0.05776,  0.06356,  0.05621,  0.07996,  0.58502,  1.46755,  0.5498
4158, 1452,  0.05518,  0.06456,  0.07298,  0.18541,  0.62979,  1.41629,  0.59941
4159, 1451,  0.06073,  0.06291,  0.06422,  0.07996,  0.60745,  1.46755,  0.57466
4160, 1450,  0.05247,  0.0651,  0.06512,  0.18541,  0.60745,  1.41629,  0.57466
4161, 1452,  0.05518,  0.06456,  0.07298,  0.18541,  0.62979,  1.41629,  0.59941
4162, 1453,  0.06346,  0.06169,  0.07186,  0.07996,  0.62979,  1.46755,  0.59941
4163, 1451,  0.06073,  0.06291,  0.06422,  0.07996,  0.60745,  1.46755,  0.57466
4164, 1449,  0.04432,  0.06511,  0.04032,  0.18541,  0.54,  1.41629,  0.49992
4165, 1448,  0.05175,  0.0639,  0.03997,  0.07996,  0.54,  1.46755,  0.49992
4166, 1454,  0.04883,  0.06352,  0.03252,  0.07996,  0.51743,  1.46755,  0.47491
4167, 1449,  0.04432,  0.06511,  0.04032,  0.18541,  0.54,  1.41629,  0.49992
4168, 1454,  0.04883,  0.06352,  0.03252,  0.07996,  0.51743,  1.46755,  0.47491
4169, 1455,  0.04185,  0.06438,  0.03269,  0.18541,  0.51743,  1.41629,  0.47491
4170, 1455,  0.04185,  0.06438,  0.03269,  0.18541,  0.51743,  1.41629,  0.47491
4171, 1454,  0.04883,  0.06352,  0.03252,  0.07996,  0.51743,  1.46755,  0.47491
4172, 1456,  0.04614,  0.06272,  0.02551,  0.07996,  0.37869,  1.46755,  0.44987
4173, 1455,  0.04185,  0.06438,  0.03269,  0.18541,  0.51743,  1.41629,  0.47491
4174, 1456,  0.04614,  0.06272,  0.02551,  0.07996,  0.37869,  1.46755,  0.44987
4175, 1457,  0.03963,  0.06329,  0.0255,  0.18541,  0.37869,  1.41629,  0.44987
4176, 1458,  0.05771,  0.06298,  0.08017,  0.18541,  0.652,  1.41629,  0.62403
4177, 1453,  0.06346,  0.06169,  0.07186,  0.07996,  0.62979,  1.46755,  0.59941
4178, 1452,  0.05518,  0.06456,  0.07298,  0.18541,  0.62979,  1.41629,  0.59941
4179, 1458,  0.05771,  0.06298,  0.08017,  0.18541,  0.652,  1.41629,  0.62403
4180, 1459,  0.06573,  0.05966,  0.07898,  0.07996,  0.652,  1.46755,  0.62403
4181, 1453,  0.06346,  0.06169,  0.07186,  0.07996,  0.62979,  1.46755,  0.59941
4182, 1460,  0.05999,  0.06069,  0.08662,  0.18541,  0.67416,  1.41629,  0.64858
4183, 1459,  0.06573,  0.05966,  0.07898,  0.07996,  0.652,  1.46755,  0.62403
4184, 1458,  0.05771,  0.06298,  0.08017,  0.18541,  0.652,  1.41629,  0.62403
4185, 1460,  0.05999,  0.06069,  0.08662,  0.18541,  0.67416,  1.41629,  0.64858
4186, 1461,  0.06768,  0.05726,  0.08546,  0.07996,  0.67416,  1.46755,  0.64858
4187, 1459,  0.06573,  0.05966,  0.07898,  0.07996,  0.652,  1.46755,  0.62403
4188, 1462,  0.06193,  0.05802,  0.09226,  0.18541,  0.69632,  1.41629,  0.67314
4189, 1461,  0.06768,  0.05726,  0.08546,  0.07996,  0.67416,  1.46755,  0.64858
4190, 1460,  0.05999,  0.06069,  0.08662,  0.18541,  0.67416,  1.41629,  0.64858
4191, 1462,  0.06193,  0.05802,  0.09226,  0.18541,  0.69632,  1.41629,  0.67314
4192, 1463,  0.0694,  0.05492,  0.09116,  0.07996,  0.69632,  1.46755,  0.67314
4193, 1461,  0.06768,  0.05726,  0.08546,  0.07996,  0.67416,  1.46755,  0.64858
4194, 1464,  0.06342,  0.0547,  0.09748,  0.18541,  0.71792,  1.41629,  0.69707
4195, 1463,  0.0694,  0.05492,  0.09116,  0.07996,  0.69632,  1.46755,  0.67314
4196, 1462,  0.06193,  0.05802,  0.09226,  0.18541,  0.69632,  1.41629,  0.67314
4197, 1464,  0.06342,  0.0547,  0.09748,  0.18541,  0.71792,  1.41629,  0.69707
4198, 1465,  0.0707,  0.05213,  0.09642,  0.07996,  0.71792,  1.46755,  0.69707
4199, 1463,  0.0694,  0.05492,  0.09116,  0.07996,  0.69632,  1.46755,  0.67314
4200, 1466,  0.06432,  0.05047,  0.10269,  0.18541,  0.73839,  1.41629,  0.71976
4201, 1465,  0.0707,  0.05213,  0.09642,  0.07996,  0.71792,  1.46755,  0.69707
4202, 1464,  0.06342,  0.0547,  0.09748,  0.18541,  0.71792,  1.41629,  0.69707
4203, 1466,  0.06432,  0.05047,  0.10269,  0.18541,  0.73839,  1.41629,  0.71976
4204, 1467,  0.07136,  0.04836,  0.10157,  0.07996,  0.73839,  1.46755,  0.71976
4205, 1465,  0.0707,  0.05213,  0.09642,  0.07996,  0.71792,  1.46755,  0.69707
4206, 1468,  0.06468,  0.04594,  0.10756,  0.18541,  0.75728,  1.41629,  0.74068
4207, 1467,  0.07136,  0.04836,  0.10157,  0.07996,  0.73839,  1.46755,  0.71976
4208, 1466,  0.06432,  0.05047,  0.10269,  0.18541,  0.73839,  1.41629,  0.71976
4209, 1468,  0.06468,  0.04594,  0.10756,  0.18541,  0.75728,  1.41629,  0.74068
4210, 1469,  0.07133,  0.0442,  0.10645,  0.07996,  0.75728,  1.46755,  0.74068
4211, 1467,  0.07136,  0.04836,  0.10157,  0.07996,  0.73839,  1.46755,  0.71976
4212, 1470,  0.06456,  0.04171,  0.11178,  0.18541,  0.77411,  1.41629,  0.75933
4213, 1469,  0.07133,  0.0442,  0.10645,  0.07996,  0.75728,  1.46755,  0.74068
4214, 1468,  0.06468,  0.04594,  0.10756,  0.18541,  0.75728,  1.41629,  0.74068
4215, 1470,  0.06456,  0.04171,  0.11178,  0.18541,  0.77411,  1.41629,  0.75933
4216, 1471,  0.07055,  0.04023,  0.1109,  0.07996,  0.77411,  1.46755,  0.75933
4217, 1469,  0.07133,  0.0442,  0.10645,  0.07996,  0.75728,  1.46755,  0.74068
4218, 1472,  0.06399,  0.03781,  0.11544,  0.18541,  0.78872,  1.41629,  0.77552
4219, 1471,  0.07055,  0.04023,  0.1109,  0.07996,  0.77411,  1.46755,  0.75933
4220, 1470,  0.06456,  0.04171,  0.11178,  0.18541,  0.77411,  1.41629,  0.75933
4221, 1472,  0.06399,  0.03781,  0.11544,  0.18541,  0.78872,  1.41629,  0.77552
4222, 1473,  0.06925,  0.03636,  0.11483,  0.07996,  0.78872,  1.46755,  0.77552
4223, 1471,  0.07055,  0.04023,  0.1109,  0.07996,  0.77411,  1.46755,  0.75933
4224, 1474,  0.06303,  0.03425,  0.11862,  0.18541,  0.80093,  1.41629,  0.78905
4225, 1473,  0.06925,  0.03636,  0.11483,  0.07996,  0.78872,  1.46755,  0.77552
4226, 1472,  0.06399,  0.03781,  0.11544,  0.18541,  0.78872,  1.41629,  0.77552
4227, 1474,  0.06303,  0.03425,  0.11862,  0.18541,  0.80093,  1.41629,  0.78905
4228, 1475,  0.06764,  0.0325,  0.11814,  0.07996,  0.80093,  1.46755,  0.78905
4229, 1473,  0.06925,  0.03636,  0.11483,  0.07996,  0.78872,  1.46755,  0.77552
4230, 1476,  0.06194,  0.03122,  0.1209,  0.18541,  0.8125,  1.41629,  0.80187
4231, 1475,  0.06764,  0.0325,  0.11814,  0.07996,  0.80093,  1.46755,  0.78905
4232, 1474,  0.06303,  0.03425,  0.11862,  0.18541,  0.80093,  1.41629,  0.78905
4233, 1476,  0.06194,  0.03122,  0.1209,  0.18541,  0.8125,  1.41629,  0.80187
4234, 1477,  0.06586,  0.02877,  0.1206,  0.07996,  0.8125,  1.46755,  0.80187
4235, 1475,  0.06764,  0.0325,  0.11814,  0.07996,  0.80093,  1.46755,  0.78905
4236, 1478,  0.06097,  0.02892,  0.12184,  0.18541,  0.8252,  1.41629,  0.81595
4237, 1477,  0.06586,  0.02877,  0.1206,  0.07996,  0.8125,  1.46755,  0.80187
4238, 1476,  0.06194,  0.03122,  0.1209,  0.18541,  0.8125,  1.41629,  0.80187
4239, 1478,  0.06097,  0.02892,  0.12184,  0.18541,  0.8252,  1.41629,  0.81595
4240, 1479,  0.06408,  0.02527,  0.12197,  0.07996,  0.8252,  1.46755,  0.81595
4241, 1477,  0.06586,  0.02877,  0.1206,  0.07996,  0.8125,  1.46755,  0.80187
4242, 1480,  0.06008,  0.02696,  0.12211,  0.18541,  0.83847,  1.41629,  0.83065
4243, 1479,  0.06408,  0.02527,  0.12197,  0.07996,  0.8252,  1.46755,  0.81595
4244, 1478,  0.06097,  0.02892,  0.12184,  0.18541,  0.8252,  1.41629,  0.81595
4245, 1480,  0.06008,  0.02696,  0.12211,  0.18541,  0.83847,  1.41629,  0.83065
4246, 1481,  0.06228,  0.02188,  0.12278,  0.07996,  0.83847,  1.46755,  0.83065
4247, 1479,  0.06408,  0.02527,  0.12197,  0.07996,  0.8252,  1.46755,  0.81595
4248, 1482,  0.03612,  0.06094,  0.01199,  0.18541,  0.33835,  1.41629,  0.39998
4249, 1483,  0.04186,  0.06001,  0.01231,  0.07996,  0.33835,  1.46755,  0.39998
4250, 1484,  0.04026,  0.05868,  0.00594,  0.07996,  0.31864,  1.46755,  0.37561
4251, 1482,  0.03612,  0.06094,  0.01199,  0.18541,  0.33835,  1.41629,  0.39998
4252, 1484,  0.04026,  0.05868,  0.00594,  0.07996,  0.31864,  1.46755,  0.37561
4253, 1485,  0.03477,  0.06029,  0.00546,  0.18541,  0.31864,  1.41629,  0.37561
4254, 1485,  0.03477,  0.06029,  0.00546,  0.18541,  0.31864,  1.41629,  0.37561
4255, 1484,  0.04026,  0.05868,  0.00594,  0.07996,  0.31864,  1.46755,  0.37561
4256, 1486,  0.03887,  0.05734, -0.00025,  0.07996,  0.29934,  1.46755,  0.35174
4257, 1485,  0.03477,  0.06029,  0.00546,  0.18541,  0.31864,  1.41629,  0.37561
4258, 1486,  0.03887,  0.05734, -0.00025,  0.07996,  0.29934,  1.46755,  0.35174
4259, 1487,  0.03358,  0.05962, -0.00089,  0.18541,  0.29934,  1.41629,  0.35174
4260, 1486,  0.03887,  0.05734, -0.00025,  0.07996,  0.29934,  1.46755,  0.35174
4261, 1488,  0.03242,  0.05848, -0.00698,  0.18541,  0.28048,  1.41629,  0.32842
4262, 1487,  0.03358,  0.05962, -0.00089,  0.18541,  0.29934,  1.41629,  0.35174
4263, 1486,  0.03887,  0.05734, -0.00025,  0.07996,  0.29934,  1.46755,  0.35174
4264, 1489,  0.03756,  0.05585, -0.0062,  0.07996,  0.28048,  1.46755,  0.32842
4265, 1488,  0.03242,  0.05848, -0.00698,  0.18541,  0.28048,  1.41629,  0.32842
4266, 1490,  0.03635,  0.05417, -0.01183,  0.07996,  0.26213,  1.46755,  0.30573
4267, 1488,  0.03242,  0.05848, -0.00698,  0.18541,  0.28048,  1.41629,  0.32842
4268, 1489,  0.03756,  0.05585, -0.0062,  0.07996,  0.28048,  1.46755,  0.32842
4269, 1490,  0.03635,  0.05417, -0.01183,  0.07996,  0.26213,  1.46755,  0.30573
4270, 1491,  0.03142,  0.05695, -0.01272,  0.18541,  0.26213,  1.41629,  0.30573
4271, 1488,  0.03242,  0.05848, -0.00698,  0.18541,  0.28048,  1.41629,  0.32842
4272, 1490,  0.03635,  0.05417, -0.01183,  0.07996,  0.26213,  1.46755,  0.30573
4273, 1492,  0.0307,  0.05509, -0.01801,  0.18541,  0.24434,  1.41629,  0.28373
4274, 1491,  0.03142,  0.05695, -0.01272,  0.18541,  0.26213,  1.41629,  0.30573
4275, 1490,  0.03635,  0.05417, -0.01183,  0.07996,  0.26213,  1.46755,  0.30573
4276, 1493,  0.03529,  0.05224, -0.01708,  0.07996,  0.24434,  1.46755,  0.28373
4277, 1492,  0.0307,  0.05509, -0.01801,  0.18541,  0.24434,  1.41629,  0.28373
4278, 1494,  0.03022,  0.05313, -0.02283,  0.18541,  0.22308,  1.41629,  0.2623
4279, 1492,  0.0307,  0.05509, -0.01801,  0.18541,  0.24434,  1.41629,  0.28373
4280, 1493,  0.03529,  0.05224, -0.01708,  0.07996,  0.24434,  1.46755,  0.28373
4281, 1494,  0.03022,  0.05313, -0.02283,  0.18541,  0.22308,  1.41629,  0.2623
4282, 1493,  0.03529,  0.05224, -0.01708,  0.07996,  0.24434,  1.46755,  0.28373
4283, 1495,  0.03441,  0.05032, -0.02189,  0.07996,  0.22308,  1.46755,  0.2623
4284, 1495,  0.03441,  0.05032, -0.02189,  0.07996,  0.22308,  1.46755,  0.2623
4285, 1496,  0.02996,  0.05129, -0.02715,  0.18541,  0.18945,  1.41629,  0.24131
4286, 1494,  0.03022,  0.05313, -0.02283,  0.18541,  0.22308,  1.41629,  0.2623
4287, 1495,  0.03441,  0.05032, -0.02189,  0.07996,  0.22308,  1.46755,  0.2623
4288, 1497,  0.03375,  0.04865, -0.02619,  0.07996,  0.18945,  1.46755,  0.24131
4289, 1496,  0.02996,  0.05129, -0.02715,  0.18541,  0.18945,  1.41629,  0.24131
4290, 1498,  0.02997,  0.04943, -0.03095,  0.18541,  0.16699,  1.41629,  0.21902
4291, 1496,  0.02996,  0.05129, -0.02715,  0.18541,  0.18945,  1.41629,  0.24131
4292, 1497,  0.03375,  0.04865, -0.02619,  0.07996,  0.18945,  1.46755,  0.24131
4293, 1498,  0.02997,  0.04943, -0.03095,  0.18541,  0.16699,  1.41629,  0.21902
4294, 1497,  0.03375,  0.04865, -0.02619,  0.07996,  0.18945,  1.46755,  0.24131
4295, 1499,  0.03337,  0.04707, -0.03001,  0.07996,  0.16699,  1.46755,  0.21902
4296, 1498,  0.02997,  0.04943, -0.03095,  0.18541,  0.16699,  1.41629,  0.21902
4297, 1499,  0.03337,  0.04707, -0.03001,  0.07996,  0.16699,  1.46755,  0.21902
4298, 1500,  0.0333,  0.04539, -0.03333,  0.07996,  0.14357,  1.46755,  0.19373
4299, 1498,  0.02997,  0.04943, -0.03095,  0.18541,  0.16699,  1.41629,  0.21902
4300, 1500,  0.0333,  0.04539, -0.03333,  0.07996,  0.14357,  1.46755,  0.19373
4301, 1501,  0.03028,  0.04742, -0.03419,  0.18541,  0.14357,  1.41629,  0.19373
4302, 1502,  0.03078,  0.04526, -0.0371,  0.18541,  0.1126,  1.41629,  0.16744
4303, 1501,  0.03028,  0.04742, -0.03419,  0.18541,  0.14357,  1.41629,  0.19373
4304, 1500,  0.0333,  0.04539, -0.03333,  0.07996,  0.14357,  1.46755,  0.19373
4305, 1502,  0.03078,  0.04526, -0.0371,  0.18541,  0.1126,  1.41629,  0.16744
4306, 1500,  0.0333,  0.04539, -0.03333,  0.07996,  0.14357,  1.46755,  0.19373
4307, 1503,  0.03346,  0.0436, -0.03638,  0.07996,  0.1126,  1.46755,  0.16744
4308, 1503,  0.03346,  0.0436, -0.03638,  0.07996,  0.1126,  1.46755,  0.16744
4309, 1504,  0.03141,  0.04296, -0.0399,  0.18541,  0.06751,  1.41629,  0.14215
4310, 1502,  0.03078,  0.04526, -0.0371,  0.18541,  0.1126,  1.41629,  0.16744
4311, 1503,  0.03346,  0.0436, -0.03638,  0.07996,  0.1126,  1.46755,  0.16744
4312, 1505,  0.03373,  0.04171, -0.03936,  0.07996,  0.06751,  1.46755,  0.14215
4313, 1504,  0.03141,  0.04296, -0.0399,  0.18541,  0.06751,  1.41629,  0.14215
4314, 1506,  0.03406,  0.03976, -0.04231,  0.07996,  0.002,  1.46755,  0.11737
4315, 1504,  0.03141,  0.04296, -0.0399,  0.18541,  0.06751,  1.41629,  0.14215
4316, 1505,  0.03373,  0.04171, -0.03936,  0.07996,  0.06751,  1.46755,  0.14215
4317, 1506,  0.03406,  0.03976, -0.04231,  0.07996,  0.002,  1.46755,  0.11737
4318, 1507,  0.03209,  0.04058, -0.04266,  0.18541,  0.002,  1.41629,  0.11737
4319, 1504,  0.03141,  0.04296, -0.0399,  0.18541,  0.06751,  1.41629,  0.14215
4320, 1457,  0.03963,  0.06329,  0.0255,  0.18541,  0.37869,  1.41629,  0.44987
4321, 1456,  0.04614,  0.06272,  0.02551,  0.07996,  0.37869,  1.46755,  0.44987
4322, 1508,  0.04382,  0.06145,  0.0188,  0.07996,  0.35843,  1.46755,  0.42481
4323, 1457,  0.03963,  0.06329,  0.0255,  0.18541,  0.37869,  1.41629,  0.44987
4324, 1508,  0.04382,  0.06145,  0.0188,  0.07996,  0.35843,  1.46755,  0.42481
4325, 1509,  0.03773,  0.06204,  0.01863,  0.18541,  0.35843,  1.41629,  0.42481
4326, 1509,  0.03773,  0.06204,  0.01863,  0.18541,  0.35843,  1.41629,  0.42481
4327, 1508,  0.04382,  0.06145,  0.0188,  0.07996,  0.35843,  1.46755,  0.42481
4328, 1483,  0.04186,  0.06001,  0.01231,  0.07996,  0.33835,  1.46755,  0.39998
4329, 1509,  0.03773,  0.06204,  0.01863,  0.18541,  0.35843,  1.41629,  0.42481
4330, 1483,  0.04186,  0.06001,  0.01231,  0.07996,  0.33835,  1.46755,  0.39998
4331, 1482,  0.03612,  0.06094,  0.01199,  0.18541,  0.33835,  1.41629,  0.39998
4332, 1510,  0.09334, -0.02592,  0.09798,  0.44901,  0.74025,  1.32923,  0.76712
4333, 1511,  0.08918, -0.03021,  0.10006,  0.4997,  0.74025,  1.27855,  0.76712
4334, 1512,  0.09074, -0.03314,  0.09392,  0.4997,  0.71039,  1.27855,  0.73726
4335, 1510,  0.09334, -0.02592,  0.09798,  0.44901,  0.74025,  1.32923,  0.76712
4336, 1512,  0.09074, -0.03314,  0.09392,  0.4997,  0.71039,  1.27855,  0.73726
4337, 1513,  0.09492, -0.02873,  0.09256,  0.44901,  0.71039,  1.32923,  0.73726
4338, 1513,  0.09492, -0.02873,  0.09256,  0.44901,  0.71039,  1.32923,  0.73726
4339, 1512,  0.09074, -0.03314,  0.09392,  0.4997,  0.71039,  1.27855,  0.73726
4340, 1514,  0.09106, -0.03585,  0.08695,  0.4997,  0.67889,  1.27855,  0.70576
4341, 1513,  0.09492, -0.02873,  0.09256,  0.44901,  0.71039,  1.32923,  0.73726
4342, 1514,  0.09106, -0.03585,  0.08695,  0.4997,  0.67889,  1.27855,  0.70576
4343, 1515,  0.09534, -0.0312,  0.08632,  0.44901,  0.67889,  1.32923,  0.70576
4344, 1511,  0.08918, -0.03021,  0.10006,  0.4997,  0.74025,  1.27855,  0.76712
4345, 1510,  0.09334, -0.02592,  0.09798,  0.44901,  0.74025,  1.32923,  0.76712
4346, 1516,  0.09075, -0.02236,  0.10305,  0.44901,  0.76666,  1.32923,  0.79354
4347, 1511,  0.08918, -0.03021,  0.10006,  0.4997,  0.74025,  1.27855,  0.76712
4348, 1516,  0.09075, -0.02236,  0.10305,  0.44901,  0.76666,  1.32923,  0.79354
4349, 1517,  0.08667, -0.02653,  0.10509,  0.4997,  0.76666,  1.27855,  0.79354
4350, 1518,  0.0836, -0.02286,  0.10942,  0.4997,  0.78939,  1.27855,  0.81626
4351, 1517,  0.08667, -0.02653,  0.10509,  0.4997,  0.76666,  1.27855,  0.79354
4352, 1516,  0.09075, -0.02236,  0.10305,  0.44901,  0.76666,  1.32923,  0.79354
4353, 1518,  0.0836, -0.02286,  0.10942,  0.4997,  0.78939,  1.27855,  0.81626
4354, 1516,  0.09075, -0.02236,  0.10305,  0.44901,  0.76666,  1.32923,  0.79354
4355, 1519,  0.08741, -0.01889,  0.10774,  0.44901,  0.78939,  1.32923,  0.81626
4356, 1519,  0.08741, -0.01889,  0.10774,  0.44901,  0.78939,  1.32923,  0.81626
4357, 1520,  0.08036, -0.01996,  0.11346,  0.4997,  0.80818,  1.27855,  0.83506
4358, 1518,  0.0836, -0.02286,  0.10942,  0.4997,  0.78939,  1.27855,  0.81626
4359, 1519,  0.08741, -0.01889,  0.10774,  0.44901,  0.78939,  1.32923,  0.81626
4360, 1521,  0.08357, -0.01637,  0.11201,  0.44901,  0.80818,  1.32923,  0.83506
4361, 1520,  0.08036, -0.01996,  0.11346,  0.4997,  0.80818,  1.27855,  0.83506
4362, 1522,  0.07704, -0.01743,  0.11735,  0.4997,  0.82501,  1.27855,  0.85189
4363, 1520,  0.08036, -0.01996,  0.11346,  0.4997,  0.80818,  1.27855,  0.83506
4364, 1521,  0.08357, -0.01637,  0.11201,  0.44901,  0.80818,  1.32923,  0.83506
4365, 1522,  0.07704, -0.01743,  0.11735,  0.4997,  0.82501,  1.27855,  0.85189
4366, 1521,  0.08357, -0.01637,  0.11201,  0.44901,  0.80818,  1.32923,  0.83506
4367, 1523,  0.07948, -0.01433,  0.11606,  0.44901,  0.82501,  1.32923,  0.85189
4368, 1515,  0.09534, -0.0312,  0.08632,  0.44901,  0.67889,  1.32923,  0.70576
4369, 1514,  0.09106, -0.03585,  0.08695,  0.4997,  0.67889,  1.27855,  0.70576
4370, 1524,  0.08984, -0.03885,  0.07942,  0.4997,  0.64754,  1.27855,  0.67441
4371, 1515,  0.09534, -0.0312,  0.08632,  0.44901,  0.67889,  1.32923,  0.70576
4372, 1524,  0.08984, -0.03885,  0.07942,  0.4997,  0.64754,  1.27855,  0.67441
4373, 1525,  0.09441, -0.03377,  0.07877,  0.44901,  0.64754,  1.32923,  0.67441
4374, 1526,  0.09245, -0.03668,  0.07107,  0.44901,  0.61635,  1.32923,  0.64323
4375, 1525,  0.09441, -0.03377,  0.07877,  0.44901,  0.64754,  1.32923,  0.67441
4376, 1524,  0.08984, -0.03885,  0.07942,  0.4997,  0.64754,  1.27855,  0.67441
4377, 1526,  0.09245, -0.03668,  0.07107,  0.44901,  0.61635,  1.32923,  0.64323
4378, 1524,  0.08984, -0.03885,  0.07942,  0.4997,  0.64754,  1.27855,  0.67441
4379, 1527,  0.08753, -0.04201,  0.07203,  0.4997,  0.61635,  1.27855,  0.64323
4380, 1527,  0.08753, -0.04201,  0.07203,  0.4997,  0.61635,  1.27855,  0.64323
4381, 1528,  0.08974, -0.04014,  0.06432,  0.44901,  0.58535,  1.32923,  0.61222
4382, 1526,  0.09245, -0.03668,  0.07107,  0.44901,  0.61635,  1.32923,  0.64323
4383, 1527,  0.08753, -0.04201,  0.07203,  0.4997,  0.61635,  1.27855,  0.64323
4384, 1529,  0.08457, -0.0452,  0.0655,  0.4997,  0.58535,  1.27855,  0.61222
4385, 1528,  0.08974, -0.04014,  0.06432,  0.44901,  0.58535,  1.32923,  0.61222
4386, 1530,  0.08058, -0.04806,  0.0591,  0.4997,  0.55436,  1.27855,  0.58124
4387, 1528,  0.08974, -0.04014,  0.06432,  0.44901,  0.58535,  1.32923,  0.61222
4388, 1529,  0.08457, -0.0452,  0.0655,  0.4997,  0.58535,  1.27855,  0.61222
4389, 1530,  0.08058, -0.04806,  0.0591,  0.4997,  0.55436,  1.27855,  0.58124
4390, 1531,  0.08576, -0.04356,  0.05749,  0.44901,  0.55436,  1.32923,  0.58124
4391, 1528,  0.08974, -0.04014,  0.06432,  0.44901,  0.58535,  1.32923,  0.61222
4392, 1531,  0.08576, -0.04356,  0.05749,  0.44901,  0.55436,  1.32923,  0.58124
4393, 1530,  0.08058, -0.04806,  0.0591,  0.4997,  0.55436,  1.27855,  0.58124
4394, 1532,  0.07518, -0.0502,  0.05209,  0.4997,  0.52321,  1.27855,  0.55009
4395, 1531,  0.08576, -0.04356,  0.05749,  0.44901,  0.55436,  1.32923,  0.58124
4396, 1532,  0.07518, -0.0502,  0.05209,  0.4997,  0.52321,  1.27855,  0.55009
4397, 1533,  0.07997, -0.04631,  0.04952,  0.44901,  0.52321,  1.32923,  0.55009
4398, 1534,  0.07398, -0.04824,  0.04192,  0.44901,  0.37661,  1.32923,  0.51938
4399, 1533,  0.07997, -0.04631,  0.04952,  0.44901,  0.52321,  1.32923,  0.55009
4400, 1532,  0.07518, -0.0502,  0.05209,  0.4997,  0.52321,  1.27855,  0.55009
4401, 1534,  0.07398, -0.04824,  0.04192,  0.44901,  0.37661,  1.32923,  0.51938
4402, 1532,  0.07518, -0.0502,  0.05209,  0.4997,  0.52321,  1.27855,  0.55009
4403, 1535,  0.06948, -0.05161,  0.04517,  0.4997,  0.37513,  1.27855,  0.51938
4404, 1535,  0.06948, -0.05161,  0.04517,  0.4997,  0.37513,  1.27855,  0.51938
4405, 1536,  0.06927, -0.04876,  0.03611,  0.44901,  0.35003,  1.32923,  0.48972
4406, 1534,  0.07398, -0.04824,  0.04192,  0.44901,  0.37661,  1.32923,  0.51938
4407, 1535,  0.06948, -0.05161,  0.04517,  0.4997,  0.37513,  1.27855,  0.51938
4408, 1537,  0.06459, -0.05225,  0.03904,  0.4997,  0.35003,  1.27855,  0.48972
4409, 1536,  0.06927, -0.04876,  0.03611,  0.44901,  0.35003,  1.32923,  0.48972
4410, 1538,  0.06035, -0.05247,  0.03362,  0.4997,  0.32418,  1.27855,  0.46088
4411, 1536,  0.06927, -0.04876,  0.03611,  0.44901,  0.35003,  1.32923,  0.48972
4412, 1537,  0.06459, -0.05225,  0.03904,  0.4997,  0.35003,  1.27855,  0.48972
4413, 1538,  0.06035, -0.05247,  0.03362,  0.4997,  0.32418,  1.27855,  0.46088
4414, 1539,  0.06529, -0.04977,  0.03156,  0.44901,  0.32418,  1.32923,  0.46088
4415, 1536,  0.06927, -0.04876,  0.03611,  0.44901,  0.35003,  1.32923,  0.48972
4416, 1539,  0.06529, -0.04977,  0.03156,  0.44901,  0.32418,  1.32923,  0.46088
4417, 1538,  0.06035, -0.05247,  0.03362,  0.4997,  0.32418,  1.27855,  0.46088
4418, 1540,  0.0564, -0.05168,  0.02856,  0.4997,  0.29889,  1.27855,  0.43265
4419, 1539,  0.06529, -0.04977,  0.03156,  0.44901,  0.32418,  1.32923,  0.46088
4420, 1540,  0.0564, -0.05168,  0.02856,  0.4997,  0.29889,  1.27855,  0.43265
4421, 1541,  0.06077, -0.04971,  0.02662,  0.44901,  0.29889,  1.32923,  0.43265
4422, 1541,  0.06077, -0.04971,  0.02662,  0.44901,  0.29889,  1.32923,  0.43265
4423, 1540,  0.0564, -0.05168,  0.02856,  0.4997,  0.29889,  1.27855,  0.43265
4424, 1542,  0.05307, -0.05158,  0.02423,  0.4997,  0.27412,  1.27855,  0.40501
4425, 1541,  0.06077, -0.04971,  0.02662,  0.44901,  0.29889,  1.32923,  0.43265
4426, 1542,  0.05307, -0.05158,  0.02423,  0.4997,  0.27412,  1.27855,  0.40501
4427, 1543,  0.05664, -0.05023,  0.02233,  0.44901,  0.27412,  1.32923,  0.40501
4428, 1543,  0.05664, -0.05023,  0.02233,  0.44901,  0.27412,  1.32923,  0.40501
4429, 1542,  0.05307, -0.05158,  0.02423,  0.4997,  0.27412,  1.27855,  0.40501
4430, 1544,  0.05034, -0.05211,  0.02058,  0.4997,  0.24985,  1.27855,  0.37793
4431, 1543,  0.05664, -0.05023,  0.02233,  0.44901,  0.27412,  1.32923,  0.40501
4432, 1544,  0.05034, -0.05211,  0.02058,  0.4997,  0.24985,  1.27855,  0.37793
4433, 1545,  0.05343, -0.05079,  0.019,  0.44901,  0.24985,  1.32923,  0.37793
4434, 1546,  0.05061, -0.05112,  0.01557,  0.44901,  0.22632,  1.32923,  0.35167
4435, 1545,  0.05343, -0.05079,  0.019,  0.44901,  0.24985,  1.32923,  0.37793
4436, 1544,  0.05034, -0.05211,  0.02058,  0.4997,  0.24985,  1.27855,  0.37793
4437, 1546,  0.05061, -0.05112,  0.01557,  0.44901,  0.22632,  1.32923,  0.35167
4438, 1544,  0.05034, -0.05211,  0.02058,  0.4997,  0.24985,  1.27855,  0.37793
4439, 1547,  0.04786, -0.05257,  0.0167,  0.4997,  0.22632,  1.27855,  0.35167
4440, 1548,  0.04531, -0.05258,  0.01168,  0.4997,  0.19583,  1.27855,  0.3265
4441, 1546,  0.05061, -0.05112,  0.01557,  0.44901,  0.22632,  1.32923,  0.35167
4442, 1547,  0.04786, -0.05257,  0.0167,  0.4997,  0.22632,  1.27855,  0.35167
4443, 1548,  0.04531, -0.05258,  0.01168,  0.4997,  0.19583,  1.27855,  0.3265
4444, 1549,  0.04772, -0.05123,  0.01097,  0.44901,  0.19583,  1.32923,  0.3265
4445, 1546,  0.05061, -0.05112,  0.01557,  0.44901,  0.22632,  1.32923,  0.35167
4446, 1550,  0.04299, -0.05277,  0.00638,  0.4997,  0.18115,  1.27855,  0.30227
4447, 1549,  0.04772, -0.05123,  0.01097,  0.44901,  0.19583,  1.32923,  0.3265
4448, 1548,  0.04531, -0.05258,  0.01168,  0.4997,  0.19583,  1.27855,  0.3265
4449, 1550,  0.04299, -0.05277,  0.00638,  0.4997,  0.18115,  1.27855,  0.30227
4450, 1551,  0.04507, -0.05149,  0.00595,  0.44901,  0.18115,  1.32923,  0.30227
4451, 1549,  0.04772, -0.05123,  0.01097,  0.44901,  0.19583,  1.32923,  0.3265
4452, 1550,  0.04299, -0.05277,  0.00638,  0.4997,  0.18115,  1.27855,  0.30227
4453, 1552,  0.04284, -0.05198,  0.00098,  0.44901,  0.16694,  1.32923,  0.27881
4454, 1551,  0.04507, -0.05149,  0.00595,  0.44901,  0.18115,  1.32923,  0.30227
4455, 1550,  0.04299, -0.05277,  0.00638,  0.4997,  0.18115,  1.27855,  0.30227
4456, 1553,  0.04104, -0.05355,  0.00115,  0.4997,  0.16694,  1.27855,  0.27881
4457, 1552,  0.04284, -0.05198,  0.00098,  0.44901,  0.16694,  1.32923,  0.27881
4458, 1554,  0.04124, -0.05227, -0.00398,  0.44901,  0.15298,  1.32923,  0.25578
4459, 1552,  0.04284, -0.05198,  0.00098,  0.44901,  0.16694,  1.32923,  0.27881
4460, 1553,  0.04104, -0.05355,  0.00115,  0.4997,  0.16694,  1.27855,  0.27881
4461, 1554,  0.04124, -0.05227, -0.00398,  0.44901,  0.15298,  1.32923,  0.25578
4462, 1553,  0.04104, -0.05355,  0.00115,  0.4997,  0.16694,  1.27855,  0.27881
4463, 1555,  0.0397, -0.05408, -0.00393,  0.4997,  0.15298,  1.27855,  0.25578
4464, 1556,  0.03917, -0.05406, -0.00929,  0.4997,  0.13908,  1.27855,  0.23283
4465, 1554,  0.04124, -0.05227, -0.00398,  0.44901,  0.15298,  1.32923,  0.25578
4466, 1555,  0.0397, -0.05408, -0.00393,  0.4997,  0.15298,  1.27855,  0.25578
4467, 1556,  0.03917, -0.05406, -0.00929,  0.4997,  0.13908,  1.27855,  0.23283
4468, 1557,  0.0405, -0.05233, -0.00918,  0.44901,  0.13908,  1.32923,  0.23283
4469, 1554,  0.04124, -0.05227, -0.00398,  0.44901,  0.15298,  1.32923,  0.25578
4470, 1558,  0.03916, -0.05322, -0.01452,  0.4997,  0.12529,  1.27855,  0.21007
4471, 1557,  0.0405, -0.05233, -0.00918,  0.44901,  0.13908,  1.32923,  0.23283
4472, 1556,  0.03917, -0.05406, -0.00929,  0.4997,  0.13908,  1.27855,  0.23283
4473, 1558,  0.03916, -0.05322, -0.01452,  0.4997,  0.12529,  1.27855,  0.21007
4474, 1559,  0.04034, -0.05169, -0.01421,  0.44901,  0.12529,  1.32923,  0.21007
4475, 1557,  0.0405, -0.05233, -0.00918,  0.44901,  0.13908,  1.32923,  0.23283
4476, 1559,  0.04034, -0.05169, -0.01421,  0.44901,  0.12529,  1.32923,  0.21007
4477, 1558,  0.03916, -0.05322, -0.01452,  0.4997,  0.12529,  1.27855,  0.21007
4478, 1560,  0.03946, -0.05247, -0.01964,  0.4997,  0.11167,  1.27855,  0.18758
4479, 1559,  0.04034, -0.05169, -0.01421,  0.44901,  0.12529,  1.32923,  0.21007
4480, 1560,  0.03946, -0.05247, -0.01964,  0.4997,  0.11167,  1.27855,  0.18758
4481, 1561,  0.04056, -0.05101, -0.01917,  0.44901,  0.11167,  1.32923,  0.18758
4482, 1561,  0.04056, -0.05101, -0.01917,  0.44901,  0.11167,  1.32923,  0.18758
4483, 1560,  0.03946, -0.05247, -0.01964,  0.4997,  0.11167,  1.27855,  0.18758
4484, 1562,  0.03996, -0.05109, -0.02425,  0.4997,  0.10,  1.27855,  0.16834
4485, 1561,  0.04056, -0.05101, -0.01917,  0.44901,  0.11167,  1.32923,  0.18758
4486, 1562,  0.03996, -0.05109, -0.02425,  0.4997,  0.10,  1.27855,  0.16834
4487, 1563,  0.04102, -0.04969, -0.02363,  0.44901,  0.10,  1.32923,  0.16834
4488, 1563,  0.04102, -0.04969, -0.02363,  0.44901,  0.10,  1.32923,  0.16834
4489, 1562,  0.03996, -0.05109, -0.02425,  0.4997,  0.10,  1.27855,  0.16834
4490, 1564,  0.04068, -0.0494, -0.02829,  0.4997,  0.0921,  1.27855,  0.1553
4491, 1563,  0.04102, -0.04969, -0.02363,  0.44901,  0.10,  1.32923,  0.16834
4492, 1564,  0.04068, -0.0494, -0.02829,  0.4997,  0.0921,  1.27855,  0.1553
4493, 1565,  0.04169, -0.04812, -0.02751,  0.44901,  0.0921,  1.32923,  0.1553
4494, 1566,  0.04267, -0.04658, -0.03052,  0.44901,  0.08608,  1.32923,  0.14536
4495, 1565,  0.04169, -0.04812, -0.02751,  0.44901,  0.0921,  1.32923,  0.1553
4496, 1564,  0.04068, -0.0494, -0.02829,  0.4997,  0.0921,  1.27855,  0.1553
4497, 1566,  0.04267, -0.04658, -0.03052,  0.44901,  0.08608,  1.32923,  0.14536
4498, 1564,  0.04068, -0.0494, -0.02829,  0.4997,  0.0921,  1.27855,  0.1553
4499, 1567,  0.04173, -0.0477, -0.0314,  0.4997,  0.08608,  1.27855,  0.14536
4500, 1567,  0.04173, -0.0477, -0.0314,  0.4997,  0.08608,  1.27855,  0.14536
4501, 1568,  0.04408, -0.04504, -0.03219,  0.44901,  0.08006,  1.32923,  0.13543
4502, 1566,  0.04267, -0.04658, -0.03052,  0.44901,  0.08608,  1.32923,  0.14536
4503, 1567,  0.04173, -0.0477, -0.0314,  0.4997,  0.08608,  1.27855,  0.14536
4504, 1569,  0.04319, -0.04601, -0.0331,  0.4997,  0.08006,  1.27855,  0.13543
4505, 1568,  0.04408, -0.04504, -0.03219,  0.44901,  0.08006,  1.32923,  0.13543
4506, 1570,  0.04495, -0.04418, -0.03404,  0.4997,  0.06823,  1.27855,  0.11303
4507, 1568,  0.04408, -0.04504, -0.03219,  0.44901,  0.08006,  1.32923,  0.13543
4508, 1569,  0.04319, -0.04601, -0.0331,  0.4997,  0.08006,  1.27855,  0.13543
4509, 1570,  0.04495, -0.04418, -0.03404,  0.4997,  0.06823,  1.27855,  0.11303
4510, 1571,  0.04579, -0.04337, -0.03319,  0.44901,  0.06823,  1.32923,  0.11303
4511, 1568,  0.04408, -0.04504, -0.03219,  0.44901,  0.08006,  1.32923,  0.13543
4512, 1571,  0.04579, -0.04337, -0.03319,  0.44901,  0.06823,  1.32923,  0.11303
4513, 1570,  0.04495, -0.04418, -0.03404,  0.4997,  0.06823,  1.27855,  0.11303
4514, 1572,  0.04688, -0.04173, -0.03477,  0.4997,  0.04478,  1.27855,  0.0657
4515, 1571,  0.04579, -0.04337, -0.03319,  0.44901,  0.06823,  1.32923,  0.11303
4516, 1572,  0.04688, -0.04173, -0.03477,  0.4997,  0.04478,  1.27855,  0.0657
4517, 1573,  0.0477, -0.04115, -0.03407,  0.44901,  0.04478,  1.32923,  0.0657
4518, 1573,  0.0477, -0.04115, -0.03407,  0.44901,  0.04478,  1.32923,  0.0657
4519, 1572,  0.04688, -0.04173, -0.03477,  0.4997,  0.04478,  1.27855,  0.0657
4520, 1574,  0.04889, -0.03896, -0.03538,  0.4997,  0.002,  1.27855,  0.00591
4521, 1573,  0.0477, -0.04115, -0.03407,  0.44901,  0.04478,  1.32923,  0.0657
4522, 1574,  0.04889, -0.03896, -0.03538,  0.4997,  0.002,  1.27855,  0.00591
4523, 1575,  0.0497, -0.03866, -0.03489,  0.44901,  0.002,  1.32923,  0.00591
4524, 1576,  0.07019, -0.02433,  0.11707,  0.24159,  0.89703,  1.39887,  0.94718
4525, 1577,  0.06547, -0.02156,  0.12046,  0.24159,  0.91293,  1.39887,  0.96768
4526, 1578,  0.06172, -0.03215,  0.11702,  0.11018,  0.91293,  1.50024,  0.96768
4527, 1576,  0.07019, -0.02433,  0.11707,  0.24159,  0.89703,  1.39887,  0.94718
4528, 1578,  0.06172, -0.03215,  0.11702,  0.11018,  0.91293,  1.50024,  0.96768
4529, 1579,  0.06392, -0.03582,  0.11362,  0.11018,  0.89703,  1.50024,  0.94718
4530, 1580,  0.06073, -0.01883,  0.1238,  0.24159,  0.92967,  1.39887,  0.98925
4531, 1578,  0.06172, -0.03215,  0.11702,  0.11018,  0.91293,  1.50024,  0.96768
4532, 1577,  0.06547, -0.02156,  0.12046,  0.24159,  0.91293,  1.39887,  0.96768
4533, 1580,  0.06073, -0.01883,  0.1238,  0.24159,  0.92967,  1.39887,  0.98925
4534, 1581,  0.05933, -0.02851,  0.12065,  0.11018,  0.92967,  1.50024,  0.98925
4535, 1578,  0.06172, -0.03215,  0.11702,  0.11018,  0.91293,  1.50024,  0.96768
4536, 1579,  0.06392, -0.03582,  0.11362,  0.11018,  0.89703,  1.50024,  0.94718
4537, 1582,  0.07487, -0.02718,  0.1136,  0.24159,  0.8828,  1.39887,  0.92885
4538, 1576,  0.07019, -0.02433,  0.11707,  0.24159,  0.89703,  1.39887,  0.94718
4539, 1579,  0.06392, -0.03582,  0.11362,  0.11018,  0.89703,  1.50024,  0.94718
4540, 1583,  0.06571, -0.03956,  0.1107,  0.11018,  0.8828,  1.50024,  0.92885
4541, 1582,  0.07487, -0.02718,  0.1136,  0.24159,  0.8828,  1.39887,  0.92885
4542, 1584,  0.06692, -0.04296,  0.10768,  0.11018,  0.8684,  1.50024,  0.9103
4543, 1582,  0.07487, -0.02718,  0.1136,  0.24159,  0.8828,  1.39887,  0.92885
4544, 1583,  0.06571, -0.03956,  0.1107,  0.11018,  0.8828,  1.50024,  0.92885
4545, 1584,  0.06692, -0.04296,  0.10768,  0.11018,  0.8684,  1.50024,  0.9103
4546, 1585,  0.07908, -0.03013,  0.10971,  0.24159,  0.8684,  1.39887,  0.9103
4547, 1582,  0.07487, -0.02718,  0.1136,  0.24159,  0.8828,  1.39887,  0.92885
4548, 1584,  0.06692, -0.04296,  0.10768,  0.11018,  0.8684,  1.50024,  0.9103
4549, 1586,  0.0824, -0.0332,  0.10511,  0.24159,  0.85199,  1.39887,  0.88915
4550, 1585,  0.07908, -0.03013,  0.10971,  0.24159,  0.8684,  1.39887,  0.9103
4551, 1584,  0.06692, -0.04296,  0.10768,  0.11018,  0.8684,  1.50024,  0.9103
4552, 1587,  0.06736, -0.04559,  0.10397,  0.11018,  0.85199,  1.50024,  0.88915
4553, 1586,  0.0824, -0.0332,  0.10511,  0.24159,  0.85199,  1.39887,  0.88915
4554, 1588,  0.08467, -0.03632,  0.10,  0.24159,  0.83393,  1.39887,  0.86587
4555, 1586,  0.0824, -0.0332,  0.10511,  0.24159,  0.85199,  1.39887,  0.88915
4556, 1587,  0.06736, -0.04559,  0.10397,  0.11018,  0.85199,  1.50024,  0.88915
4557, 1588,  0.08467, -0.03632,  0.10,  0.24159,  0.83393,  1.39887,  0.86587
4558, 1587,  0.06736, -0.04559,  0.10397,  0.11018,  0.85199,  1.50024,  0.88915
4559, 1589,  0.06737, -0.04816,  0.09954,  0.11018,  0.83393,  1.50024,  0.86587
4560, 1588,  0.08467, -0.03632,  0.10,  0.24159,  0.83393,  1.39887,  0.86587
4561, 1589,  0.06737, -0.04816,  0.09954,  0.11018,  0.83393,  1.50024,  0.86587
4562, 1590,  0.06728, -0.05138,  0.09436,  0.11018,  0.81458,  1.50024,  0.84094
4563, 1588,  0.08467, -0.03632,  0.10,  0.24159,  0.83393,  1.39887,  0.86587
4564, 1590,  0.06728, -0.05138,  0.09436,  0.11018,  0.81458,  1.50024,  0.84094
4565, 1591,  0.08574, -0.03941,  0.0946,  0.24159,  0.81458,  1.39887,  0.84094
4566, 1592,  0.08546, -0.04237,  0.08886,  0.24159,  0.79382,  1.39887,  0.81419
4567, 1591,  0.08574, -0.03941,  0.0946,  0.24159,  0.81458,  1.39887,  0.84094
4568, 1590,  0.06728, -0.05138,  0.09436,  0.11018,  0.81458,  1.50024,  0.84094
4569, 1592,  0.08546, -0.04237,  0.08886,  0.24159,  0.79382,  1.39887,  0.81419
4570, 1590,  0.06728, -0.05138,  0.09436,  0.11018,  0.81458,  1.50024,  0.84094
4571, 1593,  0.06645, -0.05444,  0.08875,  0.11018,  0.79382,  1.50024,  0.81419
4572, 1593,  0.06645, -0.05444,  0.08875,  0.11018,  0.79382,  1.50024,  0.81419
4573, 1594,  0.08371, -0.04508,  0.08275,  0.24159,  0.77152,  1.39887,  0.78544
4574, 1592,  0.08546, -0.04237,  0.08886,  0.24159,  0.79382,  1.39887,  0.81419
4575, 1593,  0.06645, -0.05444,  0.08875,  0.11018,  0.79382,  1.50024,  0.81419
4576, 1595,  0.0642, -0.05652,  0.08304,  0.11018,  0.77152,  1.50024,  0.78544
4577, 1594,  0.08371, -0.04508,  0.08275,  0.24159,  0.77152,  1.39887,  0.78544
4578, 1596,  0.061, -0.05809,  0.07708,  0.11018,  0.74828,  1.50024,  0.75549
4579, 1594,  0.08371, -0.04508,  0.08275,  0.24159,  0.77152,  1.39887,  0.78544
4580, 1595,  0.0642, -0.05652,  0.08304,  0.11018,  0.77152,  1.50024,  0.78544
4581, 1596,  0.061, -0.05809,  0.07708,  0.11018,  0.74828,  1.50024,  0.75549
4582, 1597,  0.08094, -0.0478,  0.07627,  0.24159,  0.74828,  1.39887,  0.75549
4583, 1594,  0.08371, -0.04508,  0.08275,  0.24159,  0.77152,  1.39887,  0.78544
4584, 1598,  0.05734, -0.05961,  0.07068,  0.11018,  0.7247,  1.50024,  0.72511
4585, 1597,  0.08094, -0.0478,  0.07627,  0.24159,  0.74828,  1.39887,  0.75549
4586, 1596,  0.061, -0.05809,  0.07708,  0.11018,  0.74828,  1.50024,  0.75549
4587, 1598,  0.05734, -0.05961,  0.07068,  0.11018,  0.7247,  1.50024,  0.72511
4588, 1599,  0.07761, -0.05078,  0.0694,  0.24159,  0.7247,  1.39887,  0.72511
4589, 1597,  0.08094, -0.0478,  0.07627,  0.24159,  0.74828,  1.39887,  0.75549
4590, 1600,  0.05369, -0.06113,  0.0635,  0.11018,  0.70077,  1.50024,  0.69427
4591, 1599,  0.07761, -0.05078,  0.0694,  0.24159,  0.7247,  1.39887,  0.72511
4592, 1598,  0.05734, -0.05961,  0.07068,  0.11018,  0.7247,  1.50024,  0.72511
4593, 1600,  0.05369, -0.06113,  0.0635,  0.11018,  0.70077,  1.50024,  0.69427
4594, 1601,  0.07349, -0.05359,  0.06201,  0.24159,  0.70077,  1.39887,  0.69427
4595, 1599,  0.07761, -0.05078,  0.0694,  0.24159,  0.7247,  1.39887,  0.72511
4596, 1601,  0.07349, -0.05359,  0.06201,  0.24159,  0.70077,  1.39887,  0.69427
4597, 1600,  0.05369, -0.06113,  0.0635,  0.11018,  0.70077,  1.50024,  0.69427
4598, 1602,  0.05052, -0.06272,  0.05515,  0.11018,  0.67647,  1.50024,  0.66295
4599, 1601,  0.07349, -0.05359,  0.06201,  0.24159,  0.70077,  1.39887,  0.69427
4600, 1602,  0.05052, -0.06272,  0.05515,  0.11018,  0.67647,  1.50024,  0.66295
4601, 1603,  0.06837, -0.05583,  0.05394,  0.24159,  0.67647,  1.39887,  0.66295
4602, 1604,  0.06327, -0.05687,  0.04557,  0.24159,  0.65151,  1.39887,  0.6308
4603, 1603,  0.06837, -0.05583,  0.05394,  0.24159,  0.67647,  1.39887,  0.66295
4604, 1602,  0.05052, -0.06272,  0.05515,  0.11018,  0.67647,  1.50024,  0.66295
4605, 1604,  0.06327, -0.05687,  0.04557,  0.24159,  0.65151,  1.39887,  0.6308
4606, 1602,  0.05052, -0.06272,  0.05515,  0.11018,  0.67647,  1.50024,  0.66295
4607, 1605,  0.04827, -0.06363,  0.04641,  0.11018,  0.65151,  1.50024,  0.6308
4608, 1605,  0.04827, -0.06363,  0.04641,  0.11018,  0.65151,  1.50024,  0.6308
4609, 1606,  0.05914, -0.05565,  0.03723,  0.24159,  0.62563,  1.39887,  0.59744
4610, 1604,  0.06327, -0.05687,  0.04557,  0.24159,  0.65151,  1.39887,  0.6308
4611, 1605,  0.04827, -0.06363,  0.04641,  0.11018,  0.65151,  1.50024,  0.6308
4612, 1607,  0.04731, -0.0627,  0.03803,  0.11018,  0.62563,  1.50024,  0.59744
4613, 1606,  0.05914, -0.05565,  0.03723,  0.24159,  0.62563,  1.39887,  0.59744
4614, 1608,  0.04682, -0.06105,  0.03011,  0.11018,  0.59961,  1.50024,  0.56391
4615, 1606,  0.05914, -0.05565,  0.03723,  0.24159,  0.62563,  1.39887,  0.59744
4616, 1607,  0.04731, -0.0627,  0.03803,  0.11018,  0.62563,  1.50024,  0.59744
4617, 1608,  0.04682, -0.06105,  0.03011,  0.11018,  0.59961,  1.50024,  0.56391
4618, 1609,  0.05588, -0.0537,  0.02924,  0.24159,  0.59961,  1.39887,  0.56391
4619, 1606,  0.05914, -0.05565,  0.03723,  0.24159,  0.62563,  1.39887,  0.59744
4620, 1608,  0.04682, -0.06105,  0.03011,  0.11018,  0.59961,  1.50024,  0.56391
4621, 1610,  0.0534, -0.05268,  0.02203,  0.24159,  0.57424,  1.39887,  0.53122
4622, 1609,  0.05588, -0.0537,  0.02924,  0.24159,  0.59961,  1.39887,  0.56391
4623, 1608,  0.04682, -0.06105,  0.03011,  0.11018,  0.59961,  1.50024,  0.56391
4624, 1611,  0.04602, -0.05997,  0.02271,  0.11018,  0.57424,  1.50024,  0.53122
4625, 1610,  0.0534, -0.05268,  0.02203,  0.24159,  0.57424,  1.39887,  0.53122
4626, 1612,  0.05148, -0.05217,  0.01522,  0.24159,  0.5408,  1.39887,  0.49935
4627, 1610,  0.0534, -0.05268,  0.02203,  0.24159,  0.57424,  1.39887,  0.53122
4628, 1611,  0.04602, -0.05997,  0.02271,  0.11018,  0.57424,  1.50024,  0.53122
4629, 1612,  0.05148, -0.05217,  0.01522,  0.24159,  0.5408,  1.39887,  0.49935
4630, 1611,  0.04602, -0.05997,  0.02271,  0.11018,  0.57424,  1.50024,  0.53122
4631, 1613,  0.045, -0.05924,  0.01561,  0.11018,  0.5408,  1.50024,  0.49935
4632, 1613,  0.045, -0.05924,  0.01561,  0.11018,  0.5408,  1.50024,  0.49935
4633, 1614,  0.0499, -0.05179,  0.00838,  0.24159,  0.37485,  1.39887,  0.4683
4634, 1612,  0.05148, -0.05217,  0.01522,  0.24159,  0.5408,  1.39887,  0.49935
4635, 1613,  0.045, -0.05924,  0.01561,  0.11018,  0.5408,  1.50024,  0.49935
4636, 1615,  0.04386, -0.05866,  0.00854,  0.11018,  0.37485,  1.50024,  0.4683
4637, 1614,  0.0499, -0.05179,  0.00838,  0.24159,  0.37485,  1.39887,  0.4683
4638, 1616,  0.04271, -0.0581,  0.00145,  0.11018,  0.32737,  1.50024,  0.43798
4639, 1614,  0.0499, -0.05179,  0.00838,  0.24159,  0.37485,  1.39887,  0.4683
4640, 1615,  0.04386, -0.05866,  0.00854,  0.11018,  0.37485,  1.50024,  0.4683
4641, 1616,  0.04271, -0.0581,  0.00145,  0.11018,  0.32737,  1.50024,  0.43798
4642, 1617,  0.04859, -0.05122,  0.00139,  0.24159,  0.32737,  1.39887,  0.43798
4643, 1614,  0.0499, -0.05179,  0.00838,  0.24159,  0.37485,  1.39887,  0.4683
4644, 1616,  0.04271, -0.0581,  0.00145,  0.11018,  0.32737,  1.50024,  0.43798
4645, 1618,  0.04749, -0.05023, -0.00594,  0.24159,  0.29004,  1.39887,  0.40829
4646, 1617,  0.04859, -0.05122,  0.00139,  0.24159,  0.32737,  1.39887,  0.43798
4647, 1616,  0.04271, -0.0581,  0.00145,  0.11018,  0.32737,  1.50024,  0.43798
4648, 1619,  0.04166, -0.05745, -0.00574,  0.11018,  0.29004,  1.50024,  0.40829
4649, 1618,  0.04749, -0.05023, -0.00594,  0.24159,  0.29004,  1.39887,  0.40829
4650, 1620,  0.04059, -0.05681, -0.01295,  0.11018,  0.26025,  1.50024,  0.3794
4651, 1618,  0.04749, -0.05023, -0.00594,  0.24159,  0.29004,  1.39887,  0.40829
4652, 1619,  0.04166, -0.05745, -0.00574,  0.11018,  0.29004,  1.50024,  0.40829
4653, 1620,  0.04059, -0.05681, -0.01295,  0.11018,  0.26025,  1.50024,  0.3794
4654, 1621,  0.0463, -0.04927, -0.01346,  0.24159,  0.25971,  1.39887,  0.3794
4655, 1618,  0.04749, -0.05023, -0.00594,  0.24159,  0.29004,  1.39887,  0.40829
4656, 1621,  0.0463, -0.04927, -0.01346,  0.24159,  0.25971,  1.39887,  0.3794
4657, 1620,  0.04059, -0.05681, -0.01295,  0.11018,  0.26025,  1.50024,  0.3794
4658, 1622,  0.03938, -0.05606, -0.02006,  0.11018,  0.23536,  1.50024,  0.35148
4659, 1621,  0.0463, -0.04927, -0.01346,  0.24159,  0.25971,  1.39887,  0.3794
4660, 1622,  0.03938, -0.05606, -0.02006,  0.11018,  0.23536,  1.50024,  0.35148
4661, 1623,  0.04476, -0.04857, -0.02095,  0.24159,  0.23323,  1.39887,  0.35148
4662, 1624,  0.04286, -0.04827, -0.02837,  0.24159,  0.19832,  1.39887,  0.32436
4663, 1623,  0.04476, -0.04857, -0.02095,  0.24159,  0.23323,  1.39887,  0.35148
4664, 1622,  0.03938, -0.05606, -0.02006,  0.11018,  0.23536,  1.50024,  0.35148
4665, 1624,  0.04286, -0.04827, -0.02837,  0.24159,  0.19832,  1.39887,  0.32436
4666, 1622,  0.03938, -0.05606, -0.02006,  0.11018,  0.23536,  1.50024,  0.35148
4667, 1625,  0.03793, -0.05542, -0.02711,  0.11018,  0.20048,  1.50024,  0.32436
4668, 1624,  0.04286, -0.04827, -0.02837,  0.24159,  0.19832,  1.39887,  0.32436
4669, 1625,  0.03793, -0.05542, -0.02711,  0.11018,  0.20048,  1.50024,  0.32436
4670, 1626,  0.0361, -0.05478, -0.03401,  0.11018,  0.18067,  1.50024,  0.29785
4671, 1624,  0.04286, -0.04827, -0.02837,  0.24159,  0.19832,  1.39887,  0.32436
4672, 1626,  0.0361, -0.05478, -0.03401,  0.11018,  0.18067,  1.50024,  0.29785
4673, 1627,  0.04058, -0.0482, -0.03553,  0.24159,  0.17923,  1.39887,  0.29785
4674, 1628,  0.03828, -0.04833, -0.04175,  0.24159,  0.15794,  1.39887,  0.27447
4675, 1627,  0.04058, -0.0482, -0.03553,  0.24159,  0.17923,  1.39887,  0.29785
4676, 1626,  0.0361, -0.05478, -0.03401,  0.11018,  0.18067,  1.50024,  0.29785
4677, 1628,  0.03828, -0.04833, -0.04175,  0.24159,  0.15794,  1.39887,  0.27447
4678, 1626,  0.0361, -0.05478, -0.03401,  0.11018,  0.18067,  1.50024,  0.29785
4679, 1629,  0.03418, -0.05429, -0.03993,  0.11018,  0.1585,  1.50024,  0.27473
4680, 1629,  0.03418, -0.05429, -0.03993,  0.11018,  0.1585,  1.50024,  0.27473
4681, 1630,  0.0363, -0.04904, -0.04647,  0.24159,  0.13391,  1.39887,  0.2567
4682, 1628,  0.03828, -0.04833, -0.04175,  0.24159,  0.15794,  1.39887,  0.27447
4683, 1629,  0.03418, -0.05429, -0.03993,  0.11018,  0.1585,  1.50024,  0.27473
4684, 1631,  0.03252, -0.05447, -0.04417,  0.11018,  0.13471,  1.50024,  0.25773
4685, 1630,  0.0363, -0.04904, -0.04647,  0.24159,  0.13391,  1.39887,  0.2567
4686, 1632,  0.0306, -0.05531, -0.04752,  0.11018,  0.11121,  1.50024,  0.24162
4687, 1630,  0.0363, -0.04904, -0.04647,  0.24159,  0.13391,  1.39887,  0.2567
4688, 1631,  0.03252, -0.05447, -0.04417,  0.11018,  0.13471,  1.50024,  0.25773
4689, 1632,  0.0306, -0.05531, -0.04752,  0.11018,  0.11121,  1.50024,  0.24162
4690, 1633,  0.03423, -0.05036, -0.05019,  0.24159,  0.11028,  1.39887,  0.24044
4691, 1630,  0.0363, -0.04904, -0.04647,  0.24159,  0.13391,  1.39887,  0.2567
4692, 1633,  0.03423, -0.05036, -0.05019,  0.24159,  0.11028,  1.39887,  0.24044
4693, 1632,  0.0306, -0.05531, -0.04752,  0.11018,  0.11121,  1.50024,  0.24162
4694, 1634,  0.02792, -0.05679, -0.05082,  0.11018,  0.08991,  1.50024,  0.22113
4695, 1633,  0.03423, -0.05036, -0.05019,  0.24159,  0.11028,  1.39887,  0.24044
4696, 1634,  0.02792, -0.05679, -0.05082,  0.11018,  0.08991,  1.50024,  0.22113
4697, 1635,  0.03162, -0.05234, -0.0534,  0.24159,  0.09023,  1.39887,  0.22154
4698, 1636,  0.02836, -0.05505, -0.0562,  0.24159,  0.0693,  1.39887,  0.20036
4699, 1635,  0.03162, -0.05234, -0.0534,  0.24159,  0.09023,  1.39887,  0.22154
4700, 1634,  0.02792, -0.05679, -0.05082,  0.11018,  0.08991,  1.50024,  0.22113
4701, 1636,  0.02836, -0.05505, -0.0562,  0.24159,  0.0693,  1.39887,  0.20036
4702, 1634,  0.02792, -0.05679, -0.05082,  0.11018,  0.08991,  1.50024,  0.22113
4703, 1637,  0.02481, -0.05864, -0.05395,  0.11018,  0.06782,  1.50024,  0.19846
4704, 1638,  0.02156, -0.0606, -0.05681,  0.11018,  0.04194,  1.50024,  0.17581
4705, 1636,  0.02836, -0.05505, -0.0562,  0.24159,  0.0693,  1.39887,  0.20036
4706, 1637,  0.02481, -0.05864, -0.05395,  0.11018,  0.06782,  1.50024,  0.19846
4707, 1638,  0.02156, -0.0606, -0.05681,  0.11018,  0.04194,  1.50024,  0.17581
4708, 1639,  0.02436, -0.05854, -0.05864,  0.24159,  0.04307,  1.39887,  0.17725
4709, 1636,  0.02836, -0.05505, -0.0562,  0.24159,  0.0693,  1.39887,  0.20036
4710, 1640,  0.01825, -0.06262, -0.05954,  0.11018,  0.002,  1.50024,  0.15317
4711, 1639,  0.02436, -0.05854, -0.05864,  0.24159,  0.04307,  1.39887,  0.17725
4712, 1638,  0.02156, -0.0606, -0.05681,  0.11018,  0.04194,  1.50024,  0.17581
4713, 1640,  0.01825, -0.06262, -0.05954,  0.11018,  0.002,  1.50024,  0.15317
4714, 1641,  0.01998, -0.06242, -0.06092,  0.24159,  0.002,  1.39887,  0.15317
4715, 1639,  0.02436, -0.05854, -0.05864,  0.24159,  0.04307,  1.39887,  0.17725
4716, 1642,  0.05082, -0.06101,  0.06347,  0.37831,  0.37595,  1.76485,  0.74124
4717, 1643,  0.04708, -0.06225,  0.05533,  0.37831,  0.35078,  1.76485,  0.70897
4718, 1644,  0.05992, -0.0571,  0.05358,  0.47968,  0.35078,  1.66348,  0.70897
4719, 1642,  0.05082, -0.06101,  0.06347,  0.37831,  0.37595,  1.76485,  0.74124
4720, 1644,  0.05992, -0.0571,  0.05358,  0.47968,  0.35078,  1.66348,  0.70897
4721, 1645,  0.06416, -0.0551,  0.06142,  0.47968,  0.37595,  1.66348,  0.74124
4722, 1646,  0.04369, -0.06288,  0.04683,  0.37831,  0.2519,  1.76485,  0.67567
4723, 1644,  0.05992, -0.0571,  0.05358,  0.47968,  0.35078,  1.66348,  0.70897
4724, 1643,  0.04708, -0.06225,  0.05533,  0.37831,  0.35078,  1.76485,  0.70897
4725, 1646,  0.04369, -0.06288,  0.04683,  0.37831,  0.2519,  1.76485,  0.67567
4726, 1647,  0.05585, -0.05835,  0.04561,  0.47968,  0.2519,  1.66348,  0.67567
4727, 1644,  0.05992, -0.0571,  0.05358,  0.47968,  0.35078,  1.66348,  0.70897
4728, 1645,  0.06416, -0.0551,  0.06142,  0.47968,  0.37595,  1.66348,  0.74124
4729, 1648,  0.05421, -0.05961,  0.07079,  0.37831,  0.40082,  1.76485,  0.77311
4730, 1642,  0.05082, -0.06101,  0.06347,  0.37831,  0.37595,  1.76485,  0.74124
4731, 1645,  0.06416, -0.0551,  0.06142,  0.47968,  0.37595,  1.66348,  0.74124
4732, 1649,  0.06765, -0.0532,  0.06894,  0.47968,  0.40082,  1.66348,  0.77311
4733, 1648,  0.05421, -0.05961,  0.07079,  0.37831,  0.40082,  1.76485,  0.77311
4734, 1650,  0.05718, -0.05784,  0.07731,  0.37831,  0.42556,  1.76485,  0.80482
4735, 1648,  0.05421, -0.05961,  0.07079,  0.37831,  0.40082,  1.76485,  0.77311
4736, 1649,  0.06765, -0.0532,  0.06894,  0.47968,  0.40082,  1.66348,  0.77311
4737, 1650,  0.05718, -0.05784,  0.07731,  0.37831,  0.42556,  1.76485,  0.80482
4738, 1649,  0.06765, -0.0532,  0.06894,  0.47968,  0.40082,  1.66348,  0.77311
4739, 1651,  0.07052, -0.05113,  0.07591,  0.47968,  0.42556,  1.66348,  0.80482
4740, 1646,  0.04369, -0.06288,  0.04683,  0.37831,  0.2519,  1.76485,  0.67567
4741, 1652,  0.05279, -0.05761,  0.03764,  0.47968,  0.19692,  1.66348,  0.64069
4742, 1647,  0.05585, -0.05835,  0.04561,  0.47968,  0.2519,  1.66348,  0.67567
4743, 1646,  0.04369, -0.06288,  0.04683,  0.37831,  0.2519,  1.76485,  0.67567
4744, 1653,  0.04131, -0.06207,  0.03839,  0.37831,  0.19692,  1.76485,  0.64069
4745, 1652,  0.05279, -0.05761,  0.03764,  0.47968,  0.19692,  1.66348,  0.64069
4746, 1654,  0.03964, -0.06069,  0.03019,  0.37831,  0.16527,  1.76485,  0.60525
4747, 1652,  0.05279, -0.05761,  0.03764,  0.47968,  0.19692,  1.66348,  0.64069
4748, 1653,  0.04131, -0.06207,  0.03839,  0.37831,  0.19692,  1.76485,  0.64069
4749, 1654,  0.03964, -0.06069,  0.03019,  0.37831,  0.16527,  1.76485,  0.60525
4750, 1655,  0.05052, -0.056,  0.02985,  0.47968,  0.16527,  1.66348,  0.60525
4751, 1652,  0.05279, -0.05761,  0.03764,  0.47968,  0.19692,  1.66348,  0.64069
4752, 1651,  0.07052, -0.05113,  0.07591,  0.47968,  0.42556,  1.66348,  0.80482
4753, 1656,  0.05971, -0.0555,  0.08304,  0.37831,  0.45036,  1.76485,  0.83661
4754, 1650,  0.05718, -0.05784,  0.07731,  0.37831,  0.42556,  1.76485,  0.80482
4755, 1651,  0.07052, -0.05113,  0.07591,  0.47968,  0.42556,  1.66348,  0.80482
4756, 1657,  0.07288, -0.04864,  0.08208,  0.47968,  0.45036,  1.66348,  0.83661
4757, 1656,  0.05971, -0.0555,  0.08304,  0.37831,  0.45036,  1.76485,  0.83661
4758, 1658,  0.06166, -0.0529,  0.0883,  0.37831,  0.47399,  1.76485,  0.8669
4759, 1656,  0.05971, -0.0555,  0.08304,  0.37831,  0.45036,  1.76485,  0.83661
4760, 1657,  0.07288, -0.04864,  0.08208,  0.47968,  0.45036,  1.66348,  0.83661
4761, 1658,  0.06166, -0.0529,  0.0883,  0.37831,  0.47399,  1.76485,  0.8669
4762, 1657,  0.07288, -0.04864,  0.08208,  0.47968,  0.45036,  1.66348,  0.83661
4763, 1659,  0.07453, -0.04597,  0.08779,  0.47968,  0.47399,  1.66348,  0.8669
4764, 1659,  0.07453, -0.04597,  0.08779,  0.47968,  0.47399,  1.66348,  0.8669
4765, 1660,  0.06292, -0.05034,  0.09341,  0.37831,  0.49521,  1.76485,  0.89409
4766, 1658,  0.06166, -0.0529,  0.0883,  0.37831,  0.47399,  1.76485,  0.8669
4767, 1659,  0.07453, -0.04597,  0.08779,  0.47968,  0.47399,  1.66348,  0.8669
4768, 1661,  0.07524, -0.04337,  0.0934,  0.47968,  0.49521,  1.66348,  0.89409
4769, 1660,  0.06292, -0.05034,  0.09341,  0.37831,  0.49521,  1.76485,  0.89409
4770, 1662,  0.07526, -0.04078,  0.09868,  0.47968,  0.52301,  1.66348,  0.91762
4771, 1660,  0.06292, -0.05034,  0.09341,  0.37831,  0.49521,  1.76485,  0.89409
4772, 1661,  0.07524, -0.04337,  0.0934,  0.47968,  0.49521,  1.66348,  0.89409
4773, 1662,  0.07526, -0.04078,  0.09868,  0.47968,  0.52301,  1.66348,  0.91762
4774, 1663,  0.06356, -0.0478,  0.09803,  0.37831,  0.52301,  1.76485,  0.91762
4775, 1660,  0.06292, -0.05034,  0.09341,  0.37831,  0.49521,  1.76485,  0.89409
4776, 1654,  0.03964, -0.06069,  0.03019,  0.37831,  0.16527,  1.76485,  0.60525
4777, 1664,  0.04883, -0.05482,  0.02245,  0.47968,  0.14555,  1.66348,  0.57053
4778, 1655,  0.05052, -0.056,  0.02985,  0.47968,  0.16527,  1.66348,  0.60525
4779, 1654,  0.03964, -0.06069,  0.03019,  0.37831,  0.16527,  1.76485,  0.60525
4780, 1665,  0.03836, -0.05974,  0.02243,  0.37831,  0.14555,  1.76485,  0.57053
4781, 1664,  0.04883, -0.05482,  0.02245,  0.47968,  0.14555,  1.66348,  0.57053
4782, 1666,  0.04754, -0.05377,  0.01523,  0.47968,  0.13199,  1.66348,  0.53673
4783, 1664,  0.04883, -0.05482,  0.02245,  0.47968,  0.14555,  1.66348,  0.57053
4784, 1665,  0.03836, -0.05974,  0.02243,  0.37831,  0.14555,  1.76485,  0.57053
4785, 1666,  0.04754, -0.05377,  0.01523,  0.47968,  0.13199,  1.66348,  0.53673
4786, 1665,  0.03836, -0.05974,  0.02243,  0.37831,  0.14555,  1.76485,  0.57053
4787, 1667,  0.03755, -0.0591,  0.01493,  0.37831,  0.13199,  1.76485,  0.53673
4788, 1667,  0.03755, -0.0591,  0.01493,  0.37831,  0.13199,  1.76485,  0.53673
4789, 1668,  0.04648, -0.05258,  0.00794,  0.47968,  0.11888,  1.66348,  0.50402
4790, 1666,  0.04754, -0.05377,  0.01523,  0.47968,  0.13199,  1.66348,  0.53673
4791, 1667,  0.03755, -0.0591,  0.01493,  0.37831,  0.13199,  1.76485,  0.53673
4792, 1669,  0.03724, -0.05869,  0.00753,  0.37831,  0.11888,  1.76485,  0.50402
4793, 1668,  0.04648, -0.05258,  0.00794,  0.47968,  0.11888,  1.66348,  0.50402
4794, 1670,  0.03731, -0.05816,  0.00032,  0.37831,  0.10601,  1.76485,  0.47191
4795, 1668,  0.04648, -0.05258,  0.00794,  0.47968,  0.11888,  1.66348,  0.50402
4796, 1669,  0.03724, -0.05869,  0.00753,  0.37831,  0.11888,  1.76485,  0.50402
4797, 1670,  0.03731, -0.05816,  0.00032,  0.37831,  0.10601,  1.76485,  0.47191
4798, 1671,  0.04568, -0.05126,  0.00066,  0.47968,  0.10601,  1.66348,  0.47191
4799, 1668,  0.04648, -0.05258,  0.00794,  0.47968,  0.11888,  1.66348,  0.50402
4800, 1670,  0.03731, -0.05816,  0.00032,  0.37831,  0.10601,  1.76485,  0.47191
4801, 1672,  0.0452, -0.04985, -0.0066,  0.47968,  0.09318,  1.66348,  0.43991
4802, 1671,  0.04568, -0.05126,  0.00066,  0.47968,  0.10601,  1.66348,  0.47191
4803, 1670,  0.03731, -0.05816,  0.00032,  0.37831,  0.10601,  1.76485,  0.47191
4804, 1673,  0.0376, -0.05722, -0.00668,  0.37831,  0.09318,  1.76485,  0.43991
4805, 1672,  0.0452, -0.04985, -0.0066,  0.47968,  0.09318,  1.66348,  0.43991
4806, 1674,  0.03788, -0.05609, -0.01363,  0.37831,  0.08189,  1.76485,  0.40904
4807, 1672,  0.0452, -0.04985, -0.0066,  0.47968,  0.09318,  1.66348,  0.43991
4808, 1673,  0.0376, -0.05722, -0.00668,  0.37831,  0.09318,  1.76485,  0.43991
4809, 1674,  0.03788, -0.05609, -0.01363,  0.37831,  0.08189,  1.76485,  0.40904
4810, 1675,  0.0448, -0.0486, -0.0139,  0.47968,  0.08189,  1.66348,  0.40904
4811, 1672,  0.0452, -0.04985, -0.0066,  0.47968,  0.09318,  1.66348,  0.43991
4812, 1675,  0.0448, -0.0486, -0.0139,  0.47968,  0.08189,  1.66348,  0.40904
4813, 1674,  0.03788, -0.05609, -0.01363,  0.37831,  0.08189,  1.76485,  0.40904
4814, 1676,  0.0379, -0.05484, -0.02062,  0.37831,  0.07363,  1.76485,  0.3803
4815, 1675,  0.0448, -0.0486, -0.0139,  0.47968,  0.08189,  1.66348,  0.40904
4816, 1676,  0.0379, -0.05484, -0.02062,  0.37831,  0.07363,  1.76485,  0.3803
4817, 1677,  0.0442, -0.04757, -0.02123,  0.47968,  0.07363,  1.66348,  0.3803
4818, 1678,  0.04329, -0.04697, -0.02826,  0.47968,  0.06654,  1.66348,  0.34813
4819, 1677,  0.0442, -0.04757, -0.02123,  0.47968,  0.07363,  1.66348,  0.3803
4820, 1676,  0.0379, -0.05484, -0.02062,  0.37831,  0.07363,  1.76485,  0.3803
4821, 1678,  0.04329, -0.04697, -0.02826,  0.47968,  0.06654,  1.66348,  0.34813
4822, 1676,  0.0379, -0.05484, -0.02062,  0.37831,  0.07363,  1.76485,  0.3803
4823, 1679,  0.03757, -0.0538, -0.02729,  0.37831,  0.06654,  1.76485,  0.34813
4824, 1678,  0.04329, -0.04697, -0.02826,  0.47968,  0.06654,  1.66348,  0.34813
4825, 1679,  0.03757, -0.0538, -0.02729,  0.37831,  0.06654,  1.76485,  0.34813
4826, 1680,  0.03676, -0.05296, -0.03317,  0.37831,  0.05879,  1.76485,  0.30694
4827, 1678,  0.04329, -0.04697, -0.02826,  0.47968,  0.06654,  1.66348,  0.34813
4828, 1680,  0.03676, -0.05296, -0.03317,  0.37831,  0.05879,  1.76485,  0.30694
4829, 1681,  0.04193, -0.0467, -0.03453,  0.47968,  0.05879,  1.66348,  0.30694
4830, 1682,  0.04006, -0.04676, -0.04016,  0.47968,  0.05137,  1.66348,  0.26916
4831, 1681,  0.04193, -0.0467, -0.03453,  0.47968,  0.05879,  1.66348,  0.30694
4832, 1680,  0.03676, -0.05296, -0.03317,  0.37831,  0.05879,  1.76485,  0.30694
4833, 1682,  0.04006, -0.04676, -0.04016,  0.47968,  0.05137,  1.66348,  0.26916
4834, 1680,  0.03676, -0.05296, -0.03317,  0.37831,  0.05879,  1.76485,  0.30694
4835, 1683,  0.0354, -0.05236, -0.03846,  0.37831,  0.05137,  1.76485,  0.26943
4836, 1683,  0.0354, -0.05236, -0.03846,  0.37831,  0.05137,  1.76485,  0.26943
4837, 1684,  0.03764, -0.04749, -0.04541,  0.47968,  0.04527,  1.66348,  0.24719
4838, 1682,  0.04006, -0.04676, -0.04016,  0.47968,  0.05137,  1.66348,  0.26916
4839, 1683,  0.0354, -0.05236, -0.03846,  0.37831,  0.05137,  1.76485,  0.26943
4840, 1685,  0.03347, -0.05238, -0.04346,  0.37831,  0.04527,  1.76485,  0.24826
4841, 1684,  0.03764, -0.04749, -0.04541,  0.47968,  0.04527,  1.66348,  0.24719
4842, 1686,  0.03111, -0.05307, -0.04788,  0.37831,  0.04002,  1.76485,  0.23185
4843, 1684,  0.03764, -0.04749, -0.04541,  0.47968,  0.04527,  1.66348,  0.24719
4844, 1685,  0.03347, -0.05238, -0.04346,  0.37831,  0.04527,  1.76485,  0.24826
4845, 1686,  0.03111, -0.05307, -0.04788,  0.37831,  0.04002,  1.76485,  0.23185
4846, 1687,  0.03482, -0.04887, -0.04995,  0.47968,  0.04002,  1.66348,  0.23083
4847, 1684,  0.03764, -0.04749, -0.04541,  0.47968,  0.04527,  1.66348,  0.24719
4848, 1688,  0.0599, -0.03483,  0.11135,  0.37831,  0.5736,  1.76485,  0.99407
4849, 1689,  0.06093, -0.03667,  0.11046,  0.37831,  0.56946,  1.76485,  0.98782
4850, 1690,  0.06566, -0.02954,  0.1147,  0.47968,  0.56946,  1.66348,  0.98782
4851, 1688,  0.0599, -0.03483,  0.11135,  0.37831,  0.5736,  1.76485,  0.99407
4852, 1690,  0.06566, -0.02954,  0.1147,  0.47968,  0.56946,  1.66348,  0.98782
4853, 1691,  0.06275, -0.0273,  0.11627,  0.47968,  0.5736,  1.66348,  0.99407
4854, 1692,  0.0619, -0.03857,  0.10924,  0.37831,  0.56408,  1.76485,  0.97969
4855, 1690,  0.06566, -0.02954,  0.1147,  0.47968,  0.56946,  1.66348,  0.98782
4856, 1689,  0.06093, -0.03667,  0.11046,  0.37831,  0.56946,  1.76485,  0.98782
4857, 1692,  0.0619, -0.03857,  0.10924,  0.37831,  0.56408,  1.76485,  0.97969
4858, 1693,  0.06854, -0.03168,  0.11287,  0.47968,  0.56408,  1.66348,  0.97969
4859, 1690,  0.06566, -0.02954,  0.1147,  0.47968,  0.56946,  1.66348,  0.98782
4860, 1692,  0.0619, -0.03857,  0.10924,  0.37831,  0.56408,  1.76485,  0.97969
4861, 1694,  0.07139, -0.03362,  0.11053,  0.47968,  0.55622,  1.66348,  0.9678
4862, 1693,  0.06854, -0.03168,  0.11287,  0.47968,  0.56408,  1.66348,  0.97969
4863, 1692,  0.0619, -0.03857,  0.10924,  0.37831,  0.56408,  1.76485,  0.97969
4864, 1695,  0.06272, -0.04059,  0.10737,  0.37831,  0.55622,  1.76485,  0.9678
4865, 1694,  0.07139, -0.03362,  0.11053,  0.47968,  0.55622,  1.66348,  0.9678
4866, 1696,  0.07367, -0.03567,  0.10746,  0.47968,  0.54655,  1.66348,  0.95319
4867, 1694,  0.07139, -0.03362,  0.11053,  0.47968,  0.55622,  1.66348,  0.9678
4868, 1695,  0.06272, -0.04059,  0.10737,  0.37831,  0.55622,  1.76485,  0.9678
4869, 1696,  0.07367, -0.03567,  0.10746,  0.47968,  0.54655,  1.66348,  0.95319
4870, 1695,  0.06272, -0.04059,  0.10737,  0.37831,  0.55622,  1.76485,  0.9678
4871, 1697,  0.06333, -0.04279,  0.10488,  0.37831,  0.54655,  1.76485,  0.95319
4872, 1697,  0.06333, -0.04279,  0.10488,  0.37831,  0.54655,  1.76485,  0.95319
4873, 1698,  0.07485, -0.03814,  0.10344,  0.47968,  0.53576,  1.66348,  0.93689
4874, 1696,  0.07367, -0.03567,  0.10746,  0.47968,  0.54655,  1.66348,  0.95319
4875, 1697,  0.06333, -0.04279,  0.10488,  0.37831,  0.54655,  1.76485,  0.95319
4876, 1699,  0.06366, -0.04524,  0.10181,  0.37831,  0.53576,  1.76485,  0.93689
4877, 1698,  0.07485, -0.03814,  0.10344,  0.47968,  0.53576,  1.66348,  0.93689
4878, 1662,  0.07526, -0.04078,  0.09868,  0.47968,  0.52301,  1.66348,  0.91762
4879, 1698,  0.07485, -0.03814,  0.10344,  0.47968,  0.53576,  1.66348,  0.93689
4880, 1699,  0.06366, -0.04524,  0.10181,  0.37831,  0.53576,  1.76485,  0.93689
4881, 1662,  0.07526, -0.04078,  0.09868,  0.47968,  0.52301,  1.66348,  0.91762
4882, 1699,  0.06366, -0.04524,  0.10181,  0.37831,  0.53576,  1.76485,  0.93689
4883, 1663,  0.06356, -0.0478,  0.09803,  0.37831,  0.52301,  1.76485,  0.91762
4884, 1700,  0.019, -0.06085, -0.0593,  0.37831,  0.00202,  1.76485,  0.11737
4885, 1701,  0.01955, -0.06052, -0.06099,  0.47968,  0.00202,  1.66348,  0.11737
4886, 1702,  0.02409, -0.05681, -0.0587,  0.47968,  0.02295,  1.66348,  0.152
4887, 1700,  0.019, -0.06085, -0.0593,  0.37831,  0.00202,  1.76485,  0.11737
4888, 1702,  0.02409, -0.05681, -0.0587,  0.47968,  0.02295,  1.66348,  0.152
4889, 1703,  0.02232, -0.05856, -0.05685,  0.37831,  0.02295,  1.76485,  0.14967
4890, 1703,  0.02232, -0.05856, -0.05685,  0.37831,  0.02295,  1.76485,  0.14967
4891, 1702,  0.02409, -0.05681, -0.0587,  0.47968,  0.02295,  1.66348,  0.152
4892, 1704,  0.02828, -0.05346, -0.05624,  0.47968,  0.02971,  1.66348,  0.18378
4893, 1703,  0.02232, -0.05856, -0.05685,  0.37831,  0.02295,  1.76485,  0.14967
4894, 1704,  0.02828, -0.05346, -0.05624,  0.47968,  0.02971,  1.66348,  0.18378
4895, 1705,  0.02551, -0.05639, -0.05426,  0.37831,  0.02971,  1.76485,  0.18056
4896, 1706,  0.01999, -0.07728,  0.0376,  0.66298,  0.08943,  0.67201,  0.2967
4897, 1707,  0.02633, -0.07711,  0.04114,  0.66298,  0.13979,  0.67201,  0.33551
4898, 1708,  0.02197, -0.07633,  0.04603,  0.57433,  0.13979,  0.58781,  0.33551
4899, 1706,  0.01999, -0.07728,  0.0376,  0.66298,  0.08943,  0.67201,  0.2967
4900, 1708,  0.02197, -0.07633,  0.04603,  0.57433,  0.13979,  0.58781,  0.33551
4901, 1709,  0.0162, -0.07699,  0.0421,  0.57433,  0.08943,  0.58781,  0.2967
4902, 1710,  0.03177, -0.07631,  0.04554,  0.66298,  0.19117,  0.67201,  0.37598
4903, 1708,  0.02197, -0.07633,  0.04603,  0.57433,  0.13979,  0.58781,  0.33551
4904, 1707,  0.02633, -0.07711,  0.04114,  0.66298,  0.13979,  0.67201,  0.33551
4905, 1710,  0.03177, -0.07631,  0.04554,  0.66298,  0.19117,  0.67201,  0.37598
4906, 1711,  0.02677, -0.07525,  0.05054,  0.57433,  0.19117,  0.58781,  0.37598
4907, 1708,  0.02197, -0.07633,  0.04603,  0.57433,  0.13979,  0.58781,  0.33551
4908, 1710,  0.03177, -0.07631,  0.04554,  0.66298,  0.19117,  0.67201,  0.37598
4909, 1712,  0.03111, -0.07414,  0.05576,  0.57433,  0.2393,  0.58781,  0.41388
4910, 1711,  0.02677, -0.07525,  0.05054,  0.57433,  0.19117,  0.58781,  0.37598
4911, 1710,  0.03177, -0.07631,  0.04554,  0.66298,  0.19117,  0.67201,  0.37598
4912, 1713,  0.03677, -0.075,  0.05084,  0.66298,  0.2393,  0.67201,  0.41388
4913, 1712,  0.03111, -0.07414,  0.05576,  0.57433,  0.2393,  0.58781,  0.41388
4914, 1714,  0.04138, -0.07331,  0.05674,  0.66298,  0.2867,  0.67201,  0.45122
4915, 1712,  0.03111, -0.07414,  0.05576,  0.57433,  0.2393,  0.58781,  0.41388
4916, 1713,  0.03677, -0.075,  0.05084,  0.66298,  0.2393,  0.67201,  0.41388
4917, 1714,  0.04138, -0.07331,  0.05674,  0.66298,  0.2867,  0.67201,  0.45122
4918, 1715,  0.03505, -0.07295,  0.06147,  0.57433,  0.2867,  0.58781,  0.45122
4919, 1712,  0.03111, -0.07414,  0.05576,  0.57433,  0.2393,  0.58781,  0.41388
4920, 1714,  0.04138, -0.07331,  0.05674,  0.66298,  0.2867,  0.67201,  0.45122
4921, 1716,  0.03865, -0.0716,  0.06742,  0.57433,  0.3359,  0.58781,  0.48996
4922, 1715,  0.03505, -0.07295,  0.06147,  0.57433,  0.2867,  0.58781,  0.45122
4923, 1714,  0.04138, -0.07331,  0.05674,  0.66298,  0.2867,  0.67201,  0.45122
4924, 1717,  0.04564, -0.07136,  0.06292,  0.66298,  0.3359,  0.67201,  0.48996
4925, 1716,  0.03865, -0.0716,  0.06742,  0.57433,  0.3359,  0.58781,  0.48996
4926, 1718,  0.04969, -0.06931,  0.06911,  0.66298,  0.38524,  0.67201,  0.52882
4927, 1716,  0.03865, -0.0716,  0.06742,  0.57433,  0.3359,  0.58781,  0.48996
4928, 1717,  0.04564, -0.07136,  0.06292,  0.66298,  0.3359,  0.67201,  0.48996
4929, 1718,  0.04969, -0.06931,  0.06911,  0.66298,  0.38524,  0.67201,  0.52882
4930, 1719,  0.04198, -0.07006,  0.0733,  0.57433,  0.38524,  0.58781,  0.52882
4931, 1716,  0.03865, -0.0716,  0.06742,  0.57433,  0.3359,  0.58781,  0.48996
4932, 1709,  0.0162, -0.07699,  0.0421,  0.57433,  0.08943,  0.58781,  0.2967
4933, 1720,  0.01228, -0.07668,  0.03489,  0.66298,  0.0444,  0.67201,  0.26375
4934, 1706,  0.01999, -0.07728,  0.0376,  0.66298,  0.08943,  0.67201,  0.2967
4935, 1709,  0.0162, -0.07699,  0.0421,  0.57433,  0.08943,  0.58781,  0.2967
4936, 1721,  0.00895, -0.07686,  0.03863,  0.57433,  0.0444,  0.58781,  0.26375
4937, 1720,  0.01228, -0.07668,  0.03489,  0.66298,  0.0444,  0.67201,  0.26375
4938, 1722,  0.00097, -0.07632,  0.03539,  0.57433,  0.00202,  0.58781,  0.23374
4939, 1720,  0.01228, -0.07668,  0.03489,  0.66298,  0.0444,  0.67201,  0.26375
4940, 1721,  0.00895, -0.07686,  0.03863,  0.57433,  0.0444,  0.58781,  0.26375
4941, 1722,  0.00097, -0.07632,  0.03539,  0.57433,  0.00202,  0.58781,  0.23374
4942, 1723,  0.00389, -0.07571,  0.03259,  0.66298,  0.00202,  0.67201,  0.23374
4943, 1720,  0.01228, -0.07668,  0.03489,  0.66298,  0.0444,  0.67201,  0.26375
4944, 1718,  0.04969, -0.06931,  0.06911,  0.66298,  0.38524,  0.67201,  0.52882
4945, 1724,  0.04512, -0.06833,  0.0788,  0.57433,  0.43306,  0.58781,  0.56649
4946, 1719,  0.04198, -0.07006,  0.0733,  0.57433,  0.38524,  0.58781,  0.52882
4947, 1718,  0.04969, -0.06931,  0.06911,  0.66298,  0.38524,  0.67201,  0.52882
4948, 1725,  0.0537, -0.06734,  0.07499,  0.66298,  0.43306,  0.67201,  0.56649
4949, 1724,  0.04512, -0.06833,  0.0788,  0.57433,  0.43306,  0.58781,  0.56649
4950, 1726,  0.05736, -0.06538,  0.08052,  0.66298,  0.48277,  0.67201,  0.60563
4951, 1724,  0.04512, -0.06833,  0.0788,  0.57433,  0.43306,  0.58781,  0.56649
4952, 1725,  0.0537, -0.06734,  0.07499,  0.66298,  0.43306,  0.67201,  0.56649
4953, 1726,  0.05736, -0.06538,  0.08052,  0.66298,  0.48277,  0.67201,  0.60563
4954, 1727,  0.04808, -0.0666,  0.08398,  0.57433,  0.48277,  0.58781,  0.60563
4955, 1724,  0.04512, -0.06833,  0.0788,  0.57433,  0.43306,  0.58781,  0.56649
4956, 1726,  0.05736, -0.06538,  0.08052,  0.66298,  0.48277,  0.67201,  0.60563
4957, 1728,  0.05083, -0.06509,  0.08892,  0.57433,  0.53776,  0.58781,  0.64894
4958, 1727,  0.04808, -0.0666,  0.08398,  0.57433,  0.48277,  0.58781,  0.60563
4959, 1726,  0.05736, -0.06538,  0.08052,  0.66298,  0.48277,  0.67201,  0.60563
4960, 1729,  0.06038, -0.06337,  0.08569,  0.66298,  0.53776,  0.67201,  0.64894
4961, 1728,  0.05083, -0.06509,  0.08892,  0.57433,  0.53776,  0.58781,  0.64894
4962, 1730,  0.063, -0.06128,  0.09076,  0.66298,  0.59306,  0.67201,  0.6925
4963, 1728,  0.05083, -0.06509,  0.08892,  0.57433,  0.53776,  0.58781,  0.64894
4964, 1729,  0.06038, -0.06337,  0.08569,  0.66298,  0.53776,  0.67201,  0.64894
4965, 1730,  0.063, -0.06128,  0.09076,  0.66298,  0.59306,  0.67201,  0.6925
4966, 1731,  0.05351, -0.06366,  0.09384,  0.57433,  0.59306,  0.58781,  0.6925
4967, 1728,  0.05083, -0.06509,  0.08892,  0.57433,  0.53776,  0.58781,  0.64894
4968, 1730,  0.063, -0.06128,  0.09076,  0.66298,  0.59306,  0.67201,  0.6925
4969, 1732,  0.05622, -0.06216,  0.09897,  0.57433,  0.64372,  0.58781,  0.7324
4970, 1731,  0.05351, -0.06366,  0.09384,  0.57433,  0.59306,  0.58781,  0.6925
4971, 1730,  0.063, -0.06128,  0.09076,  0.66298,  0.59306,  0.67201,  0.6925
4972, 1733,  0.06546, -0.05908,  0.09601,  0.66298,  0.64372,  0.67201,  0.7324
4973, 1732,  0.05622, -0.06216,  0.09897,  0.57433,  0.64372,  0.58781,  0.7324
4974, 1734,  0.06745, -0.05637,  0.10113,  0.66298,  0.68851,  0.67201,  0.76767
4975, 1732,  0.05622, -0.06216,  0.09897,  0.57433,  0.64372,  0.58781,  0.7324
4976, 1733,  0.06546, -0.05908,  0.09601,  0.66298,  0.64372,  0.67201,  0.7324
4977, 1734,  0.06745, -0.05637,  0.10113,  0.66298,  0.68851,  0.67201,  0.76767
4978, 1735,  0.05854, -0.06018,  0.10423,  0.57433,  0.68851,  0.58781,  0.76767
4979, 1732,  0.05622, -0.06216,  0.09897,  0.57433,  0.64372,  0.58781,  0.7324
4980, 1734,  0.06745, -0.05637,  0.10113,  0.66298,  0.68851,  0.67201,  0.76767
4981, 1736,  0.06003, -0.05731,  0.10953,  0.57433,  0.72618,  0.58781,  0.79734
4982, 1735,  0.05854, -0.06018,  0.10423,  0.57433,  0.68851,  0.58781,  0.76767
4983, 1734,  0.06745, -0.05637,  0.10113,  0.66298,  0.68851,  0.67201,  0.76767
4984, 1737,  0.06868, -0.05272,  0.10577,  0.66298,  0.72618,  0.67201,  0.79734
4985, 1736,  0.06003, -0.05731,  0.10953,  0.57433,  0.72618,  0.58781,  0.79734
4986, 1738,  0.06093, -0.0532,  0.11473,  0.57433,  0.75861,  0.58781,  0.82288
4987, 1736,  0.06003, -0.05731,  0.10953,  0.57433,  0.72618,  0.58781,  0.79734
4988, 1737,  0.06868, -0.05272,  0.10577,  0.66298,  0.72618,  0.67201,  0.79734
4989, 1738,  0.06093, -0.0532,  0.11473,  0.57433,  0.75861,  0.58781,  0.82288
4990, 1737,  0.06868, -0.05272,  0.10577,  0.66298,  0.72618,  0.67201,  0.79734
4991, 1739,  0.06936, -0.04828,  0.1103,  0.66298,  0.75861,  0.67201,  0.82288
4992, 1739,  0.06936, -0.04828,  0.1103,  0.66298,  0.75861,  0.67201,  0.82288
4993, 1740,  0.06147, -0.04752,  0.11971,  0.57433,  0.78765,  0.58781,  0.84575
4994, 1738,  0.06093, -0.0532,  0.11473,  0.57433,  0.75861,  0.58781,  0.82288
4995, 1739,  0.06936, -0.04828,  0.1103,  0.66298,  0.75861,  0.67201,  0.82288
4996, 1741,  0.06975, -0.04321,  0.11504,  0.66298,  0.78765,  0.67201,  0.84575
4997, 1740,  0.06147, -0.04752,  0.11971,  0.57433,  0.78765,  0.58781,  0.84575
4998, 1742,  0.06178, -0.04069,  0.12393,  0.57433,  0.81265,  0.58781,  0.86544
4999, 1740,  0.06147, -0.04752,  0.11971,  0.57433,  0.78765,  0.58781,  0.84575
5000, 1741,  0.06975, -0.04321,  0.11504,  0.66298,  0.78765,  0.67201,  0.84575
5001, 1742,  0.06178, -0.04069,  0.12393,  0.57433,  0.81265,  0.58781,  0.86544
5002, 1741,  0.06975, -0.04321,  0.11504,  0.66298,  0.78765,  0.67201,  0.84575
5003, 1743,  0.06989, -0.03755,  0.11938,  0.66298,  0.81265,  0.67201,  0.86544
5004, 1743,  0.06989, -0.03755,  0.11938,  0.66298,  0.81265,  0.67201,  0.86544
5005, 1744,  0.06199, -0.03312,  0.12687,  0.57433,  0.83292,  0.58781,  0.8814
5006, 1742,  0.06178, -0.04069,  0.12393,  0.57433,  0.81265,  0.58781,  0.86544
5007, 1743,  0.06989, -0.03755,  0.11938,  0.66298,  0.81265,  0.67201,  0.86544
5008, 1745,  0.06985, -0.03138,  0.12268,  0.66298,  0.83292,  0.67201,  0.8814
5009, 1744,  0.06199, -0.03312,  0.12687,  0.57433,  0.83292,  0.58781,  0.8814
5010, 1746,  0.06238, -0.02548,  0.12861,  0.57433,  0.85039,  0.58781,  0.89516
5011, 1744,  0.06199, -0.03312,  0.12687,  0.57433,  0.83292,  0.58781,  0.8814
5012, 1745,  0.06985, -0.03138,  0.12268,  0.66298,  0.83292,  0.67201,  0.8814
5013, 1746,  0.06238, -0.02548,  0.12861,  0.57433,  0.85039,  0.58781,  0.89516
5014, 1745,  0.06985, -0.03138,  0.12268,  0.66298,  0.83292,  0.67201,  0.8814
5015, 1747,  0.06987, -0.02476,  0.12483,  0.66298,  0.85039,  0.67201,  0.89516
5016, 1747,  0.06987, -0.02476,  0.12483,  0.66298,  0.85039,  0.67201,  0.89516
5017, 1748,  0.06322, -0.01846,  0.12923,  0.57433,  0.867,  0.58781,  0.90824
5018, 1746,  0.06238, -0.02548,  0.12861,  0.57433,  0.85039,  0.58781,  0.89516
5019, 1747,  0.06987, -0.02476,  0.12483,  0.66298,  0.85039,  0.67201,  0.89516
5020, 1749,  0.07019, -0.01777,  0.12573,  0.66298,  0.867,  0.67201,  0.90824
5021, 1748,  0.06322, -0.01846,  0.12923,  0.57433,  0.867,  0.58781,  0.90824
5022, 1750,  0.0641, -0.01278,  0.12887,  0.57433,  0.89305,  0.58781,  0.92397
5023, 1748,  0.06322, -0.01846,  0.12923,  0.57433,  0.867,  0.58781,  0.90824
5024, 1749,  0.07019, -0.01777,  0.12573,  0.66298,  0.867,  0.67201,  0.90824
5025, 1750,  0.0641, -0.01278,  0.12887,  0.57433,  0.89305,  0.58781,  0.92397
5026, 1749,  0.07019, -0.01777,  0.12573,  0.66298,  0.867,  0.67201,  0.90824
5027, 1751,  0.0706, -0.01194,  0.12563,  0.66298,  0.89305,  0.67201,  0.92397
5028, 1751,  0.0706, -0.01194,  0.12563,  0.66298,  0.89305,  0.67201,  0.92397
5029, 1752,  0.06459, -0.00914,  0.12769,  0.57433,  0.93887,  0.58781,  0.94569
5030, 1750,  0.0641, -0.01278,  0.12887,  0.57433,  0.89305,  0.58781,  0.92397
5031, 1751,  0.0706, -0.01194,  0.12563,  0.66298,  0.89305,  0.67201,  0.92397
5032, 1753,  0.0709, -0.00879,  0.12479,  0.66298,  0.93887,  0.67201,  0.94569
5033, 1752,  0.06459, -0.00914,  0.12769,  0.57433,  0.93887,  0.58781,  0.94569
5034, 1754,  0.07115, -0.00698,  0.12357,  0.66298,  0.99457,  0.67201,  0.9704
5035, 1752,  0.06459, -0.00914,  0.12769,  0.57433,  0.93887,  0.58781,  0.94569
5036, 1753,  0.0709, -0.00879,  0.12479,  0.66298,  0.93887,  0.67201,  0.94569
5037, 1754,  0.07115, -0.00698,  0.12357,  0.66298,  0.99457,  0.67201,  0.9704
5038, 1755,  0.06488, -0.00653,  0.1261,  0.57433,  0.99457,  0.58781,  0.9704
5039, 1752,  0.06459, -0.00914,  0.12769,  0.57433,  0.93887,  0.58781,  0.94569
5040, 1756, -0.00515,  0.09315,  0.03279,  0.55121,  0.00202,  1.82843,  0.32444
5041, 1757,  0.00124,  0.08895,  0.03403,  0.55121,  0.07211,  1.82843,  0.37603
5042, 1758,  0.00186,  0.0884,  0.03075,  0.65559,  0.07211,  1.93281,  0.37603
5043, 1756, -0.00515,  0.09315,  0.03279,  0.55121,  0.00202,  1.82843,  0.32444
5044, 1758,  0.00186,  0.0884,  0.03075,  0.65559,  0.07211,  1.93281,  0.37603
5045, 1759, -0.00475,  0.09305,  0.0296,  0.65559,  0.00202,  1.93281,  0.32444
5046, 1760,  0.00788,  0.08508,  0.03589,  0.55121,  0.13525,  1.82843,  0.42304
5047, 1758,  0.00186,  0.0884,  0.03075,  0.65559,  0.07211,  1.93281,  0.37603
5048, 1757,  0.00124,  0.08895,  0.03403,  0.55121,  0.07211,  1.82843,  0.37603
5049, 1760,  0.00788,  0.08508,  0.03589,  0.55121,  0.13525,  1.82843,  0.42304
5050, 1761,  0.00862,  0.08402,  0.03227,  0.65559,  0.13525,  1.93281,  0.42304
5051, 1758,  0.00186,  0.0884,  0.03075,  0.65559,  0.07211,  1.93281,  0.37603
5052, 1761,  0.00862,  0.08402,  0.03227,  0.65559,  0.13525,  1.93281,  0.42304
5053, 1760,  0.00788,  0.08508,  0.03589,  0.55121,  0.13525,  1.82843,  0.42304
5054, 1762,  0.01504,  0.08187,  0.039,  0.55121,  0.18445,  1.82843,  0.46089
5055, 1761,  0.00862,  0.08402,  0.03227,  0.65559,  0.13525,  1.93281,  0.42304
5056, 1762,  0.01504,  0.08187,  0.039,  0.55121,  0.18445,  1.82843,  0.46089
5057, 1763,  0.01568,  0.08015,  0.03453,  0.65559,  0.18445,  1.93281,  0.46089
5058, 1763,  0.01568,  0.08015,  0.03453,  0.65559,  0.18445,  1.93281,  0.46089
5059, 1762,  0.01504,  0.08187,  0.039,  0.55121,  0.18445,  1.82843,  0.46089
5060, 1764,  0.02235,  0.07909,  0.0432,  0.55121,  0.22619,  1.82843,  0.49375
5061, 1763,  0.01568,  0.08015,  0.03453,  0.65559,  0.18445,  1.93281,  0.46089
5062, 1764,  0.02235,  0.07909,  0.0432,  0.55121,  0.22619,  1.82843,  0.49375
5063, 1765,  0.0228,  0.07681,  0.0376,  0.65559,  0.22619,  1.93281,  0.49375
5064, 1765,  0.0228,  0.07681,  0.0376,  0.65559,  0.22619,  1.93281,  0.49375
5065, 1764,  0.02235,  0.07909,  0.0432,  0.55121,  0.22619,  1.82843,  0.49375
5066, 1766,  0.02946,  0.07651,  0.04832,  0.55121,  0.26689,  1.82843,  0.52581
5067, 1765,  0.0228,  0.07681,  0.0376,  0.65559,  0.22619,  1.93281,  0.49375
5068, 1766,  0.02946,  0.07651,  0.04832,  0.55121,  0.26689,  1.82843,  0.52581
5069, 1767,  0.02976,  0.07397,  0.0415,  0.65559,  0.26689,  1.93281,  0.52581
5070, 1767,  0.02976,  0.07397,  0.0415,  0.65559,  0.26689,  1.93281,  0.52581
5071, 1766,  0.02946,  0.07651,  0.04832,  0.55121,  0.26689,  1.82843,  0.52581
5072, 1768,  0.03561,  0.07419,  0.05413,  0.55121,  0.30499,  1.82843,  0.55581
5073, 1767,  0.02976,  0.07397,  0.0415,  0.65559,  0.26689,  1.93281,  0.52581
5074, 1768,  0.03561,  0.07419,  0.05413,  0.55121,  0.30499,  1.82843,  0.55581
5075, 1769,  0.03588,  0.07156,  0.0461,  0.65559,  0.30499,  1.93281,  0.55581
5076, 1768,  0.03561,  0.07419,  0.05413,  0.55121,  0.30499,  1.82843,  0.55581
5077, 1770,  0.04062,  0.0695,  0.05115,  0.65559,  0.3389,  1.93281,  0.58253
5078, 1769,  0.03588,  0.07156,  0.0461,  0.65559,  0.30499,  1.93281,  0.55581
5079, 1768,  0.03561,  0.07419,  0.05413,  0.55121,  0.30499,  1.82843,  0.55581
5080, 1771,  0.04006,  0.07218,  0.06039,  0.55121,  0.3389,  1.82843,  0.58253
5081, 1770,  0.04062,  0.0695,  0.05115,  0.65559,  0.3389,  1.93281,  0.58253
5082, 1772,  0.0449,  0.06773,  0.0563,  0.65559,  0.37011,  1.93281,  0.6071
5083, 1770,  0.04062,  0.0695,  0.05115,  0.65559,  0.3389,  1.93281,  0.58253
5084, 1771,  0.04006,  0.07218,  0.06039,  0.55121,  0.3389,  1.82843,  0.58253
5085, 1772,  0.0449,  0.06773,  0.0563,  0.65559,  0.37011,  1.93281,  0.6071
5086, 1771,  0.04006,  0.07218,  0.06039,  0.55121,  0.3389,  1.82843,  0.58253
5087, 1773,  0.04357,  0.0706,  0.06628,  0.55121,  0.37011,  1.82843,  0.6071
5088, 1772,  0.0449,  0.06773,  0.0563,  0.65559,  0.37011,  1.93281,  0.6071
5089, 1773,  0.04357,  0.0706,  0.06628,  0.55121,  0.37011,  1.82843,  0.6071
5090, 1774,  0.0469,  0.06955,  0.07095,  0.55121,  0.40007,  1.82843,  0.6307
5091, 1772,  0.0449,  0.06773,  0.0563,  0.65559,  0.37011,  1.93281,  0.6071
5092, 1774,  0.0469,  0.06955,  0.07095,  0.55121,  0.40007,  1.82843,  0.6307
5093, 1775,  0.04964,  0.06622,  0.06119,  0.65559,  0.40007,  1.93281,  0.6307
5094, 1775,  0.04964,  0.06622,  0.06119,  0.65559,  0.40007,  1.93281,  0.6307
5095, 1774,  0.0469,  0.06955,  0.07095,  0.55121,  0.40007,  1.82843,  0.6307
5096, 1776,  0.04989,  0.06863,  0.07498,  0.55121,  0.43365,  1.82843,  0.65715
5097, 1775,  0.04964,  0.06622,  0.06119,  0.65559,  0.40007,  1.93281,  0.6307
5098, 1776,  0.04989,  0.06863,  0.07498,  0.55121,  0.43365,  1.82843,  0.65715
5099, 1777,  0.05463,  0.06449,  0.06659,  0.65559,  0.43365,  1.93281,  0.65715
5100, 1776,  0.04989,  0.06863,  0.07498,  0.55121,  0.43365,  1.82843,  0.65715
5101, 1778,  0.05968,  0.06207,  0.07329,  0.65559,  0.4757,  1.93281,  0.69026
5102, 1777,  0.05463,  0.06449,  0.06659,  0.65559,  0.43365,  1.93281,  0.65715
5103, 1776,  0.04989,  0.06863,  0.07498,  0.55121,  0.43365,  1.82843,  0.65715
5104, 1779,  0.05234,  0.0674,  0.07898,  0.55121,  0.4757,  1.82843,  0.69026
5105, 1778,  0.05968,  0.06207,  0.07329,  0.65559,  0.4757,  1.93281,  0.69026
5106, 1780,  0.0545,  0.06568,  0.08319,  0.55121,  0.52017,  1.82843,  0.72528
5107, 1778,  0.05968,  0.06207,  0.07329,  0.65559,  0.4757,  1.93281,  0.69026
5108, 1779,  0.05234,  0.0674,  0.07898,  0.55121,  0.4757,  1.82843,  0.69026
5109, 1780,  0.0545,  0.06568,  0.08319,  0.55121,  0.52017,  1.82843,  0.72528
5110, 1781,  0.06414,  0.05945,  0.08015,  0.65559,  0.52017,  1.93281,  0.72528
5111, 1778,  0.05968,  0.06207,  0.07329,  0.65559,  0.4757,  1.93281,  0.69026
5112, 1781,  0.06414,  0.05945,  0.08015,  0.65559,  0.52017,  1.93281,  0.72528
5113, 1780,  0.0545,  0.06568,  0.08319,  0.55121,  0.52017,  1.82843,  0.72528
5114, 1782,  0.05661,  0.06327,  0.08787,  0.55121,  0.56103,  1.82843,  0.75746
5115, 1781,  0.06414,  0.05945,  0.08015,  0.65559,  0.52017,  1.93281,  0.72528
5116, 1782,  0.05661,  0.06327,  0.08787,  0.55121,  0.56103,  1.82843,  0.75746
5117, 1783,  0.06735,  0.05708,  0.086,  0.65559,  0.56103,  1.93281,  0.75746
5118, 1783,  0.06735,  0.05708,  0.086,  0.65559,  0.56103,  1.93281,  0.75746
5119, 1782,  0.05661,  0.06327,  0.08787,  0.55121,  0.56103,  1.82843,  0.75746
5120, 1784,  0.0584,  0.0604,  0.09268,  0.55121,  0.59864,  1.82843,  0.78709
5121, 1783,  0.06735,  0.05708,  0.086,  0.65559,  0.56103,  1.93281,  0.75746
5122, 1784,  0.0584,  0.0604,  0.09268,  0.55121,  0.59864,  1.82843,  0.78709
5123, 1785,  0.06967,  0.0546,  0.09121,  0.65559,  0.59864,  1.93281,  0.78709
5124, 1785,  0.06967,  0.0546,  0.09121,  0.65559,  0.59864,  1.93281,  0.78709
5125, 1784,  0.0584,  0.0604,  0.09268,  0.55121,  0.59864,  1.82843,  0.78709
5126, 1786,  0.05962,  0.05728,  0.09723,  0.55121,  0.63339,  1.82843,  0.81445
5127, 1785,  0.06967,  0.0546,  0.09121,  0.65559,  0.59864,  1.93281,  0.78709
5128, 1786,  0.05962,  0.05728,  0.09723,  0.55121,  0.63339,  1.82843,  0.81445
5129, 1787,  0.07144,  0.05164,  0.09614,  0.65559,  0.63339,  1.93281,  0.81445
5130, 1787,  0.07144,  0.05164,  0.09614,  0.65559,  0.63339,  1.93281,  0.81445
5131, 1786,  0.05962,  0.05728,  0.09723,  0.55121,  0.63339,  1.82843,  0.81445
5132, 1788,  0.06032,  0.05397,  0.10161,  0.55121,  0.66532,  1.82843,  0.8396
5133, 1787,  0.07144,  0.05164,  0.09614,  0.65559,  0.63339,  1.93281,  0.81445
5134, 1788,  0.06032,  0.05397,  0.10161,  0.55121,  0.66532,  1.82843,  0.8396
5135, 1789,  0.07253,  0.04837,  0.10077,  0.65559,  0.66532,  1.93281,  0.8396
5136, 1788,  0.06032,  0.05397,  0.10161,  0.55121,  0.66532,  1.82843,  0.8396
5137, 1790,  0.07278,  0.04497,  0.10506,  0.65559,  0.69451,  1.93281,  0.86259
5138, 1789,  0.07253,  0.04837,  0.10077,  0.65559,  0.66532,  1.93281,  0.8396
5139, 1788,  0.06032,  0.05397,  0.10161,  0.55121,  0.66532,  1.82843,  0.8396
5140, 1791,  0.06052,  0.05052,  0.10592,  0.55121,  0.69451,  1.82843,  0.86259
5141, 1790,  0.07278,  0.04497,  0.10506,  0.65559,  0.69451,  1.93281,  0.86259
5142, 1792,  0.06051,  0.04706,  0.1099,  0.55121,  0.72109,  1.82843,  0.88352
5143, 1790,  0.07278,  0.04497,  0.10506,  0.65559,  0.69451,  1.93281,  0.86259
5144, 1791,  0.06052,  0.05052,  0.10592,  0.55121,  0.69451,  1.82843,  0.86259
5145, 1792,  0.06051,  0.04706,  0.1099,  0.55121,  0.72109,  1.82843,  0.88352
5146, 1793,  0.07236,  0.04166,  0.10864,  0.65559,  0.72109,  1.93281,  0.88352
5147, 1790,  0.07278,  0.04497,  0.10506,  0.65559,  0.69451,  1.93281,  0.86259
5148, 1792,  0.06051,  0.04706,  0.1099,  0.55121,  0.72109,  1.82843,  0.88352
5149, 1794,  0.07145,  0.03866,  0.11113,  0.65559,  0.74519,  1.93281,  0.90251
5150, 1793,  0.07236,  0.04166,  0.10864,  0.65559,  0.72109,  1.93281,  0.88352
5151, 1792,  0.06051,  0.04706,  0.1099,  0.55121,  0.72109,  1.82843,  0.88352
5152, 1795,  0.06053,  0.04373,  0.11331,  0.55121,  0.74519,  1.82843,  0.90251
5153, 1794,  0.07145,  0.03866,  0.11113,  0.65559,  0.74519,  1.93281,  0.90251
5154, 1796,  0.06044,  0.04027,  0.11624,  0.55121,  0.76892,  1.82843,  0.92119
5155, 1794,  0.07145,  0.03866,  0.11113,  0.65559,  0.74519,  1.93281,  0.90251
5156, 1795,  0.06053,  0.04373,  0.11331,  0.55121,  0.74519,  1.82843,  0.90251
5157, 1796,  0.06044,  0.04027,  0.11624,  0.55121,  0.76892,  1.82843,  0.92119
5158, 1797,  0.07021,  0.03554,  0.11305,  0.65559,  0.76892,  1.93281,  0.92119
5159, 1794,  0.07145,  0.03866,  0.11113,  0.65559,  0.74519,  1.93281,  0.90251
5160, 1797,  0.07021,  0.03554,  0.11305,  0.65559,  0.76892,  1.93281,  0.92119
5161, 1796,  0.06044,  0.04027,  0.11624,  0.55121,  0.76892,  1.82843,  0.92119
5162, 1798,  0.06011,  0.03644,  0.11877,  0.55121,  0.79437,  1.82843,  0.94124
5163, 1797,  0.07021,  0.03554,  0.11305,  0.65559,  0.76892,  1.93281,  0.92119
5164, 1798,  0.06011,  0.03644,  0.11877,  0.55121,  0.79437,  1.82843,  0.94124
5165, 1799,  0.06882,  0.0319,  0.11491,  0.65559,  0.79437,  1.93281,  0.94124
5166, 1799,  0.06882,  0.0319,  0.11491,  0.65559,  0.79437,  1.93281,  0.94124
5167, 1798,  0.06011,  0.03644,  0.11877,  0.55121,  0.79437,  1.82843,  0.94124
5168, 1800,  0.05966,  0.03241,  0.12109,  0.55121,  0.82067,  1.82843,  0.96195
5169, 1799,  0.06882,  0.0319,  0.11491,  0.65559,  0.79437,  1.93281,  0.94124
5170, 1800,  0.05966,  0.03241,  0.12109,  0.55121,  0.82067,  1.82843,  0.96195
5171, 1801,  0.06736,  0.028,  0.11674,  0.65559,  0.82067,  1.93281,  0.96195
5172, 1802,  0.09068,  0.04178,  0.09021,  0.33755,  0.66342,  0.46785,  0.70279
5173, 1803,  0.09112,  0.03865,  0.09543,  0.33755,  0.6923,  0.46785,  0.7326
5174, 1804,  0.09291,  0.03355,  0.09143,  0.2642,  0.6923,  0.51853,  0.7326
5175, 1802,  0.09068,  0.04178,  0.09021,  0.33755,  0.66342,  0.46785,  0.70279
5176, 1804,  0.09291,  0.03355,  0.09143,  0.2642,  0.6923,  0.51853,  0.7326
5177, 1805,  0.09297,  0.03647,  0.08611,  0.2642,  0.66342,  0.51853,  0.70279
5178, 1806,  0.09064,  0.03527,  0.10037,  0.33755,  0.72065,  0.46785,  0.76187
5179, 1804,  0.09291,  0.03355,  0.09143,  0.2642,  0.6923,  0.51853,  0.7326
5180, 1803,  0.09112,  0.03865,  0.09543,  0.33755,  0.6923,  0.46785,  0.7326
5181, 1806,  0.09064,  0.03527,  0.10037,  0.33755,  0.72065,  0.46785,  0.76187
5182, 1807,  0.09221,  0.03035,  0.09664,  0.2642,  0.72065,  0.51853,  0.76187
5183, 1804,  0.09291,  0.03355,  0.09143,  0.2642,  0.6923,  0.51853,  0.7326
5184, 1802,  0.09068,  0.04178,  0.09021,  0.33755,  0.66342,  0.46785,  0.70279
5185, 1805,  0.09297,  0.03647,  0.08611,  0.2642,  0.66342,  0.51853,  0.70279
5186, 1808,  0.09274,  0.03931,  0.0806,  0.2642,  0.63454,  0.51853,  0.67299
5187, 1802,  0.09068,  0.04178,  0.09021,  0.33755,  0.66342,  0.46785,  0.70279
5188, 1808,  0.09274,  0.03931,  0.0806,  0.2642,  0.63454,  0.51853,  0.67299
5189, 1809,  0.08968,  0.04461,  0.08475,  0.33755,  0.63454,  0.46785,  0.67299
5190, 1809,  0.08968,  0.04461,  0.08475,  0.33755,  0.63454,  0.46785,  0.67299
5191, 1808,  0.09274,  0.03931,  0.0806,  0.2642,  0.63454,  0.51853,  0.67299
5192, 1810,  0.09225,  0.04202,  0.07501,  0.2642,  0.60552,  0.51853,  0.64303
5193, 1809,  0.08968,  0.04461,  0.08475,  0.33755,  0.63454,  0.46785,  0.67299
5194, 1810,  0.09225,  0.04202,  0.07501,  0.2642,  0.60552,  0.51853,  0.64303
5195, 1811,  0.08819,  0.04714,  0.07905,  0.33755,  0.60552,  0.46785,  0.64303
5196, 1811,  0.08819,  0.04714,  0.07905,  0.33755,  0.60552,  0.46785,  0.64303
5197, 1810,  0.09225,  0.04202,  0.07501,  0.2642,  0.60552,  0.51853,  0.64303
5198, 1812,  0.0915,  0.04457,  0.06946,  0.2642,  0.57619,  0.51853,  0.61275
5199, 1811,  0.08819,  0.04714,  0.07905,  0.33755,  0.60552,  0.46785,  0.64303
5200, 1812,  0.0915,  0.04457,  0.06946,  0.2642,  0.57619,  0.51853,  0.61275
5201, 1813,  0.08631,  0.04936,  0.07309,  0.33755,  0.57619,  0.46785,  0.61275
5202, 1813,  0.08631,  0.04936,  0.07309,  0.33755,  0.57619,  0.46785,  0.61275
5203, 1812,  0.0915,  0.04457,  0.06946,  0.2642,  0.57619,  0.51853,  0.61275
5204, 1814,  0.09022,  0.04699,  0.06375,  0.2642,  0.54703,  0.51853,  0.58265
5205, 1813,  0.08631,  0.04936,  0.07309,  0.33755,  0.57619,  0.46785,  0.61275
5206, 1814,  0.09022,  0.04699,  0.06375,  0.2642,  0.54703,  0.51853,  0.58265
5207, 1815,  0.08418,  0.05144,  0.06686,  0.33755,  0.54703,  0.46785,  0.58265
5208, 1815,  0.08418,  0.05144,  0.06686,  0.33755,  0.54703,  0.46785,  0.58265
5209, 1814,  0.09022,  0.04699,  0.06375,  0.2642,  0.54703,  0.51853,  0.58265
5210, 1816,  0.08813,  0.04933,  0.05765,  0.2642,  0.51853,  0.51853,  0.55322
5211, 1815,  0.08418,  0.05144,  0.06686,  0.33755,  0.54703,  0.46785,  0.58265
5212, 1816,  0.08813,  0.04933,  0.05765,  0.2642,  0.51853,  0.51853,  0.55322
5213, 1817,  0.08197,  0.05352,  0.0603,  0.33755,  0.51853,  0.46785,  0.55322
5214, 1817,  0.08197,  0.05352,  0.0603,  0.33755,  0.51853,  0.46785,  0.55322
5215, 1816,  0.08813,  0.04933,  0.05765,  0.2642,  0.51853,  0.51853,  0.55322
5216, 1818,  0.08531,  0.05123,  0.05147,  0.2642,  0.49044,  0.51853,  0.52423
5217, 1817,  0.08197,  0.05352,  0.0603,  0.33755,  0.51853,  0.46785,  0.55322
5218, 1818,  0.08531,  0.05123,  0.05147,  0.2642,  0.49044,  0.51853,  0.52423
5219, 1819,  0.07925,  0.05528,  0.05365,  0.33755,  0.49044,  0.46785,  0.52423
5220, 1806,  0.09064,  0.03527,  0.10037,  0.33755,  0.72065,  0.46785,  0.76187
5221, 1820,  0.09053,  0.02669,  0.10182,  0.2642,  0.74795,  0.51853,  0.79005
5222, 1807,  0.09221,  0.03035,  0.09664,  0.2642,  0.72065,  0.51853,  0.76187
5223, 1806,  0.09064,  0.03527,  0.10037,  0.33755,  0.72065,  0.46785,  0.76187
5224, 1821,  0.08885,  0.03168,  0.10497,  0.33755,  0.74795,  0.46785,  0.79005
5225, 1820,  0.09053,  0.02669,  0.10182,  0.2642,  0.74795,  0.51853,  0.79005
5226, 1822,  0.08588,  0.02784,  0.10931,  0.33755,  0.77394,  0.46785,  0.81689
5227, 1820,  0.09053,  0.02669,  0.10182,  0.2642,  0.74795,  0.51853,  0.79005
5228, 1821,  0.08885,  0.03168,  0.10497,  0.33755,  0.74795,  0.46785,  0.79005
5229, 1822,  0.08588,  0.02784,  0.10931,  0.33755,  0.77394,  0.46785,  0.81689
5230, 1823,  0.08795,  0.02304,  0.10696,  0.2642,  0.77394,  0.51853,  0.81689
5231, 1820,  0.09053,  0.02669,  0.10182,  0.2642,  0.74795,  0.51853,  0.79005
5232, 1818,  0.08531,  0.05123,  0.05147,  0.2642,  0.49044,  0.51853,  0.52423
5233, 1824,  0.07558,  0.05642,  0.04713,  0.33755,  0.46256,  0.46785,  0.49545
5234, 1819,  0.07925,  0.05528,  0.05365,  0.33755,  0.49044,  0.46785,  0.52423
5235, 1818,  0.08531,  0.05123,  0.05147,  0.2642,  0.49044,  0.51853,  0.52423
5236, 1825,  0.08186,  0.05231,  0.04548,  0.2642,  0.46256,  0.51853,  0.49545
5237, 1824,  0.07558,  0.05642,  0.04713,  0.33755,  0.46256,  0.46785,  0.49545
5238, 1826,  0.07168,  0.05688,  0.04078,  0.33755,  0.43581,  0.46785,  0.46784
5239, 1824,  0.07558,  0.05642,  0.04713,  0.33755,  0.46256,  0.46785,  0.49545
5240, 1825,  0.08186,  0.05231,  0.04548,  0.2642,  0.46256,  0.51853,  0.49545
5241, 1826,  0.07168,  0.05688,  0.04078,  0.33755,  0.43581,  0.46785,  0.46784
5242, 1825,  0.08186,  0.05231,  0.04548,  0.2642,  0.46256,  0.51853,  0.49545
5243, 1827,  0.07813,  0.05292,  0.03977,  0.2642,  0.43581,  0.51853,  0.46784
5244, 1827,  0.07813,  0.05292,  0.03977,  0.2642,  0.43581,  0.51853,  0.46784
5245, 1828,  0.06824,  0.05665,  0.03463,  0.33755,  0.41115,  0.46785,  0.44238
5246, 1826,  0.07168,  0.05688,  0.04078,  0.33755,  0.43581,  0.46785,  0.46784
5247, 1827,  0.07813,  0.05292,  0.03977,  0.2642,  0.43581,  0.51853,  0.46784
5248, 1829,  0.07449,  0.05342,  0.03442,  0.2642,  0.41115,  0.51853,  0.44238
5249, 1828,  0.06824,  0.05665,  0.03463,  0.33755,  0.41115,  0.46785,  0.44238
5250, 1830,  0.07146,  0.05365,  0.0292,  0.2642,  0.37984,  0.51853,  0.41397
5251, 1828,  0.06824,  0.05665,  0.03463,  0.33755,  0.41115,  0.46785,  0.44238
5252, 1829,  0.07449,  0.05342,  0.03442,  0.2642,  0.41115,  0.51853,  0.44238
5253, 1830,  0.07146,  0.05365,  0.0292,  0.2642,  0.37984,  0.51853,  0.41397
5254, 1831,  0.06576,  0.05605,  0.02874,  0.33755,  0.37984,  0.46785,  0.41397
5255, 1828,  0.06824,  0.05665,  0.03463,  0.33755,  0.41115,  0.46785,  0.44238
5256, 1822,  0.08588,  0.02784,  0.10931,  0.33755,  0.77394,  0.46785,  0.81689
5257, 1832,  0.0846,  0.0199,  0.11204,  0.2642,  0.79838,  0.51853,  0.84211
5258, 1823,  0.08795,  0.02304,  0.10696,  0.2642,  0.77394,  0.51853,  0.81689
5259, 1822,  0.08588,  0.02784,  0.10931,  0.33755,  0.77394,  0.46785,  0.81689
5260, 1833,  0.08183,  0.02372,  0.11344,  0.33755,  0.79838,  0.46785,  0.84211
5261, 1832,  0.0846,  0.0199,  0.11204,  0.2642,  0.79838,  0.51853,  0.84211
5262, 1834,  0.07749,  0.01964,  0.11731,  0.33755,  0.82167,  0.46785,  0.86615
5263, 1832,  0.0846,  0.0199,  0.11204,  0.2642,  0.79838,  0.51853,  0.84211
5264, 1833,  0.08183,  0.02372,  0.11344,  0.33755,  0.79838,  0.46785,  0.84211
5265, 1834,  0.07749,  0.01964,  0.11731,  0.33755,  0.82167,  0.46785,  0.86615
5266, 1835,  0.08075,  0.01673,  0.1168,  0.2642,  0.82167,  0.51853,  0.86615
5267, 1832,  0.0846,  0.0199,  0.11204,  0.2642,  0.79838,  0.51853,  0.84211
5268, 1835,  0.08075,  0.01673,  0.1168,  0.2642,  0.82167,  0.51853,  0.86615
5269, 1834,  0.07749,  0.01964,  0.11731,  0.33755,  0.82167,  0.46785,  0.86615
5270, 1836,  0.07365,  0.01592,  0.12084,  0.33755,  0.84421,  0.46785,  0.88942
5271, 1835,  0.08075,  0.01673,  0.1168,  0.2642,  0.82167,  0.51853,  0.86615
5272, 1836,  0.07365,  0.01592,  0.12084,  0.33755,  0.84421,  0.46785,  0.88942
5273, 1837,  0.07671,  0.01302,  0.12101,  0.2642,  0.84421,  0.51853,  0.88942
5274, 1838,  0.07249,  0.00931,  0.12429,  0.2642,  0.86639,  0.51853,  0.91232
5275, 1837,  0.07671,  0.01302,  0.12101,  0.2642,  0.84421,  0.51853,  0.88942
5276, 1836,  0.07365,  0.01592,  0.12084,  0.33755,  0.84421,  0.46785,  0.88942
5277, 1838,  0.07249,  0.00931,  0.12429,  0.2642,  0.86639,  0.51853,  0.91232
5278, 1836,  0.07365,  0.01592,  0.12084,  0.33755,  0.84421,  0.46785,  0.88942
5279, 1839,  0.07007,  0.0125,  0.12374,  0.33755,  0.86639,  0.46785,  0.91232
5280, 1839,  0.07007,  0.0125,  0.12374,  0.33755,  0.86639,  0.46785,  0.91232
5281, 1840,  0.06815,  0.00615,  0.1263,  0.2642,  0.8886,  0.51853,  0.93524
5282, 1838,  0.07249,  0.00931,  0.12429,  0.2642,  0.86639,  0.51853,  0.91232
5283, 1839,  0.07007,  0.0125,  0.12374,  0.33755,  0.86639,  0.46785,  0.91232
5284, 1841,  0.06647,  0.00931,  0.12575,  0.33755,  0.8886,  0.46785,  0.93524
5285, 1840,  0.06815,  0.00615,  0.1263,  0.2642,  0.8886,  0.51853,  0.93524
5286, 1842,  0.06288,  0.00623,  0.12731,  0.33755,  0.91082,  0.46785,  0.95818
5287, 1840,  0.06815,  0.00615,  0.1263,  0.2642,  0.8886,  0.51853,  0.93524
5288, 1841,  0.06647,  0.00931,  0.12575,  0.33755,  0.8886,  0.46785,  0.93524
5289, 1842,  0.06288,  0.00623,  0.12731,  0.33755,  0.91082,  0.46785,  0.95818
5290, 1843,  0.06373,  0.00326,  0.12767,  0.2642,  0.91082,  0.51853,  0.95818
5291, 1840,  0.06815,  0.00615,  0.1263,  0.2642,  0.8886,  0.51853,  0.93524
5292, 1830,  0.07146,  0.05365,  0.0292,  0.2642,  0.37984,  0.51853,  0.41397
5293, 1844,  0.0647,  0.05542,  0.02319,  0.33755,  0.33314,  0.46785,  0.37749
5294, 1831,  0.06576,  0.05605,  0.02874,  0.33755,  0.37984,  0.46785,  0.41397
5295, 1830,  0.07146,  0.05365,  0.0292,  0.2642,  0.37984,  0.51853,  0.41397
5296, 1845,  0.06954,  0.05345,  0.02389,  0.2642,  0.33314,  0.51853,  0.37749
5297, 1844,  0.0647,  0.05542,  0.02319,  0.33755,  0.33314,  0.46785,  0.37749
5298, 1846,  0.06846,  0.0525,  0.0189,  0.2642,  0.27506,  0.51853,  0.33795
5299, 1844,  0.0647,  0.05542,  0.02319,  0.33755,  0.33314,  0.46785,  0.37749
5300, 1845,  0.06954,  0.05345,  0.02389,  0.2642,  0.33314,  0.51853,  0.37749
5301, 1846,  0.06846,  0.0525,  0.0189,  0.2642,  0.27506,  0.51853,  0.33795
5302, 1847,  0.06449,  0.05409,  0.01815,  0.33755,  0.27506,  0.46785,  0.33795
5303, 1844,  0.0647,  0.05542,  0.02319,  0.33755,  0.33314,  0.46785,  0.37749
5304, 1847,  0.06449,  0.05409,  0.01815,  0.33755,  0.27506,  0.46785,  0.33795
5305, 1846,  0.06846,  0.0525,  0.0189,  0.2642,  0.27506,  0.51853,  0.33795
5306, 1848,  0.06794,  0.05047,  0.01464,  0.2642,  0.20957,  0.51853,  0.30036
5307, 1847,  0.06449,  0.05409,  0.01815,  0.33755,  0.27506,  0.46785,  0.33795
5308, 1848,  0.06794,  0.05047,  0.01464,  0.2642,  0.20957,  0.51853,  0.30036
5309, 1849,  0.06456,  0.05136,  0.01378,  0.33755,  0.20957,  0.46785,  0.30036
5310, 1849,  0.06456,  0.05136,  0.01378,  0.33755,  0.20957,  0.46785,  0.30036
5311, 1848,  0.06794,  0.05047,  0.01464,  0.2642,  0.20957,  0.51853,  0.30036
5312, 1850,  0.06822,  0.0478,  0.01082,  0.2642,  0.14039,  0.51853,  0.26375
5313, 1849,  0.06456,  0.05136,  0.01378,  0.33755,  0.20957,  0.46785,  0.30036
5314, 1850,  0.06822,  0.0478,  0.01082,  0.2642,  0.14039,  0.51853,  0.26375
5315, 1851,  0.06524,  0.04793,  0.00985,  0.33755,  0.14039,  0.46785,  0.26375
5316, 1851,  0.06524,  0.04793,  0.00985,  0.33755,  0.14039,  0.46785,  0.26375
5317, 1850,  0.06822,  0.0478,  0.01082,  0.2642,  0.14039,  0.51853,  0.26375
5318, 1852,  0.06956,  0.04493,  0.00716,  0.2642,  0.0712,  0.51853,  0.22713
5319, 1851,  0.06524,  0.04793,  0.00985,  0.33755,  0.14039,  0.46785,  0.26375
5320, 1852,  0.06956,  0.04493,  0.00716,  0.2642,  0.0712,  0.51853,  0.22713
5321, 1853,  0.0669,  0.04452,  0.00615,  0.33755,  0.0712,  0.46785,  0.22713
5322, 1853,  0.0669,  0.04452,  0.00615,  0.33755,  0.0712,  0.46785,  0.22713
5323, 1852,  0.06956,  0.04493,  0.00716,  0.2642,  0.0712,  0.51853,  0.22713
5324, 1854,  0.07142,  0.04195,  0.00358,  0.2642,  0.00202,  0.51853,  0.19052
5325, 1853,  0.0669,  0.04452,  0.00615,  0.33755,  0.0712,  0.46785,  0.22713
5326, 1854,  0.07142,  0.04195,  0.00358,  0.2642,  0.00202,  0.51853,  0.19052
5327, 1855,  0.06903,  0.04111,  0.00256,  0.33755,  0.00202,  0.46785,  0.19052
5328, 1856,  0.06814, -0.06018,  0.0618,  0.45422,  0.32595,  0.51668,  0.63854
5329, 1857,  0.06327, -0.0624,  0.05443,  0.45422,  0.28632,  0.51668,  0.60074
5330, 1858,  0.07615, -0.0551,  0.05434,  0.57765,  0.28632,  0.43156,  0.60074
5331, 1856,  0.06814, -0.06018,  0.0618,  0.45422,  0.32595,  0.51668,  0.63854
5332, 1858,  0.07615, -0.0551,  0.05434,  0.57765,  0.28632,  0.43156,  0.60074
5333, 1859,  0.0817, -0.05255,  0.06143,  0.57765,  0.32595,  0.43156,  0.63854
5334, 1860,  0.05941, -0.06347,  0.0471,  0.45422,  0.24688,  0.51668,  0.56363
5335, 1858,  0.07615, -0.0551,  0.05434,  0.57765,  0.28632,  0.43156,  0.60074
5336, 1857,  0.06327, -0.0624,  0.05443,  0.45422,  0.28632,  0.51668,  0.60074
5337, 1860,  0.05941, -0.06347,  0.0471,  0.45422,  0.24688,  0.51668,  0.56363
5338, 1861,  0.07086, -0.05668,  0.04726,  0.57765,  0.24688,  0.43156,  0.56363
5339, 1858,  0.07615, -0.0551,  0.05434,  0.57765,  0.28632,  0.43156,  0.60074
5340, 1859,  0.0817, -0.05255,  0.06143,  0.57765,  0.32595,  0.43156,  0.63854
5341, 1862,  0.0735, -0.05707,  0.06944,  0.45422,  0.36654,  0.51668,  0.67056
5342, 1856,  0.06814, -0.06018,  0.0618,  0.45422,  0.32595,  0.51668,  0.63854
5343, 1859,  0.0817, -0.05255,  0.06143,  0.57765,  0.32595,  0.43156,  0.63854
5344, 1863,  0.08682, -0.04924,  0.06863,  0.57765,  0.36654,  0.43156,  0.67056
5345, 1862,  0.0735, -0.05707,  0.06944,  0.45422,  0.36654,  0.51668,  0.67056
5346, 1864,  0.07842, -0.05364,  0.0769,  0.45422,  0.41299,  0.51668,  0.70048
5347, 1862,  0.0735, -0.05707,  0.06944,  0.45422,  0.36654,  0.51668,  0.67056
5348, 1863,  0.08682, -0.04924,  0.06863,  0.57765,  0.36654,  0.43156,  0.67056
5349, 1864,  0.07842, -0.05364,  0.0769,  0.45422,  0.41299,  0.51668,  0.70048
5350, 1863,  0.08682, -0.04924,  0.06863,  0.57765,  0.36654,  0.43156,  0.67056
5351, 1865,  0.09086, -0.04554,  0.07571,  0.57765,  0.41299,  0.43156,  0.70048
5352, 1860,  0.05941, -0.06347,  0.0471,  0.45422,  0.24688,  0.51668,  0.56363
5353, 1866,  0.06648, -0.05713,  0.0401,  0.57765,  0.20689,  0.43156,  0.53367
5354, 1861,  0.07086, -0.05668,  0.04726,  0.57765,  0.24688,  0.43156,  0.56363
5355, 1860,  0.05941, -0.06347,  0.0471,  0.45422,  0.24688,  0.51668,  0.56363
5356, 1867,  0.05706, -0.06311,  0.03959,  0.45422,  0.20689,  0.51668,  0.53367
5357, 1866,  0.06648, -0.05713,  0.0401,  0.57765,  0.20689,  0.43156,  0.53367
5358, 1868,  0.05605, -0.06186,  0.03276,  0.45422,  0.16685,  0.51668,  0.49961
5359, 1866,  0.06648, -0.05713,  0.0401,  0.57765,  0.20689,  0.43156,  0.53367
5360, 1867,  0.05706, -0.06311,  0.03959,  0.45422,  0.20689,  0.51668,  0.53367
5361, 1868,  0.05605, -0.06186,  0.03276,  0.45422,  0.16685,  0.51668,  0.49961
5362, 1869,  0.0634, -0.05677,  0.03364,  0.57765,  0.16685,  0.43156,  0.49961
5363, 1866,  0.06648, -0.05713,  0.0401,  0.57765,  0.20689,  0.43156,  0.53367
5364, 1865,  0.09086, -0.04554,  0.07571,  0.57765,  0.41299,  0.43156,  0.70048
5365, 1870,  0.08202, -0.05044,  0.08371,  0.45422,  0.47019,  0.51668,  0.73198
5366, 1864,  0.07842, -0.05364,  0.0769,  0.45422,  0.41299,  0.51668,  0.70048
5367, 1865,  0.09086, -0.04554,  0.07571,  0.57765,  0.41299,  0.43156,  0.70048
5368, 1871,  0.09316, -0.04187,  0.0824,  0.57765,  0.47019,  0.43156,  0.73198
5369, 1870,  0.08202, -0.05044,  0.08371,  0.45422,  0.47019,  0.51668,  0.73198
5370, 1872,  0.08409, -0.04712,  0.09001,  0.45422,  0.52907,  0.51668,  0.76612
5371, 1870,  0.08202, -0.05044,  0.08371,  0.45422,  0.47019,  0.51668,  0.73198
5372, 1871,  0.09316, -0.04187,  0.0824,  0.57765,  0.47019,  0.43156,  0.73198
5373, 1872,  0.08409, -0.04712,  0.09001,  0.45422,  0.52907,  0.51668,  0.76612
5374, 1871,  0.09316, -0.04187,  0.0824,  0.57765,  0.47019,  0.43156,  0.73198
5375, 1873,  0.09412, -0.03808,  0.08872,  0.57765,  0.52907,  0.43156,  0.76612
5376, 1873,  0.09412, -0.03808,  0.08872,  0.57765,  0.52907,  0.43156,  0.76612
5377, 1874,  0.08443, -0.04332,  0.09595,  0.45422,  0.58057,  0.51668,  0.80395
5378, 1872,  0.08409, -0.04712,  0.09001,  0.45422,  0.52907,  0.51668,  0.76612
5379, 1873,  0.09412, -0.03808,  0.08872,  0.57765,  0.52907,  0.43156,  0.76612
5380, 1875,  0.09413, -0.03406,  0.09467,  0.57765,  0.58057,  0.43156,  0.80395
5381, 1874,  0.08443, -0.04332,  0.09595,  0.45422,  0.58057,  0.51668,  0.80395
5382, 1876,  0.08374, -0.03942,  0.10136,  0.45422,  0.62534,  0.51668,  0.83902
5383, 1874,  0.08443, -0.04332,  0.09595,  0.45422,  0.58057,  0.51668,  0.80395
5384, 1875,  0.09413, -0.03406,  0.09467,  0.57765,  0.58057,  0.43156,  0.80395
5385, 1876,  0.08374, -0.03942,  0.10136,  0.45422,  0.62534,  0.51668,  0.83902
5386, 1875,  0.09413, -0.03406,  0.09467,  0.57765,  0.58057,  0.43156,  0.80395
5387, 1877,  0.09317, -0.0301,  0.10033,  0.57765,  0.62534,  0.43156,  0.83902
5388, 1876,  0.08374, -0.03942,  0.10136,  0.45422,  0.62534,  0.51668,  0.83902
5389, 1877,  0.09317, -0.0301,  0.10033,  0.57765,  0.62534,  0.43156,  0.83902
5390, 1878,  0.09122, -0.0265,  0.10576,  0.57765,  0.66405,  0.43156,  0.86488
5391, 1876,  0.08374, -0.03942,  0.10136,  0.45422,  0.62534,  0.51668,  0.83902
5392, 1878,  0.09122, -0.0265,  0.10576,  0.57765,  0.66405,  0.43156,  0.86488
5393, 1879,  0.0827, -0.03578,  0.1061,  0.45422,  0.66405,  0.51668,  0.86488
5394, 1880,  0.08087, -0.03228,  0.11051,  0.45422,  0.69928,  0.51668,  0.88574
5395, 1879,  0.0827, -0.03578,  0.1061,  0.45422,  0.66405,  0.51668,  0.86488
5396, 1878,  0.09122, -0.0265,  0.10576,  0.57765,  0.66405,  0.43156,  0.86488
5397, 1880,  0.08087, -0.03228,  0.11051,  0.45422,  0.69928,  0.51668,  0.88574
5398, 1878,  0.09122, -0.0265,  0.10576,  0.57765,  0.66405,  0.43156,  0.86488
5399, 1881,  0.08814, -0.02335,  0.11081,  0.57765,  0.69928,  0.43156,  0.88574
5400, 1880,  0.08087, -0.03228,  0.11051,  0.45422,  0.69928,  0.51668,  0.88574
5401, 1881,  0.08814, -0.02335,  0.11081,  0.57765,  0.69928,  0.43156,  0.88574
5402, 1882,  0.08378, -0.02071,  0.11533,  0.57765,  0.73359,  0.43156,  0.90579
5403, 1880,  0.08087, -0.03228,  0.11051,  0.45422,  0.69928,  0.51668,  0.88574
5404, 1882,  0.08378, -0.02071,  0.11533,  0.57765,  0.73359,  0.43156,  0.90579
5405, 1883,  0.07783, -0.02882,  0.11492,  0.45422,  0.73359,  0.51668,  0.90579
5406, 1884,  0.07439, -0.02575,  0.11867,  0.45422,  0.76462,  0.51668,  0.9238
5407, 1883,  0.07783, -0.02882,  0.11492,  0.45422,  0.73359,  0.51668,  0.90579
5408, 1882,  0.08378, -0.02071,  0.11533,  0.57765,  0.73359,  0.43156,  0.90579
5409, 1884,  0.07439, -0.02575,  0.11867,  0.45422,  0.76462,  0.51668,  0.9238
5410, 1882,  0.08378, -0.02071,  0.11533,  0.57765,  0.73359,  0.43156,  0.90579
5411, 1885,  0.07906, -0.0186,  0.11899,  0.57765,  0.76462,  0.43156,  0.9238
5412, 1884,  0.07439, -0.02575,  0.11867,  0.45422,  0.76462,  0.51668,  0.9238
5413, 1885,  0.07906, -0.0186,  0.11899,  0.57765,  0.76462,  0.43156,  0.9238
5414, 1886,  0.07492, -0.017,  0.12147,  0.57765,  0.79001,  0.43156,  0.93853
5415, 1884,  0.07439, -0.02575,  0.11867,  0.45422,  0.76462,  0.51668,  0.9238
5416, 1886,  0.07492, -0.017,  0.12147,  0.57765,  0.79001,  0.43156,  0.93853
5417, 1887,  0.07136, -0.02342,  0.1211,  0.45422,  0.79001,  0.51668,  0.93853
5418, 1887,  0.07136, -0.02342,  0.1211,  0.45422,  0.79001,  0.51668,  0.93853
5419, 1886,  0.07492, -0.017,  0.12147,  0.57765,  0.79001,  0.43156,  0.93853
5420, 1888,  0.07101, -0.01566,  0.12321,  0.57765,  0.8134,  0.43156,  0.95211
5421, 1887,  0.07136, -0.02342,  0.1211,  0.45422,  0.79001,  0.51668,  0.93853
5422, 1888,  0.07101, -0.01566,  0.12321,  0.57765,  0.8134,  0.43156,  0.95211
5423, 1889,  0.06856, -0.0217,  0.1227,  0.45422,  0.8134,  0.51668,  0.95211
5424, 1888,  0.07101, -0.01566,  0.12321,  0.57765,  0.8134,  0.43156,  0.95211
5425, 1890,  0.0658, -0.02045,  0.12398,  0.45422,  0.83842,  0.51668,  0.96663
5426, 1889,  0.06856, -0.0217,  0.1227,  0.45422,  0.8134,  0.51668,  0.95211
5427, 1888,  0.07101, -0.01566,  0.12321,  0.57765,  0.8134,  0.43156,  0.95211
5428, 1891,  0.06704, -0.01436,  0.12467,  0.57765,  0.83842,  0.43156,  0.96663
5429, 1890,  0.0658, -0.02045,  0.12398,  0.45422,  0.83842,  0.51668,  0.96663
5430, 1892,  0.06302, -0.01306,  0.126,  0.57765,  0.86427,  0.43156,  0.98162
5431, 1890,  0.0658, -0.02045,  0.12398,  0.45422,  0.83842,  0.51668,  0.96663
5432, 1891,  0.06704, -0.01436,  0.12467,  0.57765,  0.83842,  0.43156,  0.96663
5433, 1892,  0.06302, -0.01306,  0.126,  0.57765,  0.86427,  0.43156,  0.98162
5434, 1893,  0.06305, -0.01944,  0.1251,  0.45422,  0.86427,  0.51668,  0.98162
5435, 1890,  0.0658, -0.02045,  0.12398,  0.45422,  0.83842,  0.51668,  0.96663
5436, 1894,  0.06151, -0.0549,  0.02443,  0.57765,  0.08698,  0.43156,  0.39363
5437, 1895,  0.062, -0.05598,  0.02865,  0.57765,  0.12724,  0.43156,  0.45016
5438, 1896,  0.0562, -0.06024,  0.02746,  0.45422,  0.12724,  0.51668,  0.45016
5439, 1894,  0.06151, -0.0549,  0.02443,  0.57765,  0.08698,  0.43156,  0.39363
5440, 1896,  0.0562, -0.06024,  0.02746,  0.45422,  0.12724,  0.51668,  0.45016
5441, 1897,  0.05703, -0.05842,  0.023,  0.45422,  0.08698,  0.51668,  0.39363
5442, 1868,  0.05605, -0.06186,  0.03276,  0.45422,  0.16685,  0.51668,  0.49961
5443, 1896,  0.0562, -0.06024,  0.02746,  0.45422,  0.12724,  0.51668,  0.45016
5444, 1895,  0.062, -0.05598,  0.02865,  0.57765,  0.12724,  0.43156,  0.45016
5445, 1868,  0.05605, -0.06186,  0.03276,  0.45422,  0.16685,  0.51668,  0.49961
5446, 1895,  0.062, -0.05598,  0.02865,  0.57765,  0.12724,  0.43156,  0.45016
5447, 1869,  0.0634, -0.05677,  0.03364,  0.57765,  0.16685,  0.43156,  0.49961
5448, 1897,  0.05703, -0.05842,  0.023,  0.45422,  0.08698,  0.51668,  0.39363
5449, 1898,  0.06121, -0.05372,  0.02029,  0.57765,  0.04494,  0.43156,  0.3383
5450, 1894,  0.06151, -0.0549,  0.02443,  0.57765,  0.08698,  0.43156,  0.39363
5451, 1897,  0.05703, -0.05842,  0.023,  0.45422,  0.08698,  0.51668,  0.39363
5452, 1899,  0.05804, -0.05655,  0.01868,  0.45422,  0.04494,  0.51668,  0.3383
5453, 1898,  0.06121, -0.05372,  0.02029,  0.57765,  0.04494,  0.43156,  0.3383
5454, 1900,  0.05916, -0.05464,  0.01442,  0.45422,  0.00202,  0.51668,  0.28357
5455, 1898,  0.06121, -0.05372,  0.02029,  0.57765,  0.04494,  0.43156,  0.3383
5456, 1899,  0.05804, -0.05655,  0.01868,  0.45422,  0.04494,  0.51668,  0.3383
5457, 1900,  0.05916, -0.05464,  0.01442,  0.45422,  0.00202,  0.51668,  0.28357
5458, 1901,  0.061, -0.05248,  0.01618,  0.57765,  0.00202,  0.43156,  0.28357
5459, 1898,  0.06121, -0.05372,  0.02029,  0.57765,  0.04494,  0.43156,  0.3383
5460, 1902,  0.04185,  0.05902, -0.00227,  0.32001,  0.13597,  1.78942,  0.40205
5461, 1903,  0.04929,  0.054, -0.00149,  0.12084,  0.13597,  1.86589,  0.40205
5462, 1904,  0.04921,  0.05212, -0.00752,  0.12084,  0.13077,  1.86589,  0.38589
5463, 1902,  0.04185,  0.05902, -0.00227,  0.32001,  0.13597,  1.78942,  0.40205
5464, 1904,  0.04921,  0.05212, -0.00752,  0.12084,  0.13077,  1.86589,  0.38589
5465, 1905,  0.04235,  0.05734, -0.00866,  0.32001,  0.13077,  1.78942,  0.38589
5466, 1905,  0.04235,  0.05734, -0.00866,  0.32001,  0.13077,  1.78942,  0.38589
5467, 1904,  0.04921,  0.05212, -0.00752,  0.12084,  0.13077,  1.86589,  0.38589
5468, 1906,  0.0499,  0.04988, -0.01303,  0.12084,  0.12616,  1.86589,  0.36716
5469, 1905,  0.04235,  0.05734, -0.00866,  0.32001,  0.13077,  1.78942,  0.38589
5470, 1906,  0.0499,  0.04988, -0.01303,  0.12084,  0.12616,  1.86589,  0.36716
5471, 1907,  0.04358,  0.0553, -0.01452,  0.32001,  0.12616,  1.78942,  0.36716
5472, 1908,  0.04232,  0.06056,  0.00462,  0.32001,  0.14136,  1.78942,  0.42104
5473, 1903,  0.04929,  0.054, -0.00149,  0.12084,  0.13597,  1.86589,  0.40205
5474, 1902,  0.04185,  0.05902, -0.00227,  0.32001,  0.13597,  1.78942,  0.40205
5475, 1908,  0.04232,  0.06056,  0.00462,  0.32001,  0.14136,  1.78942,  0.42104
5476, 1909,  0.05058,  0.0552,  0.00479,  0.12084,  0.14136,  1.86589,  0.42104
5477, 1903,  0.04929,  0.054, -0.00149,  0.12084,  0.13597,  1.86589,  0.40205
5478, 1910,  0.04348,  0.06192,  0.01173,  0.32001,  0.14741,  1.78942,  0.44033
5479, 1909,  0.05058,  0.0552,  0.00479,  0.12084,  0.14136,  1.86589,  0.42104
5480, 1908,  0.04232,  0.06056,  0.00462,  0.32001,  0.14136,  1.78942,  0.42104
5481, 1910,  0.04348,  0.06192,  0.01173,  0.32001,  0.14741,  1.78942,  0.44033
5482, 1911,  0.05276,  0.05593,  0.01112,  0.12084,  0.14741,  1.86589,  0.44033
5483, 1909,  0.05058,  0.0552,  0.00479,  0.12084,  0.14136,  1.86589,  0.42104
5484, 1911,  0.05276,  0.05593,  0.01112,  0.12084,  0.14741,  1.86589,  0.44033
5485, 1910,  0.04348,  0.06192,  0.01173,  0.32001,  0.14741,  1.78942,  0.44033
5486, 1912,  0.04504,  0.06298,  0.0188,  0.32001,  0.15459,  1.78942,  0.45738
5487, 1911,  0.05276,  0.05593,  0.01112,  0.12084,  0.14741,  1.86589,  0.44033
5488, 1912,  0.04504,  0.06298,  0.0188,  0.32001,  0.15459,  1.78942,  0.45738
5489, 1913,  0.05548,  0.05632,  0.0173,  0.12084,  0.15459,  1.86589,  0.45738
5490, 1914,  0.0585,  0.0566,  0.02365,  0.12084,  0.16723,  1.86589,  0.47372
5491, 1913,  0.05548,  0.05632,  0.0173,  0.12084,  0.15459,  1.86589,  0.45738
5492, 1912,  0.04504,  0.06298,  0.0188,  0.32001,  0.15459,  1.78942,  0.45738
5493, 1914,  0.0585,  0.0566,  0.02365,  0.12084,  0.16723,  1.86589,  0.47372
5494, 1912,  0.04504,  0.06298,  0.0188,  0.32001,  0.15459,  1.78942,  0.45738
5495, 1915,  0.04693,  0.06386,  0.02589,  0.32001,  0.16723,  1.78942,  0.47372
5496, 1916,  0.04914,  0.0648,  0.03305,  0.32001,  0.18968,  1.78942,  0.49086
5497, 1914,  0.0585,  0.0566,  0.02365,  0.12084,  0.16723,  1.86589,  0.47372
5498, 1915,  0.04693,  0.06386,  0.02589,  0.32001,  0.16723,  1.78942,  0.47372
5499, 1916,  0.04914,  0.0648,  0.03305,  0.32001,  0.18968,  1.78942,  0.49086
5500, 1917,  0.06161,  0.05712,  0.0305,  0.12084,  0.18968,  1.86589,  0.49086
5501, 1914,  0.0585,  0.0566,  0.02365,  0.12084,  0.16723,  1.86589,  0.47372
5502, 1918,  0.05149,  0.06558,  0.04055,  0.32001,  0.22791,  1.78942,  0.50842
5503, 1917,  0.06161,  0.05712,  0.0305,  0.12084,  0.18968,  1.86589,  0.49086
5504, 1916,  0.04914,  0.0648,  0.03305,  0.32001,  0.18968,  1.78942,  0.49086
5505, 1918,  0.05149,  0.06558,  0.04055,  0.32001,  0.22791,  1.78942,  0.50842
5506, 1919,  0.06466,  0.05756,  0.03779,  0.12084,  0.22791,  1.86589,  0.50842
5507, 1917,  0.06161,  0.05712,  0.0305,  0.12084,  0.18968,  1.86589,  0.49086
5508, 1920,  0.05384,  0.06601,  0.04866,  0.32001,  0.24668,  1.78942,  0.52601
5509, 1919,  0.06466,  0.05756,  0.03779,  0.12084,  0.22791,  1.86589,  0.50842
5510, 1918,  0.05149,  0.06558,  0.04055,  0.32001,  0.22791,  1.78942,  0.50842
5511, 1920,  0.05384,  0.06601,  0.04866,  0.32001,  0.24668,  1.78942,  0.52601
5512, 1921,  0.06753,  0.05758,  0.04549,  0.12084,  0.24668,  1.86589,  0.52601
5513, 1919,  0.06466,  0.05756,  0.03779,  0.12084,  0.22791,  1.86589,  0.50842
5514, 1922,  0.05622,  0.06577,  0.05695,  0.32001,  0.2579,  1.78942,  0.54353
5515, 1921,  0.06753,  0.05758,  0.04549,  0.12084,  0.24668,  1.86589,  0.52601
5516, 1920,  0.05384,  0.06601,  0.04866,  0.32001,  0.24668,  1.78942,  0.52601
5517, 1922,  0.05622,  0.06577,  0.05695,  0.32001,  0.2579,  1.78942,  0.54353
5518, 1923,  0.06998,  0.05722,  0.05329,  0.12084,  0.25816,  1.86589,  0.54353
5519, 1921,  0.06753,  0.05758,  0.04549,  0.12084,  0.24668,  1.86589,  0.52601
5520, 1924,  0.05869,  0.06454,  0.06497,  0.32001,  0.33664,  1.78942,  0.56089
5521, 1923,  0.06998,  0.05722,  0.05329,  0.12084,  0.25816,  1.86589,  0.54353
5522, 1922,  0.05622,  0.06577,  0.05695,  0.32001,  0.2579,  1.78942,  0.54353
5523, 1924,  0.05869,  0.06454,  0.06497,  0.32001,  0.33664,  1.78942,  0.56089
5524, 1925,  0.07179,  0.05648,  0.06084,  0.12084,  0.33664,  1.86589,  0.56089
5525, 1923,  0.06998,  0.05722,  0.05329,  0.12084,  0.25816,  1.86589,  0.54353
5526, 1926,  0.06106,  0.06291,  0.07254,  0.32001,  0.35171,  1.78942,  0.57944
5527, 1925,  0.07179,  0.05648,  0.06084,  0.12084,  0.33664,  1.86589,  0.56089
5528, 1924,  0.05869,  0.06454,  0.06497,  0.32001,  0.33664,  1.78942,  0.56089
5529, 1926,  0.06106,  0.06291,  0.07254,  0.32001,  0.35171,  1.78942,  0.57944
5530, 1927,  0.07348,  0.05527,  0.06814,  0.12084,  0.35171,  1.86589,  0.57944
5531, 1925,  0.07179,  0.05648,  0.06084,  0.12084,  0.33664,  1.86589,  0.56089
5532, 1928,  0.0632,  0.06148,  0.07948,  0.32001,  0.36729,  1.78942,  0.60053
5533, 1927,  0.07348,  0.05527,  0.06814,  0.12084,  0.35171,  1.86589,  0.57944
5534, 1926,  0.06106,  0.06291,  0.07254,  0.32001,  0.35171,  1.78942,  0.57944
5535, 1928,  0.0632,  0.06148,  0.07948,  0.32001,  0.36729,  1.78942,  0.60053
5536, 1929,  0.07556,  0.05352,  0.07517,  0.12084,  0.36729,  1.86589,  0.60053
5537, 1927,  0.07348,  0.05527,  0.06814,  0.12084,  0.35171,  1.86589,  0.57944
5538, 1930,  0.06522,  0.05969,  0.08587,  0.32001,  0.38313,  1.78942,  0.62355
5539, 1929,  0.07556,  0.05352,  0.07517,  0.12084,  0.36729,  1.86589,  0.60053
5540, 1928,  0.0632,  0.06148,  0.07948,  0.32001,  0.36729,  1.78942,  0.60053
5541, 1930,  0.06522,  0.05969,  0.08587,  0.32001,  0.38313,  1.78942,  0.62355
5542, 1931,  0.07764,  0.05151,  0.08178,  0.12084,  0.38313,  1.86589,  0.62355
5543, 1929,  0.07556,  0.05352,  0.07517,  0.12084,  0.36729,  1.86589,  0.60053
5544, 1932,  0.06727,  0.05701,  0.09183,  0.32001,  0.39901,  1.78942,  0.64789
5545, 1931,  0.07764,  0.05151,  0.08178,  0.12084,  0.38313,  1.86589,  0.62355
5546, 1930,  0.06522,  0.05969,  0.08587,  0.32001,  0.38313,  1.78942,  0.62355
5547, 1932,  0.06727,  0.05701,  0.09183,  0.32001,  0.39901,  1.78942,  0.64789
5548, 1933,  0.07933,  0.04953,  0.0878,  0.12084,  0.39901,  1.86589,  0.64789
5549, 1931,  0.07764,  0.05151,  0.08178,  0.12084,  0.38313,  1.86589,  0.62355
5550, 1934,  0.06903,  0.05363,  0.09733,  0.32001,  0.41452,  1.78942,  0.67256
5551, 1933,  0.07933,  0.04953,  0.0878,  0.12084,  0.39901,  1.86589,  0.64789
5552, 1932,  0.06727,  0.05701,  0.09183,  0.32001,  0.39901,  1.78942,  0.64789
5553, 1934,  0.06903,  0.05363,  0.09733,  0.32001,  0.41452,  1.78942,  0.67256
5554, 1935,  0.08067,  0.04711,  0.09331,  0.12084,  0.41452,  1.86589,  0.67256
5555, 1933,  0.07933,  0.04953,  0.0878,  0.12084,  0.39901,  1.86589,  0.64789
5556, 1936,  0.07021,  0.04976,  0.10234,  0.32001,  0.42926,  1.78942,  0.69657
5557, 1935,  0.08067,  0.04711,  0.09331,  0.12084,  0.41452,  1.86589,  0.67256
5558, 1934,  0.06903,  0.05363,  0.09733,  0.32001,  0.41452,  1.78942,  0.67256
5559, 1936,  0.07021,  0.04976,  0.10234,  0.32001,  0.42926,  1.78942,  0.69657
5560, 1937,  0.0817,  0.04379,  0.09838,  0.12084,  0.42926,  1.86589,  0.69657
5561, 1935,  0.08067,  0.04711,  0.09331,  0.12084,  0.41452,  1.86589,  0.67256
5562, 1938,  0.07071,  0.04555,  0.10696,  0.32001,  0.44301,  1.78942,  0.72279
5563, 1937,  0.0817,  0.04379,  0.09838,  0.12084,  0.42926,  1.86589,  0.69657
5564, 1936,  0.07021,  0.04976,  0.10234,  0.32001,  0.42926,  1.78942,  0.69657
5565, 1938,  0.07071,  0.04555,  0.10696,  0.32001,  0.44301,  1.78942,  0.72279
5566, 1939,  0.0821,  0.03986,  0.10287,  0.12084,  0.44301,  1.86589,  0.72279
5567, 1937,  0.0817,  0.04379,  0.09838,  0.12084,  0.42926,  1.86589,  0.69657
5568, 1940,  0.07042,  0.04119,  0.11128,  0.32001,  0.45555,  1.78942,  0.75413
5569, 1939,  0.0821,  0.03986,  0.10287,  0.12084,  0.44301,  1.86589,  0.72279
5570, 1938,  0.07071,  0.04555,  0.10696,  0.32001,  0.44301,  1.78942,  0.72279
5571, 1940,  0.07042,  0.04119,  0.11128,  0.32001,  0.45555,  1.78942,  0.75413
5572, 1941,  0.08157,  0.0356,  0.10664,  0.12084,  0.45555,  1.86589,  0.75413
5573, 1939,  0.0821,  0.03986,  0.10287,  0.12084,  0.44301,  1.86589,  0.72279
5574, 1942,  0.06948,  0.03686,  0.11517,  0.32001,  0.46675,  1.78942,  0.78825
5575, 1941,  0.08157,  0.0356,  0.10664,  0.12084,  0.45555,  1.86589,  0.75413
5576, 1940,  0.07042,  0.04119,  0.11128,  0.32001,  0.45555,  1.78942,  0.75413
5577, 1942,  0.06948,  0.03686,  0.11517,  0.32001,  0.46675,  1.78942,  0.78825
5578, 1943,  0.08018,  0.0311,  0.11015,  0.12084,  0.46675,  1.86589,  0.78825
5579, 1941,  0.08157,  0.0356,  0.10664,  0.12084,  0.45555,  1.86589,  0.75413
5580, 1944,  0.068,  0.03277,  0.11849,  0.32001,  0.4765,  1.78942,  0.82285
5581, 1943,  0.08018,  0.0311,  0.11015,  0.12084,  0.46675,  1.86589,  0.78825
5582, 1942,  0.06948,  0.03686,  0.11517,  0.32001,  0.46675,  1.78942,  0.78825
5583, 1944,  0.068,  0.03277,  0.11849,  0.32001,  0.4765,  1.78942,  0.82285
5584, 1945,  0.07804,  0.02649,  0.11384,  0.12084,  0.4765,  1.86589,  0.82285
5585, 1943,  0.08018,  0.0311,  0.11015,  0.12084,  0.46675,  1.86589,  0.78825
5586, 1946,  0.06601,  0.02906,  0.121,  0.32001,  0.48553,  1.78942,  0.85768
5587, 1945,  0.07804,  0.02649,  0.11384,  0.12084,  0.4765,  1.86589,  0.82285
5588, 1944,  0.068,  0.03277,  0.11849,  0.32001,  0.4765,  1.78942,  0.82285
5589, 1946,  0.06601,  0.02906,  0.121,  0.32001,  0.48553,  1.78942,  0.85768
5590, 1947,  0.07534,  0.02212,  0.11739,  0.12084,  0.48553,  1.86589,  0.85768
5591, 1945,  0.07804,  0.02649,  0.11384,  0.12084,  0.4765,  1.86589,  0.82285
5592, 1948,  0.06351,  0.02586,  0.12241,  0.32001,  0.49455,  1.78942,  0.89252
5593, 1947,  0.07534,  0.02212,  0.11739,  0.12084,  0.48553,  1.86589,  0.85768
5594, 1946,  0.06601,  0.02906,  0.121,  0.32001,  0.48553,  1.78942,  0.85768
5595, 1948,  0.06351,  0.02586,  0.12241,  0.32001,  0.49455,  1.78942,  0.89252
5596, 1949,  0.07229,  0.01839,  0.12048,  0.12084,  0.49455,  1.86589,  0.89252
5597, 1947,  0.07534,  0.02212,  0.11739,  0.12084,  0.48553,  1.86589,  0.85768
5598, 1950,  0.06049,  0.02295,  0.12338,  0.32001,  0.51435,  1.78942,  0.9266
5599, 1949,  0.07229,  0.01839,  0.12048,  0.12084,  0.49455,  1.86589,  0.89252
5600, 1948,  0.06351,  0.02586,  0.12241,  0.32001,  0.49455,  1.78942,  0.89252
5601, 1950,  0.06049,  0.02295,  0.12338,  0.32001,  0.51435,  1.78942,  0.9266
5602, 1951,  0.06914,  0.0152,  0.12299,  0.12084,  0.51435,  1.86589,  0.9266
5603, 1949,  0.07229,  0.01839,  0.12048,  0.12084,  0.49455,  1.86589,  0.89252
5604, 1952,  0.05694,  0.02007,  0.12453,  0.32001,  0.52144,  1.78942,  0.95915
5605, 1951,  0.06914,  0.0152,  0.12299,  0.12084,  0.51435,  1.86589,  0.9266
5606, 1950,  0.06049,  0.02295,  0.12338,  0.32001,  0.51435,  1.78942,  0.9266
5607, 1952,  0.05694,  0.02007,  0.12453,  0.32001,  0.52144,  1.78942,  0.95915
5608, 1953,  0.06613,  0.01246,  0.12481,  0.12084,  0.52144,  1.86589,  0.95915
5609, 1951,  0.06914,  0.0152,  0.12299,  0.12084,  0.51435,  1.86589,  0.9266
5610, 1954,  0.05312,  0.01721,  0.12577,  0.32001,  0.52834,  1.78942,  0.99093
5611, 1953,  0.06613,  0.01246,  0.12481,  0.12084,  0.52144,  1.86589,  0.95915
5612, 1952,  0.05694,  0.02007,  0.12453,  0.32001,  0.52144,  1.78942,  0.95915
5613, 1954,  0.05312,  0.01721,  0.12577,  0.32001,  0.52834,  1.78942,  0.99093
5614, 1955,  0.06319,  0.00994,  0.12629,  0.12084,  0.52834,  1.86589,  0.99093
5615, 1953,  0.06613,  0.01246,  0.12481,  0.12084,  0.52144,  1.86589,  0.95915
5616, 1956,  0.06594,  0.0359, -0.03336,  0.12084,  0.09027,  1.86589,  0.14487
5617, 1957,  0.06724,  0.03368, -0.03284,  0.12084,  0.05682,  1.86589,  0.11506
5618, 1958,  0.06527,  0.03229, -0.03513,  0.32001,  0.05682,  1.78942,  0.11506
5619, 1956,  0.06594,  0.0359, -0.03336,  0.12084,  0.09027,  1.86589,  0.14487
5620, 1958,  0.06527,  0.03229, -0.03513,  0.32001,  0.05682,  1.78942,  0.11506
5621, 1959,  0.06378,  0.03497, -0.03585,  0.32001,  0.09027,  1.78942,  0.14487
5622, 1960,  0.06832,  0.03127, -0.03191,  0.12084,  0.002,  1.86589,  0.08231
5623, 1958,  0.06527,  0.03229, -0.03513,  0.32001,  0.05682,  1.78942,  0.11506
5624, 1957,  0.06724,  0.03368, -0.03284,  0.12084,  0.05682,  1.86589,  0.11506
5625, 1960,  0.06832,  0.03127, -0.03191,  0.12084,  0.002,  1.86589,  0.08231
5626, 1961,  0.06644,  0.02968, -0.03398,  0.32001,  0.002,  1.78942,  0.08231
5627, 1958,  0.06527,  0.03229, -0.03513,  0.32001,  0.05682,  1.78942,  0.11506
5628, 1959,  0.06378,  0.03497, -0.03585,  0.32001,  0.09027,  1.78942,  0.14487
5629, 1962,  0.06419,  0.03772, -0.03309,  0.12084,  0.10304,  1.86589,  0.16883
5630, 1956,  0.06594,  0.0359, -0.03336,  0.12084,  0.09027,  1.86589,  0.14487
5631, 1959,  0.06378,  0.03497, -0.03585,  0.32001,  0.09027,  1.78942,  0.14487
5632, 1963,  0.06167,  0.03774, -0.03574,  0.32001,  0.10304,  1.78942,  0.16883
5633, 1962,  0.06419,  0.03772, -0.03309,  0.12084,  0.10304,  1.86589,  0.16883
5634, 1964,  0.05904,  0.04047, -0.03486,  0.32001,  0.10566,  1.78942,  0.19148
5635, 1962,  0.06419,  0.03772, -0.03309,  0.12084,  0.10304,  1.86589,  0.16883
5636, 1963,  0.06167,  0.03774, -0.03574,  0.32001,  0.10304,  1.78942,  0.16883
5637, 1964,  0.05904,  0.04047, -0.03486,  0.32001,  0.10566,  1.78942,  0.19148
5638, 1965,  0.062,  0.03932, -0.03208,  0.12084,  0.10566,  1.86589,  0.19148
5639, 1962,  0.06419,  0.03772, -0.03309,  0.12084,  0.10304,  1.86589,  0.16883
5640, 1965,  0.062,  0.03932, -0.03208,  0.12084,  0.10566,  1.86589,  0.19148
5641, 1964,  0.05904,  0.04047, -0.03486,  0.32001,  0.10566,  1.78942,  0.19148
5642, 1966,  0.05603,  0.04304, -0.03329,  0.32001,  0.10866,  1.78942,  0.21741
5643, 1965,  0.062,  0.03932, -0.03208,  0.12084,  0.10566,  1.86589,  0.19148
5644, 1966,  0.05603,  0.04304, -0.03329,  0.32001,  0.10866,  1.78942,  0.21741
5645, 1967,  0.05938,  0.04092, -0.03038,  0.12084,  0.10866,  1.86589,  0.21741
5646, 1968,  0.05671,  0.04248, -0.02806,  0.12084,  0.11199,  1.86589,  0.2462
5647, 1967,  0.05938,  0.04092, -0.03038,  0.12084,  0.10866,  1.86589,  0.21741
5648, 1966,  0.05603,  0.04304, -0.03329,  0.32001,  0.10866,  1.78942,  0.21741
5649, 1968,  0.05671,  0.04248, -0.02806,  0.12084,  0.11199,  1.86589,  0.2462
5650, 1966,  0.05603,  0.04304, -0.03329,  0.32001,  0.10866,  1.78942,  0.21741
5651, 1969,  0.05295,  0.04547, -0.03104,  0.32001,  0.11199,  1.78942,  0.2462
5652, 1968,  0.05671,  0.04248, -0.02806,  0.12084,  0.11199,  1.86589,  0.2462
5653, 1969,  0.05295,  0.04547, -0.03104,  0.32001,  0.11199,  1.78942,  0.2462
5654, 1970,  0.05014,  0.0478, -0.02813,  0.32001,  0.1156,  1.78942,  0.27741
5655, 1968,  0.05671,  0.04248, -0.02806,  0.12084,  0.11199,  1.86589,  0.2462
5656, 1970,  0.05014,  0.0478, -0.02813,  0.32001,  0.1156,  1.78942,  0.27741
5657, 1971,  0.05441,  0.04403, -0.02518,  0.12084,  0.1156,  1.86589,  0.27741
5658, 1972,  0.05247,  0.04564, -0.02171,  0.12084,  0.1192,  1.86589,  0.30939
5659, 1971,  0.05441,  0.04403, -0.02518,  0.12084,  0.1156,  1.86589,  0.27741
5660, 1970,  0.05014,  0.0478, -0.02813,  0.32001,  0.1156,  1.78942,  0.27741
5661, 1972,  0.05247,  0.04564, -0.02171,  0.12084,  0.1192,  1.86589,  0.30939
5662, 1970,  0.05014,  0.0478, -0.02813,  0.32001,  0.1156,  1.78942,  0.27741
5663, 1973,  0.04757,  0.05011, -0.0244,  0.32001,  0.1192,  1.78942,  0.30939
5664, 1973,  0.04757,  0.05011, -0.0244,  0.32001,  0.1192,  1.78942,  0.30939
5665, 1974,  0.05099,  0.04768, -0.01772,  0.12084,  0.12251,  1.86589,  0.34048
5666, 1972,  0.05247,  0.04564, -0.02171,  0.12084,  0.1192,  1.86589,  0.30939
5667, 1973,  0.04757,  0.05011, -0.0244,  0.32001,  0.1192,  1.78942,  0.30939
5668, 1975,  0.04536,  0.05278, -0.01982,  0.32001,  0.12251,  1.78942,  0.34048
5669, 1974,  0.05099,  0.04768, -0.01772,  0.12084,  0.12251,  1.86589,  0.34048
5670, 1906,  0.0499,  0.04988, -0.01303,  0.12084,  0.12616,  1.86589,  0.36716
5671, 1974,  0.05099,  0.04768, -0.01772,  0.12084,  0.12251,  1.86589,  0.34048
5672, 1975,  0.04536,  0.05278, -0.01982,  0.32001,  0.12251,  1.78942,  0.34048
5673, 1906,  0.0499,  0.04988, -0.01303,  0.12084,  0.12616,  1.86589,  0.36716
5674, 1975,  0.04536,  0.05278, -0.01982,  0.32001,  0.12251,  1.78942,  0.34048
5675, 1907,  0.04358,  0.0553, -0.01452,  0.32001,  0.12616,  1.78942,  0.36716
5676, 1976,  0.04574,  0.05242, -0.00235,  0.27999,  0.28193,  1.22788,  0.38229
5677, 1977,  0.04934,  0.05253, -0.00248,  0.14747,  0.2824,  1.12651,  0.38229
5678, 1978,  0.04881,  0.05119, -0.00825,  0.14747,  0.26055,  1.12651,  0.35616
5679, 1976,  0.04574,  0.05242, -0.00235,  0.27999,  0.28193,  1.22788,  0.38229
5680, 1978,  0.04881,  0.05119, -0.00825,  0.14747,  0.26055,  1.12651,  0.35616
5681, 1979,  0.0454,  0.05116, -0.00871,  0.27999,  0.26007,  1.22788,  0.35616
5682, 1979,  0.0454,  0.05116, -0.00871,  0.27999,  0.26007,  1.22788,  0.35616
5683, 1978,  0.04881,  0.05119, -0.00825,  0.14747,  0.26055,  1.12651,  0.35616
5684, 1980,  0.04875,  0.0496, -0.01337,  0.14747,  0.24226,  1.12651,  0.34078
5685, 1979,  0.0454,  0.05116, -0.00871,  0.27999,  0.26007,  1.22788,  0.35616
5686, 1980,  0.04875,  0.0496, -0.01337,  0.14747,  0.24226,  1.12651,  0.34078
5687, 1981,  0.04544,  0.0518, -0.01452,  0.27999,  0.2418,  1.22788,  0.34078
5688, 1982,  0.0465,  0.05426,  0.00447,  0.27999,  0.30639,  1.22788,  0.42882
5689, 1977,  0.04934,  0.05253, -0.00248,  0.14747,  0.2824,  1.12651,  0.38229
5690, 1976,  0.04574,  0.05242, -0.00235,  0.27999,  0.28193,  1.22788,  0.38229
5691, 1982,  0.0465,  0.05426,  0.00447,  0.27999,  0.30639,  1.22788,  0.42882
5692, 1983,  0.04985,  0.05376,  0.00403,  0.14747,  0.30686,  1.12651,  0.42882
5693, 1977,  0.04934,  0.05253, -0.00248,  0.14747,  0.2824,  1.12651,  0.38229
5694, 1984,  0.04797,  0.05577,  0.01146,  0.27999,  0.33202,  1.22788,  0.48485
5695, 1983,  0.04985,  0.05376,  0.00403,  0.14747,  0.30686,  1.12651,  0.42882
5696, 1982,  0.0465,  0.05426,  0.00447,  0.27999,  0.30639,  1.22788,  0.42882
5697, 1984,  0.04797,  0.05577,  0.01146,  0.27999,  0.33202,  1.22788,  0.48485
5698, 1985,  0.05097,  0.05493,  0.01084,  0.14747,  0.33249,  1.12651,  0.48485
5699, 1983,  0.04985,  0.05376,  0.00403,  0.14747,  0.30686,  1.12651,  0.42882
5700, 1985,  0.05097,  0.05493,  0.01084,  0.14747,  0.33249,  1.12651,  0.48485
5701, 1984,  0.04797,  0.05577,  0.01146,  0.27999,  0.33202,  1.22788,  0.48485
5702, 1986,  0.05042,  0.05725,  0.01825,  0.27999,  0.35737,  1.22788,  0.53953
5703, 1985,  0.05097,  0.05493,  0.01084,  0.14747,  0.33249,  1.12651,  0.48485
5704, 1986,  0.05042,  0.05725,  0.01825,  0.27999,  0.35737,  1.22788,  0.53953
5705, 1987,  0.05333,  0.05601,  0.01753,  0.14747,  0.35784,  1.12651,  0.53953
5706, 1988,  0.05685,  0.05656,  0.02437,  0.14747,  0.38339,  1.12651,  0.60117
5707, 1987,  0.05333,  0.05601,  0.01753,  0.14747,  0.35784,  1.12651,  0.53953
5708, 1986,  0.05042,  0.05725,  0.01825,  0.27999,  0.35737,  1.22788,  0.53953
5709, 1988,  0.05685,  0.05656,  0.02437,  0.14747,  0.38339,  1.12651,  0.60117
5710, 1986,  0.05042,  0.05725,  0.01825,  0.27999,  0.35737,  1.22788,  0.53953
5711, 1989,  0.05381,  0.05784,  0.02515,  0.27999,  0.38292,  1.22788,  0.60117
5712, 1990,  0.05815,  0.05781,  0.03236,  0.27999,  0.52879,  1.22788,  0.67809
5713, 1988,  0.05685,  0.05656,  0.02437,  0.14747,  0.38339,  1.12651,  0.60117
5714, 1989,  0.05381,  0.05784,  0.02515,  0.27999,  0.38292,  1.22788,  0.60117
5715, 1990,  0.05815,  0.05781,  0.03236,  0.27999,  0.52879,  1.22788,  0.67809
5716, 1991,  0.06148,  0.05624,  0.03161,  0.14747,  0.52931,  1.12651,  0.67809
5717, 1988,  0.05685,  0.05656,  0.02437,  0.14747,  0.38339,  1.12651,  0.60117
5718, 1992,  0.06289,  0.05723,  0.03996,  0.27999,  0.55855,  1.22788,  0.75294
5719, 1991,  0.06148,  0.05624,  0.03161,  0.14747,  0.52931,  1.12651,  0.67809
5720, 1990,  0.05815,  0.05781,  0.03236,  0.27999,  0.52879,  1.22788,  0.67809
5721, 1992,  0.06289,  0.05723,  0.03996,  0.27999,  0.55855,  1.22788,  0.75294
5722, 1993,  0.06637,  0.05546,  0.03928,  0.14747,  0.55907,  1.12651,  0.75294
5723, 1991,  0.06148,  0.05624,  0.03161,  0.14747,  0.52931,  1.12651,  0.67809
5724, 1994,  0.06749,  0.05618,  0.04804,  0.27999,  0.58861,  1.22788,  0.80833
5725, 1993,  0.06637,  0.05546,  0.03928,  0.14747,  0.55907,  1.12651,  0.75294
5726, 1992,  0.06289,  0.05723,  0.03996,  0.27999,  0.55855,  1.22788,  0.75294
5727, 1994,  0.06749,  0.05618,  0.04804,  0.27999,  0.58861,  1.22788,  0.80833
5728, 1995,  0.07068,  0.05461,  0.04737,  0.14747,  0.58913,  1.12651,  0.80833
5729, 1993,  0.06637,  0.05546,  0.03928,  0.14747,  0.55907,  1.12651,  0.75294
5730, 1996,  0.07201,  0.05489,  0.05634,  0.27999,  0.61881,  1.22788,  0.85401
5731, 1995,  0.07068,  0.05461,  0.04737,  0.14747,  0.58913,  1.12651,  0.80833
5732, 1994,  0.06749,  0.05618,  0.04804,  0.27999,  0.58861,  1.22788,  0.80833
5733, 1996,  0.07201,  0.05489,  0.05634,  0.27999,  0.61881,  1.22788,  0.85401
5734, 1997,  0.07468,  0.05372,  0.05568,  0.14747,  0.61933,  1.12651,  0.85401
5735, 1995,  0.07068,  0.05461,  0.04737,  0.14747,  0.58913,  1.12651,  0.80833
5736, 1998,  0.06591,  0.03567, -0.03234,  0.14747,  0.1271,  1.12651,  0.20039
5737, 1999,  0.06707,  0.0334, -0.03169,  0.14747,  0.07837,  1.12651,  0.17403
5738, 2000,  0.06589,  0.03278, -0.03265,  0.27999,  0.07842,  1.22788,  0.17403
5739, 1998,  0.06591,  0.03567, -0.03234,  0.14747,  0.1271,  1.12651,  0.20039
5740, 2000,  0.06589,  0.03278, -0.03265,  0.27999,  0.07842,  1.22788,  0.17403
5741, 2001,  0.06403,  0.03522, -0.0338,  0.27999,  0.12709,  1.22788,  0.20039
5742, 2002,  0.06792,  0.0309, -0.03074,  0.14747,  0.002,  1.12651,  0.14148
5743, 2000,  0.06589,  0.03278, -0.03265,  0.27999,  0.07842,  1.22788,  0.17403
5744, 1999,  0.06707,  0.0334, -0.03169,  0.14747,  0.07837,  1.12651,  0.17403
5745, 2002,  0.06792,  0.0309, -0.03074,  0.14747,  0.002,  1.12651,  0.14148
5746, 2003,  0.0673,  0.03043, -0.03125,  0.27999,  0.002,  1.22788,  0.14148
5747, 2000,  0.06589,  0.03278, -0.03265,  0.27999,  0.07842,  1.22788,  0.17403
5748, 2001,  0.06403,  0.03522, -0.0338,  0.27999,  0.12709,  1.22788,  0.20039
5749, 2004,  0.06413,  0.03749, -0.03242,  0.14747,  0.15009,  1.12651,  0.21437
5750, 1998,  0.06591,  0.03567, -0.03234,  0.14747,  0.1271,  1.12651,  0.20039
5751, 2001,  0.06403,  0.03522, -0.0338,  0.27999,  0.12709,  1.22788,  0.20039
5752, 2005,  0.06127,  0.03778, -0.03447,  0.27999,  0.14979,  1.22788,  0.21437
5753, 2004,  0.06413,  0.03749, -0.03242,  0.14747,  0.15009,  1.12651,  0.21437
5754, 2006,  0.0581,  0.04014, -0.03431,  0.27999,  0.15997,  1.22788,  0.22209
5755, 2004,  0.06413,  0.03749, -0.03242,  0.14747,  0.15009,  1.12651,  0.21437
5756, 2005,  0.06127,  0.03778, -0.03447,  0.27999,  0.14979,  1.22788,  0.21437
5757, 2006,  0.0581,  0.04014, -0.03431,  0.27999,  0.15997,  1.22788,  0.22209
5758, 2007,  0.06181,  0.03904, -0.0318,  0.14747,  0.16051,  1.12651,  0.22209
5759, 2004,  0.06413,  0.03749, -0.03242,  0.14747,  0.15009,  1.12651,  0.21437
5760, 2007,  0.06181,  0.03904, -0.0318,  0.14747,  0.16051,  1.12651,  0.22209
5761, 2006,  0.0581,  0.04014, -0.03431,  0.27999,  0.15997,  1.22788,  0.22209
5762, 2008,  0.05502,  0.04197, -0.03294,  0.27999,  0.17109,  1.22788,  0.22964
5763, 2007,  0.06181,  0.03904, -0.0318,  0.14747,  0.16051,  1.12651,  0.22209
5764, 2008,  0.05502,  0.04197, -0.03294,  0.27999,  0.17109,  1.22788,  0.22964
5765, 2009,  0.05901,  0.04054, -0.03032,  0.14747,  0.17152,  1.12651,  0.22964
5766, 2010,  0.05614,  0.04209, -0.02812,  0.14747,  0.18275,  1.12651,  0.24471
5767, 2009,  0.05901,  0.04054, -0.03032,  0.14747,  0.17152,  1.12651,  0.22964
5768, 2008,  0.05502,  0.04197, -0.03294,  0.27999,  0.17109,  1.22788,  0.22964
5769, 2010,  0.05614,  0.04209, -0.02812,  0.14747,  0.18275,  1.12651,  0.24471
5770, 2008,  0.05502,  0.04197, -0.03294,  0.27999,  0.17109,  1.22788,  0.22964
5771, 2011,  0.05219,  0.04358, -0.0306,  0.27999,  0.18252,  1.22788,  0.24471
5772, 2010,  0.05614,  0.04209, -0.02812,  0.14747,  0.18275,  1.12651,  0.24471
5773, 2011,  0.05219,  0.04358, -0.0306,  0.27999,  0.18252,  1.22788,  0.24471
5774, 2012,  0.04979,  0.04533, -0.0275,  0.27999,  0.19363,  1.22788,  0.27497
5775, 2010,  0.05614,  0.04209, -0.02812,  0.14747,  0.18275,  1.12651,  0.24471
5776, 2012,  0.04979,  0.04533, -0.0275,  0.27999,  0.19363,  1.22788,  0.27497
5777, 2013,  0.05359,  0.04386, -0.02534,  0.14747,  0.19379,  1.12651,  0.27497
5778, 2014,  0.05139,  0.04568, -0.02192,  0.14747,  0.21577,  1.12651,  0.3068
5779, 2013,  0.05359,  0.04386, -0.02534,  0.14747,  0.19379,  1.12651,  0.27497
5780, 2012,  0.04979,  0.04533, -0.0275,  0.27999,  0.19363,  1.22788,  0.27497
5781, 2014,  0.05139,  0.04568, -0.02192,  0.14747,  0.21577,  1.12651,  0.3068
5782, 2012,  0.04979,  0.04533, -0.0275,  0.27999,  0.19363,  1.22788,  0.27497
5783, 2015,  0.04782,  0.04697, -0.02371,  0.27999,  0.21551,  1.22788,  0.3068
5784, 2015,  0.04782,  0.04697, -0.02371,  0.27999,  0.21551,  1.22788,  0.3068
5785, 2016,  0.04971,  0.0477, -0.01794,  0.14747,  0.22847,  1.12651,  0.32653
5786, 2014,  0.05139,  0.04568, -0.02192,  0.14747,  0.21577,  1.12651,  0.3068
5787, 2015,  0.04782,  0.04697, -0.02371,  0.27999,  0.21551,  1.22788,  0.3068
5788, 2017,  0.04642,  0.04859, -0.01941,  0.27999,  0.22811,  1.22788,  0.32653
5789, 2016,  0.04971,  0.0477, -0.01794,  0.14747,  0.22847,  1.12651,  0.32653
5790, 1980,  0.04875,  0.0496, -0.01337,  0.14747,  0.24226,  1.12651,  0.34078
5791, 2016,  0.04971,  0.0477, -0.01794,  0.14747,  0.22847,  1.12651,  0.32653
5792, 2017,  0.04642,  0.04859, -0.01941,  0.27999,  0.22811,  1.22788,  0.32653
5793, 1980,  0.04875,  0.0496, -0.01337,  0.14747,  0.24226,  1.12651,  0.34078
5794, 2017,  0.04642,  0.04859, -0.01941,  0.27999,  0.22811,  1.22788,  0.32653
5795, 1981,  0.04544,  0.0518, -0.01452,  0.27999,  0.2418,  1.22788,  0.34078
5796, 2018,  0.07071, -0.01612,  0.1224,  0.39926,  0.86974,  1.41716,  0.77708
5797, 2019,  0.06705, -0.01472,  0.12399,  0.39926,  0.88511,  1.41716,  0.79036
5798, 2020,  0.06502, -0.02207,  0.12282,  0.18205,  0.88511,  1.51853,  0.79036
5799, 2018,  0.07071, -0.01612,  0.1224,  0.39926,  0.86974,  1.41716,  0.77708
5800, 2020,  0.06502, -0.02207,  0.12282,  0.18205,  0.88511,  1.51853,  0.79036
5801, 2021,  0.06725, -0.02372,  0.12152,  0.18205,  0.86974,  1.51853,  0.77708
5802, 2022,  0.06326, -0.01322,  0.12562,  0.39926,  0.90072,  1.41716,  0.80385
5803, 2020,  0.06502, -0.02207,  0.12282,  0.18205,  0.88511,  1.51853,  0.79036
5804, 2019,  0.06705, -0.01472,  0.12399,  0.39926,  0.88511,  1.41716,  0.79036
5805, 2022,  0.06326, -0.01322,  0.12562,  0.39926,  0.90072,  1.41716,  0.80385
5806, 2023,  0.06251, -0.02033,  0.12414,  0.18205,  0.90072,  1.51853,  0.80385
5807, 2020,  0.06502, -0.02207,  0.12282,  0.18205,  0.88511,  1.51853,  0.79036
5808, 2021,  0.06725, -0.02372,  0.12152,  0.18205,  0.86974,  1.51853,  0.77708
5809, 2024,  0.07415, -0.01732,  0.12088,  0.39926,  0.85487,  1.41716,  0.76424
5810, 2018,  0.07071, -0.01612,  0.1224,  0.39926,  0.86974,  1.41716,  0.77708
5811, 2021,  0.06725, -0.02372,  0.12152,  0.18205,  0.86974,  1.51853,  0.77708
5812, 2025,  0.06893, -0.02515,  0.12025,  0.18205,  0.85487,  1.51853,  0.76424
5813, 2024,  0.07415, -0.01732,  0.12088,  0.39926,  0.85487,  1.41716,  0.76424
5814, 2026,  0.07066, -0.02732,  0.11815,  0.18205,  0.83843,  1.51853,  0.75003
5815, 2024,  0.07415, -0.01732,  0.12088,  0.39926,  0.85487,  1.41716,  0.76424
5816, 2025,  0.06893, -0.02515,  0.12025,  0.18205,  0.85487,  1.51853,  0.76424
5817, 2026,  0.07066, -0.02732,  0.11815,  0.18205,  0.83843,  1.51853,  0.75003
5818, 2027,  0.07771, -0.01896,  0.11877,  0.39926,  0.83843,  1.41716,  0.75003
5819, 2024,  0.07415, -0.01732,  0.12088,  0.39926,  0.85487,  1.41716,  0.76424
5820, 2026,  0.07066, -0.02732,  0.11815,  0.18205,  0.83843,  1.51853,  0.75003
5821, 2028,  0.08177, -0.02166,  0.11543,  0.39926,  0.81834,  1.41716,  0.73267
5822, 2027,  0.07771, -0.01896,  0.11877,  0.39926,  0.83843,  1.41716,  0.75003
5823, 2026,  0.07066, -0.02732,  0.11815,  0.18205,  0.83843,  1.51853,  0.75003
5824, 2029,  0.07302, -0.03117,  0.11433,  0.18205,  0.81834,  1.51853,  0.73267
5825, 2028,  0.08177, -0.02166,  0.11543,  0.39926,  0.81834,  1.41716,  0.73267
5826, 2030,  0.07524, -0.03567,  0.10966,  0.18205,  0.79212,  1.51853,  0.71292
5827, 2028,  0.08177, -0.02166,  0.11543,  0.39926,  0.81834,  1.41716,  0.73267
5828, 2029,  0.07302, -0.03117,  0.11433,  0.18205,  0.81834,  1.51853,  0.73267
5829, 2030,  0.07524, -0.03567,  0.10966,  0.18205,  0.79212,  1.51853,  0.71292
5830, 2031,  0.08562, -0.02497,  0.11108,  0.39926,  0.79212,  1.41716,  0.71292
5831, 2028,  0.08177, -0.02166,  0.11543,  0.39926,  0.81834,  1.41716,  0.73267
5832, 2030,  0.07524, -0.03567,  0.10966,  0.18205,  0.79212,  1.51853,  0.71292
5833, 2032,  0.08857, -0.02844,  0.10594,  0.39926,  0.75731,  1.41716,  0.69155
5834, 2031,  0.08562, -0.02497,  0.11108,  0.39926,  0.79212,  1.41716,  0.71292
5835, 2030,  0.07524, -0.03567,  0.10966,  0.18205,  0.79212,  1.51853,  0.71292
5836, 2033,  0.07652, -0.03974,  0.10502,  0.18205,  0.75731,  1.51853,  0.69155
5837, 2032,  0.08857, -0.02844,  0.10594,  0.39926,  0.75731,  1.41716,  0.69155
5838, 2034,  0.09065, -0.03188,  0.10034,  0.39926,  0.72098,  1.41716,  0.66886
5839, 2032,  0.08857, -0.02844,  0.10594,  0.39926,  0.75731,  1.41716,  0.69155
5840, 2033,  0.07652, -0.03974,  0.10502,  0.18205,  0.75731,  1.51853,  0.69155
5841, 2034,  0.09065, -0.03188,  0.10034,  0.39926,  0.72098,  1.41716,  0.66886
5842, 2033,  0.07652, -0.03974,  0.10502,  0.18205,  0.75731,  1.51853,  0.69155
5843, 2035,  0.07704, -0.04339,  0.10025,  0.18205,  0.72098,  1.51853,  0.66886
5844, 2034,  0.09065, -0.03188,  0.10034,  0.39926,  0.72098,  1.41716,  0.66886
5845, 2035,  0.07704, -0.04339,  0.10025,  0.18205,  0.72098,  1.51853,  0.66886
5846, 2036,  0.07697, -0.0466,  0.09521,  0.18205,  0.69019,  1.51853,  0.64516
5847, 2034,  0.09065, -0.03188,  0.10034,  0.39926,  0.72098,  1.41716,  0.66886
5848, 2036,  0.07697, -0.0466,  0.09521,  0.18205,  0.69019,  1.51853,  0.64516
5849, 2037,  0.09189, -0.03509,  0.09459,  0.39926,  0.69019,  1.41716,  0.64516
5850, 2038,  0.09227, -0.03811,  0.08861,  0.39926,  0.66161,  1.41716,  0.62047
5851, 2037,  0.09189, -0.03509,  0.09459,  0.39926,  0.69019,  1.41716,  0.64516
5852, 2036,  0.07697, -0.0466,  0.09521,  0.18205,  0.69019,  1.51853,  0.64516
5853, 2038,  0.09227, -0.03811,  0.08861,  0.39926,  0.66161,  1.41716,  0.62047
5854, 2036,  0.07697, -0.0466,  0.09521,  0.18205,  0.69019,  1.51853,  0.64516
5855, 2039,  0.0762, -0.04945,  0.08965,  0.18205,  0.66161,  1.51853,  0.62047
5856, 2039,  0.0762, -0.04945,  0.08965,  0.18205,  0.66161,  1.51853,  0.62047
5857, 2040,  0.09177, -0.04096,  0.0823,  0.39926,  0.63189,  1.41716,  0.59478
5858, 2038,  0.09227, -0.03811,  0.08861,  0.39926,  0.66161,  1.41716,  0.62047
5859, 2039,  0.0762, -0.04945,  0.08965,  0.18205,  0.66161,  1.51853,  0.62047
5860, 2041,  0.07462, -0.05203,  0.0833,  0.18205,  0.63189,  1.51853,  0.59478
5861, 2040,  0.09177, -0.04096,  0.0823,  0.39926,  0.63189,  1.41716,  0.59478
5862, 2042,  0.09028, -0.04378,  0.07563,  0.39926,  0.60178,  1.41716,  0.56844
5863, 2040,  0.09177, -0.04096,  0.0823,  0.39926,  0.63189,  1.41716,  0.59478
5864, 2041,  0.07462, -0.05203,  0.0833,  0.18205,  0.63189,  1.51853,  0.59478
5865, 2042,  0.09028, -0.04378,  0.07563,  0.39926,  0.60178,  1.41716,  0.56844
5866, 2041,  0.07462, -0.05203,  0.0833,  0.18205,  0.63189,  1.51853,  0.59478
5867, 2043,  0.0721, -0.05458,  0.07642,  0.18205,  0.60178,  1.51853,  0.56844
5868, 2043,  0.0721, -0.05458,  0.07642,  0.18205,  0.60178,  1.51853,  0.56844
5869, 2044,  0.0877, -0.04668,  0.06859,  0.39926,  0.57206,  1.41716,  0.54176
5870, 2042,  0.09028, -0.04378,  0.07563,  0.39926,  0.60178,  1.41716,  0.56844
5871, 2043,  0.0721, -0.05458,  0.07642,  0.18205,  0.60178,  1.51853,  0.56844
5872, 2045,  0.06851, -0.05737,  0.06925,  0.18205,  0.57206,  1.51853,  0.54176
5873, 2044,  0.0877, -0.04668,  0.06859,  0.39926,  0.57206,  1.41716,  0.54176
5874, 2046,  0.06415, -0.06003,  0.06163,  0.18205,  0.53899,  1.51853,  0.51482
5875, 2044,  0.0877, -0.04668,  0.06859,  0.39926,  0.57206,  1.41716,  0.54176
5876, 2045,  0.06851, -0.05737,  0.06925,  0.18205,  0.57206,  1.51853,  0.54176
5877, 2046,  0.06415, -0.06003,  0.06163,  0.18205,  0.53899,  1.51853,  0.51482
5878, 2047,  0.08365, -0.0496,  0.06095,  0.39926,  0.53899,  1.41716,  0.51482
5879, 2044,  0.0877, -0.04668,  0.06859,  0.39926,  0.57206,  1.41716,  0.54176
5880, 2047,  0.08365, -0.0496,  0.06095,  0.39926,  0.53899,  1.41716,  0.51482
5881, 2046,  0.06415, -0.06003,  0.06163,  0.18205,  0.53899,  1.51853,  0.51482
5882, 2048,  0.05934, -0.06224,  0.05335,  0.18205,  0.48507,  1.51853,  0.48771
5883, 2047,  0.08365, -0.0496,  0.06095,  0.39926,  0.53899,  1.41716,  0.51482
5884, 2048,  0.05934, -0.06224,  0.05335,  0.18205,  0.48507,  1.51853,  0.48771
5885, 2049,  0.07776, -0.05247,  0.0525,  0.39926,  0.48507,  1.41716,  0.48771
5886, 2050,  0.07137, -0.05454,  0.04397,  0.39926,  0.34157,  1.41716,  0.45998
5887, 2049,  0.07776, -0.05247,  0.0525,  0.39926,  0.48507,  1.41716,  0.48771
5888, 2048,  0.05934, -0.06224,  0.05335,  0.18205,  0.48507,  1.51853,  0.48771
5889, 2050,  0.07137, -0.05454,  0.04397,  0.39926,  0.34157,  1.41716,  0.45998
5890, 2048,  0.05934, -0.06224,  0.05335,  0.18205,  0.48507,  1.51853,  0.48771
5891, 2051,  0.05498, -0.06369,  0.04509,  0.18205,  0.34199,  1.51853,  0.45998
5892, 2051,  0.05498, -0.06369,  0.04509,  0.18205,  0.34199,  1.51853,  0.45998
5893, 2052,  0.06582, -0.05506,  0.03607,  0.39926,  0.29936,  1.41716,  0.43119
5894, 2050,  0.07137, -0.05454,  0.04397,  0.39926,  0.34157,  1.41716,  0.45998
5895, 2051,  0.05498, -0.06369,  0.04509,  0.18205,  0.34199,  1.51853,  0.45998
5896, 2053,  0.05191, -0.06366,  0.03754,  0.18205,  0.29936,  1.51853,  0.43119
5897, 2052,  0.06582, -0.05506,  0.03607,  0.39926,  0.29936,  1.41716,  0.43119
5898, 2054,  0.04965, -0.06293,  0.03041,  0.18205,  0.25725,  1.51853,  0.4021
5899, 2052,  0.06582, -0.05506,  0.03607,  0.39926,  0.29936,  1.41716,  0.43119
5900, 2053,  0.05191, -0.06366,  0.03754,  0.18205,  0.29936,  1.51853,  0.43119
5901, 2054,  0.04965, -0.06293,  0.03041,  0.18205,  0.25725,  1.51853,  0.4021
5902, 2055,  0.06123, -0.05396,  0.0286,  0.39926,  0.25725,  1.41716,  0.4021
5903, 2052,  0.06582, -0.05506,  0.03607,  0.39926,  0.29936,  1.41716,  0.43119
5904, 2054,  0.04965, -0.06293,  0.03041,  0.18205,  0.25725,  1.51853,  0.4021
5905, 2056,  0.05848, -0.05494,  0.02199,  0.39926,  0.21851,  1.41716,  0.37344
5906, 2055,  0.06123, -0.05396,  0.0286,  0.39926,  0.25725,  1.41716,  0.4021
5907, 2054,  0.04965, -0.06293,  0.03041,  0.18205,  0.25725,  1.51853,  0.4021
5908, 2057,  0.04785, -0.06358,  0.02313,  0.18205,  0.21851,  1.51853,  0.37344
5909, 2056,  0.05848, -0.05494,  0.02199,  0.39926,  0.21851,  1.41716,  0.37344
5910, 2058,  0.05645, -0.05486,  0.01565,  0.39926,  0.16975,  1.41716,  0.34733
5911, 2056,  0.05848, -0.05494,  0.02199,  0.39926,  0.21851,  1.41716,  0.37344
5912, 2057,  0.04785, -0.06358,  0.02313,  0.18205,  0.21851,  1.51853,  0.37344
5913, 2058,  0.05645, -0.05486,  0.01565,  0.39926,  0.16975,  1.41716,  0.34733
5914, 2057,  0.04785, -0.06358,  0.02313,  0.18205,  0.21851,  1.51853,  0.37344
5915, 2059,  0.04647, -0.06304,  0.01601,  0.18205,  0.16975,  1.51853,  0.34733
5916, 2059,  0.04647, -0.06304,  0.01601,  0.18205,  0.16975,  1.51853,  0.34733
5917, 2060,  0.05478, -0.05432,  0.00963,  0.39926,  0.1502,  1.41716,  0.32586
5918, 2058,  0.05645, -0.05486,  0.01565,  0.39926,  0.16975,  1.41716,  0.34733
5919, 2059,  0.04647, -0.06304,  0.01601,  0.18205,  0.16975,  1.51853,  0.34733
5920, 2061,  0.04594, -0.06214,  0.00893,  0.18205,  0.1502,  1.51853,  0.32586
5921, 2060,  0.05478, -0.05432,  0.00963,  0.39926,  0.1502,  1.41716,  0.32586
5922, 2062,  0.04635, -0.06078,  0.00155,  0.18205,  0.13384,  1.51853,  0.30713
5923, 2060,  0.05478, -0.05432,  0.00963,  0.39926,  0.1502,  1.41716,  0.32586
5924, 2061,  0.04594, -0.06214,  0.00893,  0.18205,  0.1502,  1.51853,  0.32586
5925, 2062,  0.04635, -0.06078,  0.00155,  0.18205,  0.13384,  1.51853,  0.30713
5926, 2063,  0.05391, -0.05333,  0.00337,  0.39926,  0.13384,  1.41716,  0.30713
5927, 2060,  0.05478, -0.05432,  0.00963,  0.39926,  0.1502,  1.41716,  0.32586
5928, 2062,  0.04635, -0.06078,  0.00155,  0.18205,  0.13384,  1.51853,  0.30713
5929, 2064,  0.05431, -0.05189, -0.0037,  0.39926,  0.12022,  1.41716,  0.28923
5930, 2063,  0.05391, -0.05333,  0.00337,  0.39926,  0.13384,  1.41716,  0.30713
5931, 2062,  0.04635, -0.06078,  0.00155,  0.18205,  0.13384,  1.51853,  0.30713
5932, 2065,  0.04783, -0.05882, -0.00644,  0.18205,  0.12022,  1.51853,  0.28923
5933, 2064,  0.05431, -0.05189, -0.0037,  0.39926,  0.12022,  1.41716,  0.28923
5934, 2066,  0.05025, -0.05611, -0.01426,  0.18205,  0.10704,  1.51853,  0.27043
5935, 2064,  0.05431, -0.05189, -0.0037,  0.39926,  0.12022,  1.41716,  0.28923
5936, 2065,  0.04783, -0.05882, -0.00644,  0.18205,  0.12022,  1.51853,  0.28923
5937, 2066,  0.05025, -0.05611, -0.01426,  0.18205,  0.10704,  1.51853,  0.27043
5938, 2067,  0.05585, -0.04982, -0.01086,  0.39926,  0.10704,  1.41716,  0.27043
5939, 2064,  0.05431, -0.05189, -0.0037,  0.39926,  0.12022,  1.41716,  0.28923
5940, 2067,  0.05585, -0.04982, -0.01086,  0.39926,  0.10704,  1.41716,  0.27043
5941, 2066,  0.05025, -0.05611, -0.01426,  0.18205,  0.10704,  1.51853,  0.27043
5942, 2068,  0.05351, -0.05251, -0.02117,  0.18205,  0.09202,  1.51853,  0.24901
5943, 2067,  0.05585, -0.04982, -0.01086,  0.39926,  0.10704,  1.41716,  0.27043
5944, 2068,  0.05351, -0.05251, -0.02117,  0.18205,  0.09202,  1.51853,  0.24901
5945, 2069,  0.05842, -0.04697, -0.01738,  0.39926,  0.09202,  1.41716,  0.24901
5946, 2070,  0.06136, -0.0437, -0.02261,  0.39926,  0.07694,  1.41716,  0.22838
5947, 2069,  0.05842, -0.04697, -0.01738,  0.39926,  0.09202,  1.41716,  0.24901
5948, 2068,  0.05351, -0.05251, -0.02117,  0.18205,  0.09202,  1.51853,  0.24901
5949, 2070,  0.06136, -0.0437, -0.02261,  0.39926,  0.07694,  1.41716,  0.22838
5950, 2068,  0.05351, -0.05251, -0.02117,  0.18205,  0.09202,  1.51853,  0.24901
5951, 2071,  0.05718, -0.04821, -0.02663,  0.18205,  0.07694,  1.51853,  0.22838
5952, 2070,  0.06136, -0.0437, -0.02261,  0.39926,  0.07694,  1.41716,  0.22838
5953, 2071,  0.05718, -0.04821, -0.02663,  0.18205,  0.07694,  1.51853,  0.22838
5954, 2072,  0.06084, -0.04342, -0.0301,  0.18205,  0.06359,  1.51853,  0.21193
5955, 2070,  0.06136, -0.0437, -0.02261,  0.39926,  0.07694,  1.41716,  0.22838
5956, 2072,  0.06084, -0.04342, -0.0301,  0.18205,  0.06359,  1.51853,  0.21193
5957, 2073,  0.06405, -0.04039, -0.0259,  0.39926,  0.06359,  1.41716,  0.21193
5958, 2074,  0.06675, -0.03663, -0.0279,  0.39926,  0.04957,  1.41716,  0.19674
5959, 2073,  0.06405, -0.04039, -0.0259,  0.39926,  0.06359,  1.41716,  0.21193
5960, 2072,  0.06084, -0.04342, -0.0301,  0.18205,  0.06359,  1.51853,  0.21193
5961, 2074,  0.06675, -0.03663, -0.0279,  0.39926,  0.04957,  1.41716,  0.19674
5962, 2072,  0.06084, -0.04342, -0.0301,  0.18205,  0.06359,  1.51853,  0.21193
5963, 2075,  0.06465, -0.03831, -0.0321,  0.18205,  0.04957,  1.51853,  0.19674
5964, 2075,  0.06465, -0.03831, -0.0321,  0.18205,  0.04957,  1.51853,  0.19674
5965, 2076,  0.06974, -0.03201, -0.02926,  0.39926,  0.03251,  1.41716,  0.17987
5966, 2074,  0.06675, -0.03663, -0.0279,  0.39926,  0.04957,  1.41716,  0.19674
5967, 2075,  0.06465, -0.03831, -0.0321,  0.18205,  0.04957,  1.51853,  0.19674
5968, 2077,  0.06878, -0.03307, -0.03314,  0.18205,  0.03251,  1.51853,  0.17987
5969, 2076,  0.06974, -0.03201, -0.02926,  0.39926,  0.03251,  1.41716,  0.17987
5970, 2078,  0.07306, -0.02775, -0.0337,  0.18205,  0.002,  1.51853,  0.16216
5971, 2076,  0.06974, -0.03201, -0.02926,  0.39926,  0.03251,  1.41716,  0.17987
5972, 2077,  0.06878, -0.03307, -0.03314,  0.18205,  0.03251,  1.51853,  0.17987
5973, 2078,  0.07306, -0.02775, -0.0337,  0.18205,  0.002,  1.51853,  0.16216
5974, 2079,  0.07288, -0.02696, -0.03029,  0.39926,  0.002,  1.41716,  0.16216
5975, 2076,  0.06974, -0.03201, -0.02926,  0.39926,  0.03251,  1.41716,  0.17987
5976, 2080,  0.06945, -0.02002,  0.12326,  0.53664,  0.92025,  1.06044,  0.95781
5977, 2081,  0.06642, -0.01874,  0.12445,  0.53664,  0.95409,  1.06044,  0.9692
5978, 2082,  0.06563, -0.02246,  0.12427,  0.59719,  0.95409,  1.11795,  0.9692
5979, 2080,  0.06945, -0.02002,  0.12326,  0.53664,  0.92025,  1.06044,  0.95781
5980, 2082,  0.06563, -0.02246,  0.12427,  0.59719,  0.95409,  1.11795,  0.9692
5981, 2083,  0.06793, -0.02389,  0.12326,  0.59719,  0.92025,  1.11795,  0.95781
5982, 2084,  0.06312, -0.01756,  0.12556,  0.53664,  0.99457,  1.06044,  0.98105
5983, 2082,  0.06563, -0.02246,  0.12427,  0.59719,  0.95409,  1.11795,  0.9692
5984, 2081,  0.06642, -0.01874,  0.12445,  0.53664,  0.95409,  1.06044,  0.9692
5985, 2084,  0.06312, -0.01756,  0.12556,  0.53664,  0.99457,  1.06044,  0.98105
5986, 2085,  0.06303, -0.02114,  0.12527,  0.59719,  0.99457,  1.11795,  0.98105
5987, 2082,  0.06563, -0.02246,  0.12427,  0.59719,  0.95409,  1.11795,  0.9692
5988, 2083,  0.06793, -0.02389,  0.12326,  0.59719,  0.92025,  1.11795,  0.95781
5989, 2086,  0.07197, -0.02154,  0.12195,  0.53664,  0.89968,  1.06044,  0.94732
5990, 2080,  0.06945, -0.02002,  0.12326,  0.53664,  0.92025,  1.06044,  0.95781
5991, 2083,  0.06793, -0.02389,  0.12326,  0.59719,  0.92025,  1.11795,  0.95781
5992, 2087,  0.06961, -0.02555,  0.12223,  0.59719,  0.89968,  1.11795,  0.94732
5993, 2086,  0.07197, -0.02154,  0.12195,  0.53664,  0.89968,  1.06044,  0.94732
5994, 2088,  0.0711, -0.02861,  0.12021,  0.59719,  0.88401,  1.11795,  0.93604
5995, 2086,  0.07197, -0.02154,  0.12195,  0.53664,  0.89968,  1.06044,  0.94732
5996, 2087,  0.06961, -0.02555,  0.12223,  0.59719,  0.89968,  1.11795,  0.94732
5997, 2088,  0.0711, -0.02861,  0.12021,  0.59719,  0.88401,  1.11795,  0.93604
5998, 2089,  0.07429, -0.02416,  0.11979,  0.53664,  0.88401,  1.06044,  0.93604
5999, 2086,  0.07197, -0.02154,  0.12195,  0.53664,  0.89968,  1.06044,  0.94732
6000, 2089,  0.07429, -0.02416,  0.11979,  0.53664,  0.88401,  1.06044,  0.93604
6001, 2088,  0.0711, -0.02861,  0.12021,  0.59719,  0.88401,  1.11795,  0.93604
6002, 2090,  0.07285, -0.03425,  0.11625,  0.59719,  0.86485,  1.11795,  0.92224
6003, 2089,  0.07429, -0.02416,  0.11979,  0.53664,  0.88401,  1.06044,  0.93604
6004, 2090,  0.07285, -0.03425,  0.11625,  0.59719,  0.86485,  1.11795,  0.92224
6005, 2091,  0.07673, -0.02875,  0.11603,  0.53664,  0.86485,  1.06044,  0.92224
6006, 2091,  0.07673, -0.02875,  0.11603,  0.53664,  0.86485,  1.06044,  0.92224
6007, 2090,  0.07285, -0.03425,  0.11625,  0.59719,  0.86485,  1.11795,  0.92224
6008, 2092,  0.07451, -0.04077,  0.11135,  0.59719,  0.84305,  1.11795,  0.90655
6009, 2091,  0.07673, -0.02875,  0.11603,  0.53664,  0.86485,  1.06044,  0.92224
6010, 2092,  0.07451, -0.04077,  0.11135,  0.59719,  0.84305,  1.11795,  0.90655
6011, 2093,  0.07891, -0.03425,  0.11129,  0.53664,  0.84305,  1.06044,  0.90655
6012, 2092,  0.07451, -0.04077,  0.11135,  0.59719,  0.84305,  1.11795,  0.90655
6013, 2094,  0.08046, -0.03959,  0.10618,  0.53664,  0.81947,  1.06044,  0.88957
6014, 2093,  0.07891, -0.03425,  0.11129,  0.53664,  0.84305,  1.06044,  0.90655
6015, 2092,  0.07451, -0.04077,  0.11135,  0.59719,  0.84305,  1.11795,  0.90655
6016, 2095,  0.07574, -0.04642,  0.10651,  0.59719,  0.81947,  1.11795,  0.88957
6017, 2094,  0.08046, -0.03959,  0.10618,  0.53664,  0.81947,  1.06044,  0.88957
6018, 2096,  0.08129, -0.04439,  0.10093,  0.53664,  0.79443,  1.06044,  0.87155
6019, 2094,  0.08046, -0.03959,  0.10618,  0.53664,  0.81947,  1.06044,  0.88957
6020, 2095,  0.07574, -0.04642,  0.10651,  0.59719,  0.81947,  1.11795,  0.88957
6021, 2096,  0.08129, -0.04439,  0.10093,  0.53664,  0.79443,  1.06044,  0.87155
6022, 2095,  0.07574, -0.04642,  0.10651,  0.59719,  0.81947,  1.11795,  0.88957
6023, 2097,  0.07634, -0.05114,  0.10154,  0.59719,  0.79443,  1.11795,  0.87155
6024, 2096,  0.08129, -0.04439,  0.10093,  0.53664,  0.79443,  1.06044,  0.87155
6025, 2097,  0.07634, -0.05114,  0.10154,  0.59719,  0.79443,  1.11795,  0.87155
6026, 2098,  0.07611, -0.05484,  0.09626,  0.59719,  0.76828,  1.11795,  0.85272
6027, 2096,  0.08129, -0.04439,  0.10093,  0.53664,  0.79443,  1.06044,  0.87155
6028, 2098,  0.07611, -0.05484,  0.09626,  0.59719,  0.76828,  1.11795,  0.85272
6029, 2099,  0.08131, -0.04826,  0.09575,  0.53664,  0.76828,  1.06044,  0.85272
6030, 2100,  0.08044, -0.05152,  0.0902,  0.53664,  0.74103,  1.06044,  0.81684
6031, 2099,  0.08131, -0.04826,  0.09575,  0.53664,  0.76828,  1.06044,  0.85272
6032, 2098,  0.07611, -0.05484,  0.09626,  0.59719,  0.76828,  1.11795,  0.85272
6033, 2100,  0.08044, -0.05152,  0.0902,  0.53664,  0.74103,  1.06044,  0.81684
6034, 2098,  0.07611, -0.05484,  0.09626,  0.59719,  0.76828,  1.11795,  0.85272
6035, 2101,  0.07498, -0.05788,  0.09058,  0.59719,  0.74103,  1.11795,  0.81684
6036, 2101,  0.07498, -0.05788,  0.09058,  0.59719,  0.74103,  1.11795,  0.81684
6037, 2102,  0.07859, -0.05446,  0.08383,  0.53664,  0.71269,  1.06044,  0.74763
6038, 2100,  0.08044, -0.05152,  0.0902,  0.53664,  0.74103,  1.06044,  0.81684
6039, 2101,  0.07498, -0.05788,  0.09058,  0.59719,  0.74103,  1.11795,  0.81684
6040, 2103,  0.07291, -0.06059,  0.08441,  0.59719,  0.71269,  1.11795,  0.74763
6041, 2102,  0.07859, -0.05446,  0.08383,  0.53664,  0.71269,  1.06044,  0.74763
6042, 2104,  0.07571, -0.05716,  0.07684,  0.53664,  0.68361,  1.06044,  0.6788
6043, 2102,  0.07859, -0.05446,  0.08383,  0.53664,  0.71269,  1.06044,  0.74763
6044, 2103,  0.07291, -0.06059,  0.08441,  0.59719,  0.71269,  1.11795,  0.74763
6045, 2104,  0.07571, -0.05716,  0.07684,  0.53664,  0.68361,  1.06044,  0.6788
6046, 2103,  0.07291, -0.06059,  0.08441,  0.59719,  0.71269,  1.11795,  0.74763
6047, 2105,  0.06986, -0.06305,  0.07775,  0.59719,  0.68361,  1.11795,  0.6788
6048, 2105,  0.06986, -0.06305,  0.07775,  0.59719,  0.68361,  1.11795,  0.6788
6049, 2106,  0.07176, -0.05967,  0.06948,  0.53664,  0.65417,  1.06044,  0.64403
6050, 2104,  0.07571, -0.05716,  0.07684,  0.53664,  0.68361,  1.06044,  0.6788
6051, 2105,  0.06986, -0.06305,  0.07775,  0.59719,  0.68361,  1.11795,  0.6788
6052, 2107,  0.06579, -0.06531,  0.07061,  0.59719,  0.65417,  1.11795,  0.64403
6053, 2106,  0.07176, -0.05967,  0.06948,  0.53664,  0.65417,  1.06044,  0.64403
6054, 2108,  0.06718, -0.06185,  0.06171,  0.53664,  0.62445,  1.06044,  0.62623
6055, 2106,  0.07176, -0.05967,  0.06948,  0.53664,  0.65417,  1.06044,  0.64403
6056, 2107,  0.06579, -0.06531,  0.07061,  0.59719,  0.65417,  1.11795,  0.64403
6057, 2108,  0.06718, -0.06185,  0.06171,  0.53664,  0.62445,  1.06044,  0.62623
6058, 2107,  0.06579, -0.06531,  0.07061,  0.59719,  0.65417,  1.11795,  0.64403
6059, 2109,  0.06124, -0.06722,  0.06292,  0.59719,  0.62445,  1.11795,  0.62623
6060, 2109,  0.06124, -0.06722,  0.06292,  0.59719,  0.62445,  1.11795,  0.62623
6061, 2110,  0.06241, -0.0636,  0.05352,  0.53664,  0.59453,  1.06044,  0.60831
6062, 2108,  0.06718, -0.06185,  0.06171,  0.53664,  0.62445,  1.06044,  0.62623
6063, 2109,  0.06124, -0.06722,  0.06292,  0.59719,  0.62445,  1.11795,  0.62623
6064, 2111,  0.05674, -0.06863,  0.05461,  0.59719,  0.59453,  1.11795,  0.60831
6065, 2110,  0.06241, -0.0636,  0.05352,  0.53664,  0.59453,  1.06044,  0.60831
6066, 2112,  0.05309, -0.06934,  0.04618,  0.59719,  0.56419,  1.11795,  0.59015
6067, 2110,  0.06241, -0.0636,  0.05352,  0.53664,  0.59453,  1.06044,  0.60831
6068, 2111,  0.05674, -0.06863,  0.05461,  0.59719,  0.59453,  1.11795,  0.60831
6069, 2112,  0.05309, -0.06934,  0.04618,  0.59719,  0.56419,  1.11795,  0.59015
6070, 2113,  0.05835, -0.06453,  0.04532,  0.53664,  0.56419,  1.06044,  0.59015
6071, 2110,  0.06241, -0.0636,  0.05352,  0.53664,  0.59453,  1.06044,  0.60831
6072, 2112,  0.05309, -0.06934,  0.04618,  0.59719,  0.56419,  1.11795,  0.59015
6073, 2114,  0.05591, -0.06426,  0.03752,  0.53664,  0.53322,  1.06044,  0.5716
6074, 2113,  0.05835, -0.06453,  0.04532,  0.53664,  0.56419,  1.06044,  0.59015
6075, 2112,  0.05309, -0.06934,  0.04618,  0.59719,  0.56419,  1.11795,  0.59015
6076, 2115,  0.05107, -0.06912,  0.03816,  0.59719,  0.53322,  1.11795,  0.5716
6077, 2114,  0.05591, -0.06426,  0.03752,  0.53664,  0.53322,  1.06044,  0.5716
6078, 2116,  0.05455, -0.06328,  0.03014,  0.53664,  0.38526,  1.06044,  0.55095
6079, 2114,  0.05591, -0.06426,  0.03752,  0.53664,  0.53322,  1.06044,  0.5716
6080, 2115,  0.05107, -0.06912,  0.03816,  0.59719,  0.53322,  1.11795,  0.5716
6081, 2116,  0.05455, -0.06328,  0.03014,  0.53664,  0.38526,  1.06044,  0.55095
6082, 2115,  0.05107, -0.06912,  0.03816,  0.59719,  0.53322,  1.11795,  0.5716
6083, 2117,  0.05012, -0.06817,  0.03052,  0.59719,  0.38526,  1.11795,  0.55095
6084, 2116,  0.05455, -0.06328,  0.03014,  0.53664,  0.38526,  1.06044,  0.55095
6085, 2117,  0.05012, -0.06817,  0.03052,  0.59719,  0.38526,  1.11795,  0.55095
6086, 2118,  0.04964, -0.06671,  0.02326,  0.59719,  0.35785,  1.11795,  0.52646
6087, 2116,  0.05455, -0.06328,  0.03014,  0.53664,  0.38526,  1.06044,  0.55095
6088, 2118,  0.04964, -0.06671,  0.02326,  0.59719,  0.35785,  1.11795,  0.52646
6089, 2119,  0.05373, -0.06205,  0.02319,  0.53664,  0.35785,  1.06044,  0.52646
6090, 2120,  0.05312, -0.06065,  0.01647,  0.53664,  0.33112,  1.06044,  0.49733
6091, 2119,  0.05373, -0.06205,  0.02319,  0.53664,  0.35785,  1.06044,  0.52646
6092, 2118,  0.04964, -0.06671,  0.02326,  0.59719,  0.35785,  1.11795,  0.52646
6093, 2120,  0.05312, -0.06065,  0.01647,  0.53664,  0.33112,  1.06044,  0.49733
6094, 2118,  0.04964, -0.06671,  0.02326,  0.59719,  0.35785,  1.11795,  0.52646
6095, 2121,  0.04938, -0.06497,  0.01619,  0.59719,  0.33112,  1.11795,  0.49733
6096, 2121,  0.04938, -0.06497,  0.01619,  0.59719,  0.33112,  1.11795,  0.49733
6097, 2122,  0.05244, -0.05916,  0.00976,  0.53664,  0.30531,  1.06044,  0.46278
6098, 2120,  0.05312, -0.06065,  0.01647,  0.53664,  0.33112,  1.06044,  0.49733
6099, 2121,  0.04938, -0.06497,  0.01619,  0.59719,  0.33112,  1.11795,  0.49733
6100, 2123,  0.04909, -0.06322,  0.0091,  0.59719,  0.30531,  1.11795,  0.46278
6101, 2122,  0.05244, -0.05916,  0.00976,  0.53664,  0.30531,  1.06044,  0.46278
6102, 2124,  0.04913, -0.06146,  0.00166,  0.59719,  0.28005,  1.11795,  0.42565
6103, 2122,  0.05244, -0.05916,  0.00976,  0.53664,  0.30531,  1.06044,  0.46278
6104, 2123,  0.04909, -0.06322,  0.0091,  0.59719,  0.30531,  1.11795,  0.46278
6105, 2124,  0.04913, -0.06146,  0.00166,  0.59719,  0.28005,  1.11795,  0.42565
6106, 2125,  0.05211, -0.05752,  0.00275,  0.53664,  0.28005,  1.06044,  0.42565
6107, 2122,  0.05244, -0.05916,  0.00976,  0.53664,  0.30531,  1.06044,  0.46278
6108, 2124,  0.04913, -0.06146,  0.00166,  0.59719,  0.28005,  1.11795,  0.42565
6109, 2126,  0.05258, -0.05569, -0.00488,  0.53664,  0.25498,  1.06044,  0.3888
6110, 2125,  0.05211, -0.05752,  0.00275,  0.53664,  0.28005,  1.06044,  0.42565
6111, 2124,  0.04913, -0.06146,  0.00166,  0.59719,  0.28005,  1.11795,  0.42565
6112, 2127,  0.04988, -0.05968, -0.00647,  0.59719,  0.25498,  1.11795,  0.3888
6113, 2126,  0.05258, -0.05569, -0.00488,  0.53664,  0.25498,  1.06044,  0.3888
6114, 2128,  0.0514, -0.05748, -0.01452,  0.59719,  0.2308,  1.11795,  0.35326
6115, 2126,  0.05258, -0.05569, -0.00488,  0.53664,  0.25498,  1.06044,  0.3888
6116, 2127,  0.04988, -0.05968, -0.00647,  0.59719,  0.25498,  1.11795,  0.3888
6117, 2128,  0.0514, -0.05748, -0.01452,  0.59719,  0.2308,  1.11795,  0.35326
6118, 2129,  0.0539, -0.05348, -0.01243,  0.53664,  0.2308,  1.06044,  0.35326
6119, 2126,  0.05258, -0.05569, -0.00488,  0.53664,  0.25498,  1.06044,  0.3888
6120, 2129,  0.0539, -0.05348, -0.01243,  0.53664,  0.2308,  1.06044,  0.35326
6121, 2128,  0.0514, -0.05748, -0.01452,  0.59719,  0.2308,  1.11795,  0.35326
6122, 2130,  0.05375, -0.05446, -0.0217,  0.59719,  0.19886,  1.11795,  0.32011
6123, 2129,  0.0539, -0.05348, -0.01243,  0.53664,  0.2308,  1.06044,  0.35326
6124, 2130,  0.05375, -0.05446, -0.0217,  0.59719,  0.19886,  1.11795,  0.32011
6125, 2131,  0.05611, -0.05069, -0.01922,  0.53664,  0.19886,  1.06044,  0.32011
6126, 2132,  0.05883, -0.04729, -0.02471,  0.53664,  0.18442,  1.06044,  0.28872
6127, 2131,  0.05611, -0.05069, -0.01922,  0.53664,  0.19886,  1.06044,  0.32011
6128, 2130,  0.05375, -0.05446, -0.0217,  0.59719,  0.19886,  1.11795,  0.32011
6129, 2132,  0.05883, -0.04729, -0.02471,  0.53664,  0.18442,  1.06044,  0.28872
6130, 2130,  0.05375, -0.05446, -0.0217,  0.59719,  0.19886,  1.11795,  0.32011
6131, 2133,  0.05669, -0.05058, -0.02751,  0.59719,  0.18442,  1.11795,  0.28872
6132, 2132,  0.05883, -0.04729, -0.02471,  0.53664,  0.18442,  1.06044,  0.28872
6133, 2133,  0.05669, -0.05058, -0.02751,  0.59719,  0.18442,  1.11795,  0.28872
6134, 2134,  0.05998, -0.0458, -0.03145,  0.59719,  0.17051,  1.11795,  0.25846
6135, 2132,  0.05883, -0.04729, -0.02471,  0.53664,  0.18442,  1.06044,  0.28872
6136, 2134,  0.05998, -0.0458, -0.03145,  0.59719,  0.17051,  1.11795,  0.25846
6137, 2135,  0.0617, -0.04326, -0.02837,  0.53664,  0.17051,  1.06044,  0.25846
6138, 2136,  0.06505, -0.03858, -0.03064,  0.53664,  0.15741,  1.06044,  0.22998
6139, 2135,  0.0617, -0.04326, -0.02837,  0.53664,  0.17051,  1.06044,  0.25846
6140, 2134,  0.05998, -0.0458, -0.03145,  0.59719,  0.17051,  1.11795,  0.25846
6141, 2136,  0.06505, -0.03858, -0.03064,  0.53664,  0.15741,  1.06044,  0.22998
6142, 2134,  0.05998, -0.0458, -0.03145,  0.59719,  0.17051,  1.11795,  0.25846
6143, 2137,  0.06386, -0.04027, -0.03382,  0.59719,  0.15741,  1.11795,  0.22998
6144, 2137,  0.06386, -0.04027, -0.03382,  0.59719,  0.15741,  1.11795,  0.22998
6145, 2138,  0.06921, -0.03323, -0.03195,  0.53664,  0.14541,  1.06044,  0.20388
6146, 2136,  0.06505, -0.03858, -0.03064,  0.53664,  0.15741,  1.06044,  0.22998
6147, 2137,  0.06386, -0.04027, -0.03382,  0.59719,  0.15741,  1.11795,  0.22998
6148, 2139,  0.06857, -0.03414, -0.0349,  0.59719,  0.14541,  1.11795,  0.20388
6149, 2138,  0.06921, -0.03323, -0.03195,  0.53664,  0.14541,  1.06044,  0.20388
6150, 2140,  0.07326, -0.02804, -0.03505,  0.59719,  0.12201,  1.11795,  0.17872
6151, 2138,  0.06921, -0.03323, -0.03195,  0.53664,  0.14541,  1.06044,  0.20388
6152, 2139,  0.06857, -0.03414, -0.0349,  0.59719,  0.14541,  1.11795,  0.20388
6153, 2140,  0.07326, -0.02804, -0.03505,  0.59719,  0.12201,  1.11795,  0.17872
6154, 2141,  0.07348, -0.0277, -0.03251,  0.53664,  0.12201,  1.06044,  0.17872
6155, 2138,  0.06921, -0.03323, -0.03195,  0.53664,  0.14541,  1.06044,  0.20388
6156, 2140,  0.07326, -0.02804, -0.03505,  0.59719,  0.12201,  1.11795,  0.17872
6157, 2142,  0.0772, -0.02252, -0.03248,  0.53664,  0.07474,  1.06044,  0.15305
6158, 2141,  0.07348, -0.0277, -0.03251,  0.53664,  0.12201,  1.06044,  0.17872
6159, 2140,  0.07326, -0.02804, -0.03505,  0.59719,  0.12201,  1.11795,  0.17872
6160, 2143,  0.07711, -0.02263, -0.03462,  0.59719,  0.07474,  1.11795,  0.15305
6161, 2142,  0.0772, -0.02252, -0.03248,  0.53664,  0.07474,  1.06044,  0.15305
6162, 2144,  0.08052, -0.01755, -0.03389,  0.59719,  0.002,  1.11795,  0.12711
6163, 2142,  0.0772, -0.02252, -0.03248,  0.53664,  0.07474,  1.06044,  0.15305
6164, 2143,  0.07711, -0.02263, -0.03462,  0.59719,  0.07474,  1.11795,  0.15305
6165, 2144,  0.08052, -0.01755, -0.03389,  0.59719,  0.002,  1.11795,  0.12711
6166, 2145,  0.08063, -0.01751, -0.03216,  0.53664,  0.002,  1.06044,  0.12711
6167, 2142,  0.0772, -0.02252, -0.03248,  0.53664,  0.07474,  1.06044,  0.15305
6168, 2146,  0.01492,  0.06748,  0.04598,  0.28913,  0.9353,  0.32077,  0.89998
6169, 2147,  0.02079,  0.0689,  0.05545,  0.17213,  0.9353,  0.20377,  0.89998
6170, 2148,  0.02501,  0.06778,  0.05106,  0.17213,  0.96512,  0.20377,  0.94
6171, 2146,  0.01492,  0.06748,  0.04598,  0.28913,  0.9353,  0.32077,  0.89998
6172, 2148,  0.02501,  0.06778,  0.05106,  0.17213,  0.96512,  0.20377,  0.94
6173, 2149,  0.01941,  0.06587,  0.04297,  0.28913,  0.96512,  0.32077,  0.94
6174, 2149,  0.01941,  0.06587,  0.04297,  0.28913,  0.96512,  0.32077,  0.94
6175, 2148,  0.02501,  0.06778,  0.05106,  0.17213,  0.96512,  0.20377,  0.94
6176, 2150,  0.02819,  0.06658,  0.04753,  0.17213,  0.99469,  0.20377,  0.97917
6177, 2149,  0.01941,  0.06587,  0.04297,  0.28913,  0.96512,  0.32077,  0.94
6178, 2150,  0.02819,  0.06658,  0.04753,  0.17213,  0.99469,  0.20377,  0.97917
6179, 2151,  0.02254,  0.06369,  0.04121,  0.28913,  0.99469,  0.32077,  0.97917
6180, 2152,  0.00772,  0.06796,  0.05151,  0.28913,  0.90498,  0.32077,  0.85825
6181, 2147,  0.02079,  0.0689,  0.05545,  0.17213,  0.9353,  0.20377,  0.89998
6182, 2146,  0.01492,  0.06748,  0.04598,  0.28913,  0.9353,  0.32077,  0.89998
6183, 2152,  0.00772,  0.06796,  0.05151,  0.28913,  0.90498,  0.32077,  0.85825
6184, 2153,  0.01452,  0.06986,  0.06157,  0.17213,  0.90498,  0.20377,  0.85825
6185, 2147,  0.02079,  0.0689,  0.05545,  0.17213,  0.9353,  0.20377,  0.89998
6186, 2154, -0.00013,  0.06801,  0.05833,  0.28913,  0.87414,  0.32077,  0.81529
6187, 2153,  0.01452,  0.06986,  0.06157,  0.17213,  0.90498,  0.20377,  0.85825
6188, 2152,  0.00772,  0.06796,  0.05151,  0.28913,  0.90498,  0.32077,  0.85825
6189, 2154, -0.00013,  0.06801,  0.05833,  0.28913,  0.87414,  0.32077,  0.81529
6190, 2155,  0.00765,  0.07027,  0.06854,  0.17213,  0.87414,  0.20377,  0.81529
6191, 2153,  0.01452,  0.06986,  0.06157,  0.17213,  0.90498,  0.20377,  0.85825
6192, 2156, -0.00658,  0.06835,  0.06523,  0.28913,  0.84276,  0.32077,  0.77159
6193, 2155,  0.00765,  0.07027,  0.06854,  0.17213,  0.87414,  0.20377,  0.81529
6194, 2154, -0.00013,  0.06801,  0.05833,  0.28913,  0.87414,  0.32077,  0.81529
6195, 2156, -0.00658,  0.06835,  0.06523,  0.28913,  0.84276,  0.32077,  0.77159
6196, 2157,  0.00163,  0.06974,  0.07548,  0.17213,  0.84276,  0.20377,  0.77159
6197, 2155,  0.00765,  0.07027,  0.06854,  0.17213,  0.87414,  0.20377,  0.81529
6198, 2158, -0.01227,  0.06801,  0.07198,  0.28913,  0.81032,  0.32077,  0.7264
6199, 2157,  0.00163,  0.06974,  0.07548,  0.17213,  0.84276,  0.20377,  0.77159
6200, 2156, -0.00658,  0.06835,  0.06523,  0.28913,  0.84276,  0.32077,  0.77159
6201, 2158, -0.01227,  0.06801,  0.07198,  0.28913,  0.81032,  0.32077,  0.7264
6202, 2159, -0.00394,  0.06831,  0.08213,  0.17213,  0.81032,  0.20377,  0.7264
6203, 2157,  0.00163,  0.06974,  0.07548,  0.17213,  0.84276,  0.20377,  0.77159
6204, 2160, -0.01787,  0.066,  0.07836,  0.28913,  0.7763,  0.32077,  0.679
6205, 2159, -0.00394,  0.06831,  0.08213,  0.17213,  0.81032,  0.20377,  0.7264
6206, 2158, -0.01227,  0.06801,  0.07198,  0.28913,  0.81032,  0.32077,  0.7264
6207, 2160, -0.01787,  0.066,  0.07836,  0.28913,  0.7763,  0.32077,  0.679
6208, 2161, -0.00945,  0.06599,  0.08824,  0.17213,  0.7763,  0.20377,  0.679
6209, 2159, -0.00394,  0.06831,  0.08213,  0.17213,  0.81032,  0.20377,  0.7264
6210, 2162, -0.02306,  0.06238,  0.08432,  0.28913,  0.74064,  0.32077,  0.62933
6211, 2161, -0.00945,  0.06599,  0.08824,  0.17213,  0.7763,  0.20377,  0.679
6212, 2160, -0.01787,  0.066,  0.07836,  0.28913,  0.7763,  0.32077,  0.679
6213, 2162, -0.02306,  0.06238,  0.08432,  0.28913,  0.74064,  0.32077,  0.62933
6214, 2163, -0.01444,  0.06232,  0.09392,  0.17213,  0.74064,  0.20377,  0.62933
6215, 2161, -0.00945,  0.06599,  0.08824,  0.17213,  0.7763,  0.20377,  0.679
6216, 2164, -0.02752,  0.05715,  0.08979,  0.28913,  0.70332,  0.32077,  0.57734
6217, 2163, -0.01444,  0.06232,  0.09392,  0.17213,  0.74064,  0.20377,  0.62933
6218, 2162, -0.02306,  0.06238,  0.08432,  0.28913,  0.74064,  0.32077,  0.62933
6219, 2164, -0.02752,  0.05715,  0.08979,  0.28913,  0.70332,  0.32077,  0.57734
6220, 2165, -0.01842,  0.05679,  0.09931,  0.17213,  0.70332,  0.20377,  0.57734
6221, 2163, -0.01444,  0.06232,  0.09392,  0.17213,  0.74064,  0.20377,  0.62933
6222, 2166, -0.0311,  0.05037,  0.09523,  0.28913,  0.66464,  0.32077,  0.52346
6223, 2165, -0.01842,  0.05679,  0.09931,  0.17213,  0.70332,  0.20377,  0.57734
6224, 2164, -0.02752,  0.05715,  0.08979,  0.28913,  0.70332,  0.32077,  0.57734
6225, 2166, -0.0311,  0.05037,  0.09523,  0.28913,  0.66464,  0.32077,  0.52346
6226, 2167, -0.02141,  0.05012,  0.10438,  0.17213,  0.66464,  0.20377,  0.52346
6227, 2165, -0.01842,  0.05679,  0.09931,  0.17213,  0.70332,  0.20377,  0.57734
6228, 2168, -0.0336,  0.04204,  0.10113,  0.28913,  0.62495,  0.32077,  0.46816
6229, 2167, -0.02141,  0.05012,  0.10438,  0.17213,  0.66464,  0.20377,  0.52346
6230, 2166, -0.0311,  0.05037,  0.09523,  0.28913,  0.66464,  0.32077,  0.52346
6231, 2168, -0.0336,  0.04204,  0.10113,  0.28913,  0.62495,  0.32077,  0.46816
6232, 2169, -0.0234,  0.04302,  0.10911,  0.17213,  0.62495,  0.20377,  0.46816
6233, 2167, -0.02141,  0.05012,  0.10438,  0.17213,  0.66464,  0.20377,  0.52346
6234, 2170, -0.03524,  0.03301,  0.10693,  0.28913,  0.59213,  0.32077,  0.41248
6235, 2169, -0.0234,  0.04302,  0.10911,  0.17213,  0.62495,  0.20377,  0.46816
6236, 2168, -0.0336,  0.04204,  0.10113,  0.28913,  0.62495,  0.32077,  0.46816
6237, 2170, -0.03524,  0.03301,  0.10693,  0.28913,  0.59213,  0.32077,  0.41248
6238, 2171, -0.02494,  0.03523,  0.11376,  0.17213,  0.59213,  0.20377,  0.41248
6239, 2169, -0.0234,  0.04302,  0.10911,  0.17213,  0.62495,  0.20377,  0.46816
6240, 2172, -0.03623,  0.0241,  0.11209,  0.28913,  0.57411,  0.32077,  0.35745
6241, 2171, -0.02494,  0.03523,  0.11376,  0.17213,  0.59213,  0.20377,  0.41248
6242, 2170, -0.03524,  0.03301,  0.10693,  0.28913,  0.59213,  0.32077,  0.41248
6243, 2172, -0.03623,  0.0241,  0.11209,  0.28913,  0.57411,  0.32077,  0.35745
6244, 2173, -0.02659,  0.02647,  0.11859,  0.17213,  0.57411,  0.20377,  0.35745
6245, 2171, -0.02494,  0.03523,  0.11376,  0.17213,  0.59213,  0.20377,  0.41248
6246, 2174, -0.03691,  0.01525,  0.11693,  0.28913,  0.56348,  0.32077,  0.30275
6247, 2173, -0.02659,  0.02647,  0.11859,  0.17213,  0.57411,  0.20377,  0.35745
6248, 2172, -0.03623,  0.0241,  0.11209,  0.28913,  0.57411,  0.32077,  0.35745
6249, 2174, -0.03691,  0.01525,  0.11693,  0.28913,  0.56348,  0.32077,  0.30275
6250, 2175, -0.02829,  0.01723,  0.12352,  0.17213,  0.56348,  0.20377,  0.30275
6251, 2173, -0.02659,  0.02647,  0.11859,  0.17213,  0.57411,  0.20377,  0.35745
6252, 2176, -0.02553, -0.05038,  0.01596,  0.17271,  0.77582,  0.57733,  0.88755
6253, 2177, -0.01885, -0.0482,  0.00574,  0.17271,  0.83636,  0.57733,  0.91245
6254, 2178, -0.01231, -0.05653,  0.01634,  0.28972,  0.83636,  0.46033,  0.91245
6255, 2176, -0.02553, -0.05038,  0.01596,  0.17271,  0.77582,  0.57733,  0.88755
6256, 2178, -0.01231, -0.05653,  0.01634,  0.28972,  0.83636,  0.46033,  0.91245
6257, 2179, -0.01851, -0.05767,  0.02508,  0.28972,  0.77582,  0.46033,  0.88755
6258, 2180, -0.01153, -0.04487, -0.00217,  0.17271,  0.89576,  0.57733,  0.93792
6259, 2178, -0.01231, -0.05653,  0.01634,  0.28972,  0.83636,  0.46033,  0.91245
6260, 2177, -0.01885, -0.0482,  0.00574,  0.17271,  0.83636,  0.57733,  0.91245
6261, 2180, -0.01153, -0.04487, -0.00217,  0.17271,  0.89576,  0.57733,  0.93792
6262, 2181, -0.00539, -0.05343,  0.00926,  0.28972,  0.89576,  0.46033,  0.93792
6263, 2178, -0.01231, -0.05653,  0.01634,  0.28972,  0.83636,  0.46033,  0.91245
6264, 2176, -0.02553, -0.05038,  0.01596,  0.17271,  0.77582,  0.57733,  0.88755
6265, 2179, -0.01851, -0.05767,  0.02508,  0.28972,  0.77582,  0.46033,  0.88755
6266, 2182, -0.02397, -0.05753,  0.03519,  0.28972,  0.7209,  0.46033,  0.86256
6267, 2176, -0.02553, -0.05038,  0.01596,  0.17271,  0.77582,  0.57733,  0.88755
6268, 2182, -0.02397, -0.05753,  0.03519,  0.28972,  0.7209,  0.46033,  0.86256
6269, 2183, -0.03071, -0.05069,  0.02721,  0.17271,  0.7209,  0.57733,  0.86256
6270, 2183, -0.03071, -0.05069,  0.02721,  0.17271,  0.7209,  0.57733,  0.86256
6271, 2182, -0.02397, -0.05753,  0.03519,  0.28972,  0.7209,  0.46033,  0.86256
6272, 2184, -0.02905, -0.05676,  0.04596,  0.28972,  0.6688,  0.46033,  0.83754
6273, 2183, -0.03071, -0.05069,  0.02721,  0.17271,  0.7209,  0.57733,  0.86256
6274, 2184, -0.02905, -0.05676,  0.04596,  0.28972,  0.6688,  0.46033,  0.83754
6275, 2185, -0.03516, -0.05007,  0.03898,  0.17271,  0.6688,  0.57733,  0.83754
6276, 2180, -0.01153, -0.04487, -0.00217,  0.17271,  0.89576,  0.57733,  0.93792
6277, 2186,  0.00223, -0.04766,  0.00417,  0.28972,  0.94721,  0.46033,  0.96458
6278, 2181, -0.00539, -0.05343,  0.00926,  0.28972,  0.89576,  0.46033,  0.93792
6279, 2180, -0.01153, -0.04487, -0.00217,  0.17271,  0.89576,  0.57733,  0.93792
6280, 2187, -0.00441, -0.04114, -0.00651,  0.17271,  0.94721,  0.57733,  0.96458
6281, 2186,  0.00223, -0.04766,  0.00417,  0.28972,  0.94721,  0.46033,  0.96458
6282, 2188,  0.00262, -0.03722, -0.00905,  0.17271,  0.99469,  0.57733,  0.99184
6283, 2186,  0.00223, -0.04766,  0.00417,  0.28972,  0.94721,  0.46033,  0.96458
6284, 2187, -0.00441, -0.04114, -0.00651,  0.17271,  0.94721,  0.57733,  0.96458
6285, 2188,  0.00262, -0.03722, -0.00905,  0.17271,  0.99469,  0.57733,  0.99184
6286, 2189,  0.01018, -0.04055,  0.00006,  0.28972,  0.99469,  0.46033,  0.99184
6287, 2186,  0.00223, -0.04766,  0.00417,  0.28972,  0.94721,  0.46033,  0.96458
6288, 2190, -0.00135, -0.06131,  0.02027,  0.17213,  0.89234,  0.68082,  0.88926
6289, 2191,  0.00692, -0.05599,  0.01655,  0.17213,  0.93766,  0.68082,  0.93451
6290, 2192,  0.01694, -0.06125,  0.0307,  0.28913,  0.93766,  0.79782,  0.93451
6291, 2190, -0.00135, -0.06131,  0.02027,  0.17213,  0.89234,  0.68082,  0.88926
6292, 2192,  0.01694, -0.06125,  0.0307,  0.28913,  0.93766,  0.79782,  0.93451
6293, 2193,  0.01164, -0.06376,  0.03444,  0.28913,  0.89234,  0.79782,  0.88926
6294, 2194,  0.01547, -0.04936,  0.01386,  0.17213,  0.99469,  0.68082,  0.97917
6295, 2192,  0.01694, -0.06125,  0.0307,  0.28913,  0.93766,  0.79782,  0.93451
6296, 2191,  0.00692, -0.05599,  0.01655,  0.17213,  0.93766,  0.68082,  0.93451
6297, 2194,  0.01547, -0.04936,  0.01386,  0.17213,  0.99469,  0.68082,  0.97917
6298, 2195,  0.02074, -0.05854,  0.02829,  0.28913,  0.99469,  0.79782,  0.97917
6299, 2192,  0.01694, -0.06125,  0.0307,  0.28913,  0.93766,  0.79782,  0.93451
6300, 2190, -0.00135, -0.06131,  0.02027,  0.17213,  0.89234,  0.68082,  0.88926
6301, 2193,  0.01164, -0.06376,  0.03444,  0.28913,  0.89234,  0.79782,  0.88926
6302, 2196,  0.00337, -0.06589,  0.04081,  0.28913,  0.87042,  0.79782,  0.84286
6303, 2190, -0.00135, -0.06131,  0.02027,  0.17213,  0.89234,  0.68082,  0.88926
6304, 2196,  0.00337, -0.06589,  0.04081,  0.28913,  0.87042,  0.79782,  0.84286
6305, 2197, -0.00908, -0.064,  0.02606,  0.17213,  0.87042,  0.68082,  0.84286
6306, 2197, -0.00908, -0.064,  0.02606,  0.17213,  0.87042,  0.68082,  0.84286
6307, 2196,  0.00337, -0.06589,  0.04081,  0.28913,  0.87042,  0.79782,  0.84286
6308, 2198, -0.00486, -0.06707,  0.04842,  0.28913,  0.85444,  0.79782,  0.79605
6309, 2197, -0.00908, -0.064,  0.02606,  0.17213,  0.87042,  0.68082,  0.84286
6310, 2198, -0.00486, -0.06707,  0.04842,  0.28913,  0.85444,  0.79782,  0.79605
6311, 2199, -0.0161, -0.06451,  0.0336,  0.17213,  0.85444,  0.68082,  0.79605
6312, 2199, -0.0161, -0.06451,  0.0336,  0.17213,  0.85444,  0.68082,  0.79605
6313, 2198, -0.00486, -0.06707,  0.04842,  0.28913,  0.85444,  0.79782,  0.79605
6314, 2200, -0.01003, -0.06672,  0.05587,  0.28913,  0.82697,  0.79782,  0.74959
6315, 2199, -0.0161, -0.06451,  0.0336,  0.17213,  0.85444,  0.68082,  0.79605
6316, 2200, -0.01003, -0.06672,  0.05587,  0.28913,  0.82697,  0.79782,  0.74959
6317, 2201, -0.02222, -0.06324,  0.04258,  0.17213,  0.82697,  0.68082,  0.74959
6318, 2201, -0.02222, -0.06324,  0.04258,  0.17213,  0.82697,  0.68082,  0.74959
6319, 2200, -0.01003, -0.06672,  0.05587,  0.28913,  0.82697,  0.79782,  0.74959
6320, 2202, -0.01415, -0.06513,  0.06313,  0.28913,  0.79428,  0.79782,  0.70405
6321, 2201, -0.02222, -0.06324,  0.04258,  0.17213,  0.82697,  0.68082,  0.74959
6322, 2202, -0.01415, -0.06513,  0.06313,  0.28913,  0.79428,  0.79782,  0.70405
6323, 2203, -0.02708, -0.06096,  0.05224,  0.17213,  0.79428,  0.68082,  0.70405
6324, 2203, -0.02708, -0.06096,  0.05224,  0.17213,  0.79428,  0.68082,  0.70405
6325, 2202, -0.01415, -0.06513,  0.06313,  0.28913,  0.79428,  0.79782,  0.70405
6326, 2204, -0.01923, -0.06255,  0.0702,  0.28913,  0.76264,  0.79782,  0.65997
6327, 2203, -0.02708, -0.06096,  0.05224,  0.17213,  0.79428,  0.68082,  0.70405
6328, 2204, -0.01923, -0.06255,  0.0702,  0.28913,  0.76264,  0.79782,  0.65997
6329, 2205, -0.03033, -0.05845,  0.06186,  0.17213,  0.76264,  0.68082,  0.65997
6330, 2205, -0.03033, -0.05845,  0.06186,  0.17213,  0.76264,  0.68082,  0.65997
6331, 2204, -0.01923, -0.06255,  0.0702,  0.28913,  0.76264,  0.79782,  0.65997
6332, 2206, -0.02443, -0.05821,  0.07706,  0.28913,  0.72985,  0.79782,  0.6143
6333, 2205, -0.03033, -0.05845,  0.06186,  0.17213,  0.76264,  0.68082,  0.65997
6334, 2206, -0.02443, -0.05821,  0.07706,  0.28913,  0.72985,  0.79782,  0.6143
6335, 2207, -0.03283, -0.05466,  0.07052,  0.17213,  0.72985,  0.68082,  0.6143
6336, 2207, -0.03283, -0.05466,  0.07052,  0.17213,  0.72985,  0.68082,  0.6143
6337, 2206, -0.02443, -0.05821,  0.07706,  0.28913,  0.72985,  0.79782,  0.6143
6338, 2208, -0.02895, -0.05134,  0.08371,  0.28913,  0.69372,  0.79782,  0.56397
6339, 2207, -0.03283, -0.05466,  0.07052,  0.17213,  0.72985,  0.68082,  0.6143
6340, 2208, -0.02895, -0.05134,  0.08371,  0.28913,  0.69372,  0.79782,  0.56397
6341, 2209, -0.03549, -0.04856,  0.07733,  0.17213,  0.69372,  0.68082,  0.56397
6342, 2209, -0.03549, -0.04856,  0.07733,  0.17213,  0.69372,  0.68082,  0.56397
6343, 2208, -0.02895, -0.05134,  0.08371,  0.28913,  0.69372,  0.79782,  0.56397
6344, 2210, -0.03253, -0.04364,  0.09039,  0.28913,  0.6562,  0.79782,  0.51171
6345, 2209, -0.03549, -0.04856,  0.07733,  0.17213,  0.69372,  0.68082,  0.56397
6346, 2210, -0.03253, -0.04364,  0.09039,  0.28913,  0.6562,  0.79782,  0.51171
6347, 2211, -0.03808, -0.04119,  0.08367,  0.17213,  0.6562,  0.68082,  0.51171
6348, 2211, -0.03808, -0.04119,  0.08367,  0.17213,  0.6562,  0.68082,  0.51171
6349, 2210, -0.03253, -0.04364,  0.09039,  0.28913,  0.6562,  0.79782,  0.51171
6350, 2212, -0.03491, -0.03682,  0.09735,  0.28913,  0.61924,  0.79782,  0.46021
6351, 2211, -0.03808, -0.04119,  0.08367,  0.17213,  0.6562,  0.68082,  0.51171
6352, 2212, -0.03491, -0.03682,  0.09735,  0.28913,  0.61924,  0.79782,  0.46021
6353, 2213, -0.04039, -0.03358,  0.09091,  0.17213,  0.61924,  0.68082,  0.46021
6354, 2213, -0.04039, -0.03358,  0.09091,  0.17213,  0.61924,  0.68082,  0.46021
6355, 2212, -0.03491, -0.03682,  0.09735,  0.28913,  0.61924,  0.79782,  0.46021
6356, 2214, -0.03604, -0.03004,  0.10417,  0.28913,  0.58218,  0.79782,  0.40859
6357, 2213, -0.04039, -0.03358,  0.09091,  0.17213,  0.61924,  0.68082,  0.46021
6358, 2214, -0.03604, -0.03004,  0.10417,  0.28913,  0.58218,  0.79782,  0.40859
6359, 2215, -0.04218, -0.0262,  0.09855,  0.17213,  0.58218,  0.68082,  0.40859
6360, 2215, -0.04218, -0.0262,  0.09855,  0.17213,  0.58218,  0.68082,  0.40859
6361, 2214, -0.03604, -0.03004,  0.10417,  0.28913,  0.58218,  0.79782,  0.40859
6362, 2216, -0.03591, -0.02245,  0.11045,  0.28913,  0.54437,  0.79782,  0.35593
6363, 2215, -0.04218, -0.0262,  0.09855,  0.17213,  0.58218,  0.68082,  0.40859
6364, 2216, -0.03591, -0.02245,  0.11045,  0.28913,  0.54437,  0.79782,  0.35593
6365, 2217, -0.04322, -0.01951,  0.10606,  0.17213,  0.54437,  0.68082,  0.35593
6366, 2217, -0.04322, -0.01951,  0.10606,  0.17213,  0.54437,  0.68082,  0.35593
6367, 2216, -0.03591, -0.02245,  0.11045,  0.28913,  0.54437,  0.79782,  0.35593
6368, 2218, -0.03515, -0.01446,  0.11646,  0.28913,  0.5062,  0.79782,  0.30275
6369, 2217, -0.04322, -0.01951,  0.10606,  0.17213,  0.54437,  0.68082,  0.35593
6370, 2218, -0.03515, -0.01446,  0.11646,  0.28913,  0.5062,  0.79782,  0.30275
6371, 2219, -0.04389, -0.01317,  0.11349,  0.17213,  0.5062,  0.68082,  0.30275
6372, 2220,  0.04736, -0.06285,  0.06526,  0.28913,  0.92357,  0.86482,  0.88352
6373, 2221,  0.03805, -0.06345,  0.04993,  0.19612,  0.92357,  0.77181,  0.88352
6374, 2222,  0.04365, -0.06138,  0.0465,  0.19612,  0.9583,  0.77181,  0.93051
6375, 2220,  0.04736, -0.06285,  0.06526,  0.28913,  0.92357,  0.86482,  0.88352
6376, 2222,  0.04365, -0.06138,  0.0465,  0.19612,  0.9583,  0.77181,  0.93051
6377, 2223,  0.05317, -0.05994,  0.06048,  0.28913,  0.9583,  0.86482,  0.93051
6378, 2223,  0.05317, -0.05994,  0.06048,  0.28913,  0.9583,  0.86482,  0.93051
6379, 2222,  0.04365, -0.06138,  0.0465,  0.19612,  0.9583,  0.77181,  0.93051
6380, 2224,  0.04926, -0.0595,  0.04356,  0.19612,  0.99469,  0.77181,  0.97917
6381, 2223,  0.05317, -0.05994,  0.06048,  0.28913,  0.9583,  0.86482,  0.93051
6382, 2224,  0.04926, -0.0595,  0.04356,  0.19612,  0.99469,  0.77181,  0.97917
6383, 2225,  0.059, -0.05671,  0.05553,  0.28913,  0.99469,  0.86482,  0.97917
6384, 2221,  0.03805, -0.06345,  0.04993,  0.19612,  0.92357,  0.77181,  0.88352
6385, 2220,  0.04736, -0.06285,  0.06526,  0.28913,  0.92357,  0.86482,  0.88352
6386, 2226,  0.04155, -0.06514,  0.06971,  0.28913,  0.89216,  0.86482,  0.83986
6387, 2221,  0.03805, -0.06345,  0.04993,  0.19612,  0.92357,  0.77181,  0.88352
6388, 2226,  0.04155, -0.06514,  0.06971,  0.28913,  0.89216,  0.86482,  0.83986
6389, 2227,  0.03245, -0.06593,  0.05438,  0.19612,  0.89216,  0.77181,  0.83986
6390, 2228,  0.02615, -0.06808,  0.05941,  0.19612,  0.86344,  0.77181,  0.79845
6391, 2227,  0.03245, -0.06593,  0.05438,  0.19612,  0.89216,  0.77181,  0.83986
6392, 2226,  0.04155, -0.06514,  0.06971,  0.28913,  0.89216,  0.86482,  0.83986
6393, 2228,  0.02615, -0.06808,  0.05941,  0.19612,  0.86344,  0.77181,  0.79845
6394, 2226,  0.04155, -0.06514,  0.06971,  0.28913,  0.89216,  0.86482,  0.83986
6395, 2229,  0.03523, -0.06685,  0.07394,  0.28913,  0.86344,  0.86482,  0.79845
6396, 2228,  0.02615, -0.06808,  0.05941,  0.19612,  0.86344,  0.77181,  0.79845
6397, 2229,  0.03523, -0.06685,  0.07394,  0.28913,  0.86344,  0.86482,  0.79845
6398, 2230,  0.02785, -0.06802,  0.07805,  0.28913,  0.83679,  0.86482,  0.75818
6399, 2228,  0.02615, -0.06808,  0.05941,  0.19612,  0.86344,  0.77181,  0.79845
6400, 2230,  0.02785, -0.06802,  0.07805,  0.28913,  0.83679,  0.86482,  0.75818
6401, 2231,  0.01845, -0.0692,  0.06463,  0.19612,  0.83679,  0.77181,  0.75818
6402, 2232,  0.01026, -0.06977,  0.06985,  0.19612,  0.81195,  0.77181,  0.71971
6403, 2231,  0.01845, -0.0692,  0.06463,  0.19612,  0.83679,  0.77181,  0.75818
6404, 2230,  0.02785, -0.06802,  0.07805,  0.28913,  0.83679,  0.86482,  0.75818
6405, 2232,  0.01026, -0.06977,  0.06985,  0.19612,  0.81195,  0.77181,  0.71971
6406, 2230,  0.02785, -0.06802,  0.07805,  0.28913,  0.83679,  0.86482,  0.75818
6407, 2233,  0.01979, -0.06868,  0.08191,  0.28913,  0.81195,  0.86482,  0.71971
6408, 2233,  0.01979, -0.06868,  0.08191,  0.28913,  0.81195,  0.86482,  0.71971
6409, 2234,  0.00249, -0.0703,  0.07491,  0.19612,  0.7887,  0.77181,  0.68368
6410, 2232,  0.01026, -0.06977,  0.06985,  0.19612,  0.81195,  0.77181,  0.71971
6411, 2233,  0.01979, -0.06868,  0.08191,  0.28913,  0.81195,  0.86482,  0.71971
6412, 2235,  0.0114, -0.06883,  0.08539,  0.28913,  0.7887,  0.86482,  0.68368
6413, 2234,  0.00249, -0.0703,  0.07491,  0.19612,  0.7887,  0.77181,  0.68368
6414, 2236,  0.00318, -0.06759,  0.08914,  0.28913,  0.76552,  0.86482,  0.64779
6415, 2234,  0.00249, -0.0703,  0.07491,  0.19612,  0.7887,  0.77181,  0.68368
6416, 2235,  0.0114, -0.06883,  0.08539,  0.28913,  0.7887,  0.86482,  0.68368
6417, 2236,  0.00318, -0.06759,  0.08914,  0.28913,  0.76552,  0.86482,  0.64779
6418, 2237, -0.00516, -0.06929,  0.08013,  0.19612,  0.76552,  0.77181,  0.64779
6419, 2234,  0.00249, -0.0703,  0.07491,  0.19612,  0.7887,  0.77181,  0.68368
6420, 2237, -0.00516, -0.06929,  0.08013,  0.19612,  0.76552,  0.77181,  0.64779
6421, 2236,  0.00318, -0.06759,  0.08914,  0.28913,  0.76552,  0.86482,  0.64779
6422, 2238, -0.0044, -0.06408,  0.09382,  0.28913,  0.74094,  0.86482,  0.60971
6423, 2237, -0.00516, -0.06929,  0.08013,  0.19612,  0.76552,  0.77181,  0.64779
6424, 2238, -0.0044, -0.06408,  0.09382,  0.28913,  0.74094,  0.86482,  0.60971
6425, 2239, -0.01297, -0.06522,  0.08586,  0.19612,  0.74094,  0.77181,  0.60971
6426, 2240, -0.02015, -0.05922,  0.09156,  0.19612,  0.71494,  0.77181,  0.56944
6427, 2239, -0.01297, -0.06522,  0.08586,  0.19612,  0.74094,  0.77181,  0.60971
6428, 2238, -0.0044, -0.06408,  0.09382,  0.28913,  0.74094,  0.86482,  0.60971
6429, 2240, -0.02015, -0.05922,  0.09156,  0.19612,  0.71494,  0.77181,  0.56944
6430, 2238, -0.0044, -0.06408,  0.09382,  0.28913,  0.74094,  0.86482,  0.60971
6431, 2241, -0.01101, -0.05903,  0.09874,  0.28913,  0.71494,  0.86482,  0.56944
6432, 2240, -0.02015, -0.05922,  0.09156,  0.19612,  0.71494,  0.77181,  0.56944
6433, 2241, -0.01101, -0.05903,  0.09874,  0.28913,  0.71494,  0.86482,  0.56944
6434, 2242, -0.01629, -0.05317,  0.10322,  0.28913,  0.68752,  0.86482,  0.52695
6435, 2240, -0.02015, -0.05922,  0.09156,  0.19612,  0.71494,  0.77181,  0.56944
6436, 2242, -0.01629, -0.05317,  0.10322,  0.28913,  0.68752,  0.86482,  0.52695
6437, 2243, -0.02589, -0.05239,  0.09667,  0.19612,  0.68752,  0.77181,  0.52695
6438, 2244, -0.03012, -0.04517,  0.10134,  0.19612,  0.65892,  0.77181,  0.48266
6439, 2243, -0.02589, -0.05239,  0.09667,  0.19612,  0.68752,  0.77181,  0.52695
6440, 2242, -0.01629, -0.05317,  0.10322,  0.28913,  0.68752,  0.86482,  0.52695
6441, 2244, -0.03012, -0.04517,  0.10134,  0.19612,  0.65892,  0.77181,  0.48266
6442, 2242, -0.01629, -0.05317,  0.10322,  0.28913,  0.68752,  0.86482,  0.52695
6443, 2245, -0.0201, -0.04656,  0.1075,  0.28913,  0.65892,  0.86482,  0.48266
6444, 2245, -0.0201, -0.04656,  0.1075,  0.28913,  0.65892,  0.86482,  0.48266
6445, 2246, -0.03277, -0.03801,  0.10573,  0.19612,  0.62941,  0.77181,  0.43693
6446, 2244, -0.03012, -0.04517,  0.10134,  0.19612,  0.65892,  0.77181,  0.48266
6447, 2245, -0.0201, -0.04656,  0.1075,  0.28913,  0.65892,  0.86482,  0.48266
6448, 2247, -0.02226, -0.03925,  0.11184,  0.28913,  0.62941,  0.86482,  0.43693
6449, 2246, -0.03277, -0.03801,  0.10573,  0.19612,  0.62941,  0.77181,  0.43693
6450, 2248, -0.03434, -0.03058,  0.10983,  0.19612,  0.60243,  0.77181,  0.39114
6451, 2246, -0.03277, -0.03801,  0.10573,  0.19612,  0.62941,  0.77181,  0.43693
6452, 2247, -0.02226, -0.03925,  0.11184,  0.28913,  0.62941,  0.86482,  0.43693
6453, 2248, -0.03434, -0.03058,  0.10983,  0.19612,  0.60243,  0.77181,  0.39114
6454, 2247, -0.02226, -0.03925,  0.11184,  0.28913,  0.62941,  0.86482,  0.43693
6455, 2249, -0.02363, -0.03135,  0.11589,  0.28913,  0.60243,  0.86482,  0.39114
6456, 2249, -0.02363, -0.03135,  0.11589,  0.28913,  0.60243,  0.86482,  0.39114
6457, 2250, -0.03531, -0.02252,  0.11364,  0.19612,  0.58146,  0.77181,  0.34662
6458, 2248, -0.03434, -0.03058,  0.10983,  0.19612,  0.60243,  0.77181,  0.39114
6459, 2249, -0.02363, -0.03135,  0.11589,  0.28913,  0.60243,  0.86482,  0.39114
6460, 2251, -0.02507, -0.02297,  0.1193,  0.28913,  0.58146,  0.86482,  0.34662
6461, 2250, -0.03531, -0.02252,  0.11364,  0.19612,  0.58146,  0.77181,  0.34662
6462, 2252, -0.03601, -0.01415,  0.1173,  0.19612,  0.56348,  0.77181,  0.30275
6463, 2250, -0.03531, -0.02252,  0.11364,  0.19612,  0.58146,  0.77181,  0.34662
6464, 2251, -0.02507, -0.02297,  0.1193,  0.28913,  0.58146,  0.86482,  0.34662
6465, 2252, -0.03601, -0.01415,  0.1173,  0.19612,  0.56348,  0.77181,  0.30275
6466, 2251, -0.02507, -0.02297,  0.1193,  0.28913,  0.58146,  0.86482,  0.34662
6467, 2253, -0.02656, -0.01434,  0.12239,  0.28913,  0.56348,  0.86482,  0.30275
6468, 2254,  0.04708, -0.06357,  0.089,  0.25941,  0.84756,  0.1565,  0.82667
6469, 2255,  0.0415, -0.06532,  0.08139,  0.20091,  0.84756,  0.09799,  0.82667
6470, 2256,  0.05042, -0.06168,  0.08,  0.20091,  0.91311,  0.09799,  0.87229
6471, 2254,  0.04708, -0.06357,  0.089,  0.25941,  0.84756,  0.1565,  0.82667
6472, 2256,  0.05042, -0.06168,  0.08,  0.20091,  0.91311,  0.09799,  0.87229
6473, 2257,  0.05511, -0.05985,  0.08818,  0.25941,  0.91311,  0.1565,  0.87229
6474, 2257,  0.05511, -0.05985,  0.08818,  0.25941,  0.91311,  0.1565,  0.87229
6475, 2256,  0.05042, -0.06168,  0.08,  0.20091,  0.91311,  0.09799,  0.87229
6476, 2258,  0.05948, -0.05782,  0.07893,  0.20091,  0.9948,  0.09799,  0.91803
6477, 2257,  0.05511, -0.05985,  0.08818,  0.25941,  0.91311,  0.1565,  0.87229
6478, 2258,  0.05948, -0.05782,  0.07893,  0.20091,  0.9948,  0.09799,  0.91803
6479, 2259,  0.06298, -0.05552,  0.08768,  0.25941,  0.9948,  0.1565,  0.91803
6480, 2260,  0.0387, -0.06606,  0.09047,  0.25941,  0.81429,  0.1565,  0.78127
6481, 2255,  0.0415, -0.06532,  0.08139,  0.20091,  0.84756,  0.09799,  0.82667
6482, 2254,  0.04708, -0.06357,  0.089,  0.25941,  0.84756,  0.1565,  0.82667
6483, 2260,  0.0387, -0.06606,  0.09047,  0.25941,  0.81429,  0.1565,  0.78127
6484, 2261,  0.03284, -0.06851,  0.08339,  0.20091,  0.81429,  0.09799,  0.78127
6485, 2255,  0.0415, -0.06532,  0.08139,  0.20091,  0.84756,  0.09799,  0.82667
6486, 2262,  0.02993, -0.06731,  0.09277,  0.25941,  0.79953,  0.1565,  0.73588
6487, 2261,  0.03284, -0.06851,  0.08339,  0.20091,  0.81429,  0.09799,  0.78127
6488, 2260,  0.0387, -0.06606,  0.09047,  0.25941,  0.81429,  0.1565,  0.78127
6489, 2262,  0.02993, -0.06731,  0.09277,  0.25941,  0.79953,  0.1565,  0.73588
6490, 2263,  0.02406, -0.07067,  0.08611,  0.20091,  0.79953,  0.09799,  0.73588
6491, 2261,  0.03284, -0.06851,  0.08339,  0.20091,  0.81429,  0.09799,  0.78127
6492, 2264,  0.02072, -0.06734,  0.09611,  0.25941,  0.78949,  0.1565,  0.69029
6493, 2263,  0.02406, -0.07067,  0.08611,  0.20091,  0.79953,  0.09799,  0.73588
6494, 2262,  0.02993, -0.06731,  0.09277,  0.25941,  0.79953,  0.1565,  0.73588
6495, 2264,  0.02072, -0.06734,  0.09611,  0.25941,  0.78949,  0.1565,  0.69029
6496, 2265,  0.01475, -0.07117,  0.08964,  0.20091,  0.78949,  0.09799,  0.69029
6497, 2263,  0.02406, -0.07067,  0.08611,  0.20091,  0.79953,  0.09799,  0.73588
6498, 2266,  0.01198, -0.06586,  0.10017,  0.25941,  0.78051,  0.1565,  0.64456
6499, 2265,  0.01475, -0.07117,  0.08964,  0.20091,  0.78949,  0.09799,  0.69029
6500, 2264,  0.02072, -0.06734,  0.09611,  0.25941,  0.78949,  0.1565,  0.69029
6501, 2266,  0.01198, -0.06586,  0.10017,  0.25941,  0.78051,  0.1565,  0.64456
6502, 2267,  0.00592, -0.06976,  0.09384,  0.20091,  0.78051,  0.09799,  0.64456
6503, 2265,  0.01475, -0.07117,  0.08964,  0.20091,  0.78949,  0.09799,  0.69029
6504, 2267,  0.00592, -0.06976,  0.09384,  0.20091,  0.78051,  0.09799,  0.64456
6505, 2266,  0.01198, -0.06586,  0.10017,  0.25941,  0.78051,  0.1565,  0.64456
6506, 2268,  0.00457, -0.06262,  0.1046,  0.25941,  0.76892,  0.1565,  0.59878
6507, 2267,  0.00592, -0.06976,  0.09384,  0.20091,  0.78051,  0.09799,  0.64456
6508, 2268,  0.00457, -0.06262,  0.1046,  0.25941,  0.76892,  0.1565,  0.59878
6509, 2269, -0.00145, -0.06617,  0.09859,  0.20091,  0.76892,  0.09799,  0.59878
6510, 2270, -0.00728, -0.06078,  0.10357,  0.20091,  0.75221,  0.09799,  0.55307
6511, 2269, -0.00145, -0.06617,  0.09859,  0.20091,  0.76892,  0.09799,  0.59878
6512, 2268,  0.00457, -0.06262,  0.1046,  0.25941,  0.76892,  0.1565,  0.59878
6513, 2270, -0.00728, -0.06078,  0.10357,  0.20091,  0.75221,  0.09799,  0.55307
6514, 2268,  0.00457, -0.06262,  0.1046,  0.25941,  0.76892,  0.1565,  0.59878
6515, 2271, -0.00142, -0.05765,  0.10942,  0.25941,  0.75221,  0.1565,  0.55307
6516, 2271, -0.00142, -0.05765,  0.10942,  0.25941,  0.75221,  0.1565,  0.55307
6517, 2272, -0.01152, -0.05399,  0.10849,  0.20091,  0.72791,  0.09799,  0.50759
6518, 2270, -0.00728, -0.06078,  0.10357,  0.20091,  0.75221,  0.09799,  0.55307
6519, 2271, -0.00142, -0.05765,  0.10942,  0.25941,  0.75221,  0.1565,  0.55307
6520, 2273, -0.00591, -0.05102,  0.11462,  0.25941,  0.72791,  0.1565,  0.50759
6521, 2272, -0.01152, -0.05399,  0.10849,  0.20091,  0.72791,  0.09799,  0.50759
6522, 2274, -0.01444, -0.04616,  0.11333,  0.20091,  0.69926,  0.09799,  0.46135
6523, 2272, -0.01152, -0.05399,  0.10849,  0.20091,  0.72791,  0.09799,  0.50759
6524, 2273, -0.00591, -0.05102,  0.11462,  0.25941,  0.72791,  0.1565,  0.50759
6525, 2274, -0.01444, -0.04616,  0.11333,  0.20091,  0.69926,  0.09799,  0.46135
6526, 2273, -0.00591, -0.05102,  0.11462,  0.25941,  0.72791,  0.1565,  0.50759
6527, 2275, -0.00915, -0.04323,  0.11985,  0.25941,  0.69926,  0.1565,  0.46135
6528, 2275, -0.00915, -0.04323,  0.11985,  0.25941,  0.69926,  0.1565,  0.46135
6529, 2276, -0.01636, -0.03765,  0.11811,  0.20091,  0.66952,  0.09799,  0.41333
6530, 2274, -0.01444, -0.04616,  0.11333,  0.20091,  0.69926,  0.09799,  0.46135
6531, 2275, -0.00915, -0.04323,  0.11985,  0.25941,  0.69926,  0.1565,  0.46135
6532, 2277, -0.01139, -0.03484,  0.12476,  0.25941,  0.66952,  0.1565,  0.41333
6533, 2276, -0.01636, -0.03765,  0.11811,  0.20091,  0.66952,  0.09799,  0.41333
6534, 2278, -0.01819, -0.02831,  0.12242,  0.20091,  0.63868,  0.09799,  0.36356
6535, 2276, -0.01636, -0.03765,  0.11811,  0.20091,  0.66952,  0.09799,  0.41333
6536, 2277, -0.01139, -0.03484,  0.12476,  0.25941,  0.66952,  0.1565,  0.41333
6537, 2278, -0.01819, -0.02831,  0.12242,  0.20091,  0.63868,  0.09799,  0.36356
6538, 2277, -0.01139, -0.03484,  0.12476,  0.25941,  0.66952,  0.1565,  0.41333
6539, 2279, -0.01324, -0.02594,  0.12889,  0.25941,  0.63868,  0.1565,  0.36356
6540, 2279, -0.01324, -0.02594,  0.12889,  0.25941,  0.63868,  0.1565,  0.36356
6541, 2280, -0.02087, -0.01802,  0.12586,  0.20091,  0.60677,  0.09799,  0.31204
6542, 2278, -0.01819, -0.02831,  0.12242,  0.20091,  0.63868,  0.09799,  0.36356
6543, 2279, -0.01324, -0.02594,  0.12889,  0.25941,  0.63868,  0.1565,  0.36356
6544, 2281, -0.01533, -0.01664,  0.13178,  0.25941,  0.60677,  0.1565,  0.31204
6545, 2280, -0.02087, -0.01802,  0.12586,  0.20091,  0.60677,  0.09799,  0.31204
6546, 2282, -0.02397, -0.00724,  0.12888,  0.20091,  0.57431,  0.09799,  0.25965
6547, 2280, -0.02087, -0.01802,  0.12586,  0.20091,  0.60677,  0.09799,  0.31204
6548, 2281, -0.01533, -0.01664,  0.13178,  0.25941,  0.60677,  0.1565,  0.31204
6549, 2282, -0.02397, -0.00724,  0.12888,  0.20091,  0.57431,  0.09799,  0.25965
6550, 2281, -0.01533, -0.01664,  0.13178,  0.25941,  0.60677,  0.1565,  0.31204
6551, 2283, -0.01753, -0.00714,  0.13406,  0.25941,  0.57431,  0.1565,  0.25965
6552, 2284, -0.02428, -0.01115, -0.01755,  0.28913,  0.94351,  0.86626,  0.91863
6553, 2285, -0.02926, -0.01656, -0.01126,  0.28913,  0.91569,  0.86626,  0.87798
6554, 2286, -0.031, -0.00039, -0.01545,  0.17213,  0.91569,  0.74926,  0.87798
6555, 2284, -0.02428, -0.01115, -0.01755,  0.28913,  0.94351,  0.86626,  0.91863
6556, 2286, -0.031, -0.00039, -0.01545,  0.17213,  0.91569,  0.74926,  0.87798
6557, 2287, -0.02551,  0.00384, -0.02016,  0.17213,  0.94351,  0.74926,  0.91863
6558, 2288, -0.035, -0.02218, -0.00273,  0.28913,  0.88479,  0.86626,  0.83134
6559, 2286, -0.031, -0.00039, -0.01545,  0.17213,  0.91569,  0.74926,  0.87798
6560, 2285, -0.02926, -0.01656, -0.01126,  0.28913,  0.91569,  0.86626,  0.87798
6561, 2288, -0.035, -0.02218, -0.00273,  0.28913,  0.88479,  0.86626,  0.83134
6562, 2289, -0.03711, -0.00472, -0.00831,  0.17213,  0.88479,  0.74926,  0.83134
6563, 2286, -0.031, -0.00039, -0.01545,  0.17213,  0.91569,  0.74926,  0.87798
6564, 2289, -0.03711, -0.00472, -0.00831,  0.17213,  0.88479,  0.74926,  0.83134
6565, 2288, -0.035, -0.02218, -0.00273,  0.28913,  0.88479,  0.86626,  0.83134
6566, 2290, -0.0408, -0.02567,  0.00703,  0.28913,  0.84954,  0.86626,  0.78103
6567, 2289, -0.03711, -0.00472, -0.00831,  0.17213,  0.88479,  0.74926,  0.83134
6568, 2290, -0.0408, -0.02567,  0.00703,  0.28913,  0.84954,  0.86626,  0.78103
6569, 2291, -0.04327, -0.00737,  0.00117,  0.17213,  0.84954,  0.74926,  0.78103
6570, 2291, -0.04327, -0.00737,  0.00117,  0.17213,  0.84954,  0.74926,  0.78103
6571, 2290, -0.0408, -0.02567,  0.00703,  0.28913,  0.84954,  0.86626,  0.78103
6572, 2292, -0.04573, -0.02727,  0.01841,  0.28913,  0.81176,  0.86626,  0.7284
6573, 2291, -0.04327, -0.00737,  0.00117,  0.17213,  0.84954,  0.74926,  0.78103
6574, 2292, -0.04573, -0.02727,  0.01841,  0.28913,  0.81176,  0.86626,  0.7284
6575, 2293, -0.04859, -0.0085,  0.01264,  0.17213,  0.81176,  0.74926,  0.7284
6576, 2293, -0.04859, -0.0085,  0.01264,  0.17213,  0.81176,  0.74926,  0.7284
6577, 2292, -0.04573, -0.02727,  0.01841,  0.28913,  0.81176,  0.86626,  0.7284
6578, 2294, -0.04881, -0.02719,  0.03179,  0.28913,  0.77327,  0.86626,  0.67479
6579, 2293, -0.04859, -0.0085,  0.01264,  0.17213,  0.81176,  0.74926,  0.7284
6580, 2294, -0.04881, -0.02719,  0.03179,  0.28913,  0.77327,  0.86626,  0.67479
6581, 2295, -0.05216, -0.00826,  0.02576,  0.17213,  0.77327,  0.74926,  0.67479
6582, 2295, -0.05216, -0.00826,  0.02576,  0.17213,  0.77327,  0.74926,  0.67479
6583, 2294, -0.04881, -0.02719,  0.03179,  0.28913,  0.77327,  0.86626,  0.67479
6584, 2296, -0.05072, -0.02579,  0.04581,  0.28913,  0.7344,  0.86626,  0.62063
6585, 2295, -0.05216, -0.00826,  0.02576,  0.17213,  0.77327,  0.74926,  0.67479
6586, 2296, -0.05072, -0.02579,  0.04581,  0.28913,  0.7344,  0.86626,  0.62063
6587, 2297, -0.05435, -0.00723,  0.03978,  0.17213,  0.7344,  0.74926,  0.62063
6588, 2297, -0.05435, -0.00723,  0.03978,  0.17213,  0.7344,  0.74926,  0.62063
6589, 2296, -0.05072, -0.02579,  0.04581,  0.28913,  0.7344,  0.86626,  0.62063
6590, 2298, -0.05214, -0.02339,  0.0591,  0.28913,  0.69546,  0.86626,  0.56639
6591, 2297, -0.05435, -0.00723,  0.03978,  0.17213,  0.7344,  0.74926,  0.62063
6592, 2298, -0.05214, -0.02339,  0.0591,  0.28913,  0.69546,  0.86626,  0.56639
6593, 2299, -0.05553, -0.006,  0.05395,  0.17213,  0.69546,  0.74926,  0.56639
6594, 2299, -0.05553, -0.006,  0.05395,  0.17213,  0.69546,  0.74926,  0.56639
6595, 2298, -0.05214, -0.02339,  0.0591,  0.28913,  0.69546,  0.86626,  0.56639
6596, 2300, -0.05285, -0.02018,  0.07121,  0.28913,  0.65679,  0.86626,  0.51252
6597, 2299, -0.05553, -0.006,  0.05395,  0.17213,  0.69546,  0.74926,  0.56639
6598, 2300, -0.05285, -0.02018,  0.07121,  0.28913,  0.65679,  0.86626,  0.51252
6599, 2301, -0.05584, -0.00459,  0.06728,  0.17213,  0.65679,  0.74926,  0.51252
6600, 2301, -0.05584, -0.00459,  0.06728,  0.17213,  0.65679,  0.74926,  0.51252
6601, 2300, -0.05285, -0.02018,  0.07121,  0.28913,  0.65679,  0.86626,  0.51252
6602, 2302, -0.05262, -0.01635,  0.0817,  0.28913,  0.61872,  0.86626,  0.45949
6603, 2301, -0.05584, -0.00459,  0.06728,  0.17213,  0.65679,  0.74926,  0.51252
6604, 2302, -0.05262, -0.01635,  0.0817,  0.28913,  0.61872,  0.86626,  0.45949
6605, 2303, -0.05538, -0.00305,  0.07881,  0.17213,  0.61872,  0.74926,  0.45949
6606, 2303, -0.05538, -0.00305,  0.07881,  0.17213,  0.61872,  0.74926,  0.45949
6607, 2302, -0.05262, -0.01635,  0.0817,  0.28913,  0.61872,  0.86626,  0.45949
6608, 2304, -0.05119, -0.01219,  0.09112,  0.28913,  0.58105,  0.86626,  0.40701
6609, 2303, -0.05538, -0.00305,  0.07881,  0.17213,  0.61872,  0.74926,  0.45949
6610, 2304, -0.05119, -0.01219,  0.09112,  0.28913,  0.58105,  0.86626,  0.40701
6611, 2305, -0.05371, -0.00163,  0.08919,  0.17213,  0.58105,  0.74926,  0.40701
6612, 2305, -0.05371, -0.00163,  0.08919,  0.17213,  0.58105,  0.74926,  0.40701
6613, 2304, -0.05119, -0.01219,  0.09112,  0.28913,  0.58105,  0.86626,  0.40701
6614, 2306, -0.04829, -0.00799,  0.10001,  0.28913,  0.54357,  0.86626,  0.35481
6615, 2305, -0.05371, -0.00163,  0.08919,  0.17213,  0.58105,  0.74926,  0.40701
6616, 2306, -0.04829, -0.00799,  0.10001,  0.28913,  0.54357,  0.86626,  0.35481
6617, 2307, -0.05036, -0.00058,  0.09909,  0.17213,  0.54357,  0.74926,  0.35481
6618, 2307, -0.05036, -0.00058,  0.09909,  0.17213,  0.54357,  0.74926,  0.35481
6619, 2306, -0.04829, -0.00799,  0.10001,  0.28913,  0.54357,  0.86626,  0.35481
6620, 2308, -0.04466, -0.00377,  0.10862,  0.28913,  0.5062,  0.86626,  0.30275
6621, 2307, -0.05036, -0.00058,  0.09909,  0.17213,  0.54357,  0.74926,  0.35481
6622, 2308, -0.04466, -0.00377,  0.10862,  0.28913,  0.5062,  0.86626,  0.30275
6623, 2309, -0.04617,  0.00028,  0.10874,  0.17213,  0.5062,  0.74926,  0.30275
6624, 2310,  0.01821, -0.06554,  0.04398,  0.17213,  0.93965,  0.20377,  0.9038
6625, 2311,  0.0224, -0.06459,  0.04065,  0.17213,  0.96789,  0.20377,  0.94237
6626, 2312,  0.02478, -0.06623,  0.0497,  0.28913,  0.96789,  0.32077,  0.94237
6627, 2310,  0.01821, -0.06554,  0.04398,  0.17213,  0.93965,  0.20377,  0.9038
6628, 2312,  0.02478, -0.06623,  0.0497,  0.28913,  0.96789,  0.32077,  0.94237
6629, 2313,  0.02005, -0.06672,  0.05384,  0.28913,  0.93965,  0.32077,  0.9038
6630, 2314,  0.0245, -0.06347,  0.03843,  0.17213,  0.99469,  0.20377,  0.97917
6631, 2312,  0.02478, -0.06623,  0.0497,  0.28913,  0.96789,  0.32077,  0.94237
6632, 2311,  0.0224, -0.06459,  0.04065,  0.17213,  0.96789,  0.20377,  0.94237
6633, 2314,  0.0245, -0.06347,  0.03843,  0.17213,  0.99469,  0.20377,  0.97917
6634, 2315,  0.02898, -0.06612,  0.04632,  0.28913,  0.99469,  0.32077,  0.97917
6635, 2312,  0.02478, -0.06623,  0.0497,  0.28913,  0.96789,  0.32077,  0.94237
6636, 2313,  0.02005, -0.06672,  0.05384,  0.28913,  0.93965,  0.32077,  0.9038
6637, 2316,  0.00983, -0.06618,  0.04953,  0.17213,  0.90851,  0.20377,  0.86169
6638, 2310,  0.01821, -0.06554,  0.04398,  0.17213,  0.93965,  0.20377,  0.9038
6639, 2313,  0.02005, -0.06672,  0.05384,  0.28913,  0.93965,  0.32077,  0.9038
6640, 2317,  0.01423, -0.06795,  0.05951,  0.28913,  0.90851,  0.32077,  0.86169
6641, 2316,  0.00983, -0.06618,  0.04953,  0.17213,  0.90851,  0.20377,  0.86169
6642, 2318,  0.0004, -0.06682,  0.05625,  0.17213,  0.87571,  0.20377,  0.81711
6643, 2316,  0.00983, -0.06618,  0.04953,  0.17213,  0.90851,  0.20377,  0.86169
6644, 2317,  0.01423, -0.06795,  0.05951,  0.28913,  0.90851,  0.32077,  0.86169
6645, 2318,  0.0004, -0.06682,  0.05625,  0.17213,  0.87571,  0.20377,  0.81711
6646, 2317,  0.01423, -0.06795,  0.05951,  0.28913,  0.90851,  0.32077,  0.86169
6647, 2319,  0.00783, -0.06932,  0.06603,  0.28913,  0.87571,  0.32077,  0.81711
6648, 2318,  0.0004, -0.06682,  0.05625,  0.17213,  0.87571,  0.20377,  0.81711
6649, 2319,  0.00783, -0.06932,  0.06603,  0.28913,  0.87571,  0.32077,  0.81711
6650, 2320,  0.00135, -0.07022,  0.07268,  0.28913,  0.84246,  0.32077,  0.77117
6651, 2318,  0.0004, -0.06682,  0.05625,  0.17213,  0.87571,  0.20377,  0.81711
6652, 2320,  0.00135, -0.07022,  0.07268,  0.28913,  0.84246,  0.32077,  0.77117
6653, 2321, -0.00693, -0.06781,  0.06309,  0.17213,  0.84246,  0.20377,  0.77117
6654, 2322, -0.01337, -0.06771,  0.06976,  0.17213,  0.80866,  0.20377,  0.72408
6655, 2321, -0.00693, -0.06781,  0.06309,  0.17213,  0.84246,  0.20377,  0.77117
6656, 2320,  0.00135, -0.07022,  0.07268,  0.28913,  0.84246,  0.32077,  0.77117
6657, 2322, -0.01337, -0.06771,  0.06976,  0.17213,  0.80866,  0.20377,  0.72408
6658, 2320,  0.00135, -0.07022,  0.07268,  0.28913,  0.84246,  0.32077,  0.77117
6659, 2323, -0.00534, -0.06925,  0.07942,  0.28913,  0.80866,  0.32077,  0.72408
6660, 2323, -0.00534, -0.06925,  0.07942,  0.28913,  0.80866,  0.32077,  0.72408
6661, 2324, -0.02012, -0.06509,  0.07597,  0.17213,  0.77418,  0.20377,  0.67606
6662, 2322, -0.01337, -0.06771,  0.06976,  0.17213,  0.80866,  0.20377,  0.72408
6663, 2323, -0.00534, -0.06925,  0.07942,  0.28913,  0.80866,  0.32077,  0.72408
6664, 2325, -0.0124, -0.06496,  0.08616,  0.28913,  0.77418,  0.32077,  0.67606
6665, 2324, -0.02012, -0.06509,  0.07597,  0.17213,  0.77418,  0.20377,  0.67606
6666, 2326, -0.02616, -0.05982,  0.08221,  0.17213,  0.73875,  0.20377,  0.6267
6667, 2324, -0.02012, -0.06509,  0.07597,  0.17213,  0.77418,  0.20377,  0.67606
6668, 2325, -0.0124, -0.06496,  0.08616,  0.28913,  0.77418,  0.32077,  0.67606
6669, 2326, -0.02616, -0.05982,  0.08221,  0.17213,  0.73875,  0.20377,  0.6267
6670, 2325, -0.0124, -0.06496,  0.08616,  0.28913,  0.77418,  0.32077,  0.67606
6671, 2327, -0.01885, -0.05885,  0.09247,  0.28913,  0.73875,  0.32077,  0.6267
6672, 2327, -0.01885, -0.05885,  0.09247,  0.28913,  0.73875,  0.32077,  0.6267
6673, 2328, -0.03045, -0.05177,  0.08899,  0.17213,  0.70207,  0.20377,  0.5756
6674, 2326, -0.02616, -0.05982,  0.08221,  0.17213,  0.73875,  0.20377,  0.6267
6675, 2327, -0.01885, -0.05885,  0.09247,  0.28913,  0.73875,  0.32077,  0.6267
6676, 2329, -0.02374, -0.05238,  0.0979,  0.28913,  0.70207,  0.32077,  0.5756
6677, 2328, -0.03045, -0.05177,  0.08899,  0.17213,  0.70207,  0.20377,  0.5756
6678, 2330, -0.03354, -0.04296,  0.09552,  0.17213,  0.66402,  0.20377,  0.5226
6679, 2328, -0.03045, -0.05177,  0.08899,  0.17213,  0.70207,  0.20377,  0.5756
6680, 2329, -0.02374, -0.05238,  0.0979,  0.28913,  0.70207,  0.32077,  0.5756
6681, 2330, -0.03354, -0.04296,  0.09552,  0.17213,  0.66402,  0.20377,  0.5226
6682, 2329, -0.02374, -0.05238,  0.0979,  0.28913,  0.70207,  0.32077,  0.5756
6683, 2331, -0.02729, -0.04559,  0.10263,  0.28913,  0.66402,  0.32077,  0.5226
6684, 2331, -0.02729, -0.04559,  0.10263,  0.28913,  0.66402,  0.32077,  0.5226
6685, 2332, -0.03596, -0.03544,  0.101,  0.17213,  0.62449,  0.20377,  0.46753
6686, 2330, -0.03354, -0.04296,  0.09552,  0.17213,  0.66402,  0.20377,  0.5226
6687, 2331, -0.02729, -0.04559,  0.10263,  0.28913,  0.66402,  0.32077,  0.5226
6688, 2333, -0.02973, -0.03851,  0.10684,  0.28913,  0.62449,  0.32077,  0.46753
6689, 2332, -0.03596, -0.03544,  0.101,  0.17213,  0.62449,  0.20377,  0.46753
6690, 2334, -0.03725, -0.02833,  0.10603,  0.17213,  0.59169,  0.20377,  0.41186
6691, 2332, -0.03596, -0.03544,  0.101,  0.17213,  0.62449,  0.20377,  0.46753
6692, 2333, -0.02973, -0.03851,  0.10684,  0.28913,  0.62449,  0.32077,  0.46753
6693, 2334, -0.03725, -0.02833,  0.10603,  0.17213,  0.59169,  0.20377,  0.41186
6694, 2333, -0.02973, -0.03851,  0.10684,  0.28913,  0.62449,  0.32077,  0.46753
6695, 2335, -0.03086, -0.03096,  0.11109,  0.28913,  0.59169,  0.32077,  0.41186
6696, 2335, -0.03086, -0.03096,  0.11109,  0.28913,  0.59169,  0.32077,  0.41186
6697, 2336, -0.03695, -0.02076,  0.11119,  0.17213,  0.57385,  0.20377,  0.35708
6698, 2334, -0.03725, -0.02833,  0.10603,  0.17213,  0.59169,  0.20377,  0.41186
6699, 2335, -0.03086, -0.03096,  0.11109,  0.28913,  0.59169,  0.32077,  0.41186
6700, 2337, -0.03047, -0.02277,  0.11592,  0.28913,  0.57385,  0.32077,  0.35708
6701, 2336, -0.03695, -0.02076,  0.11119,  0.17213,  0.57385,  0.20377,  0.35708
6702, 2338, -0.03585, -0.01295,  0.11641,  0.17213,  0.56348,  0.20377,  0.30275
6703, 2336, -0.03695, -0.02076,  0.11119,  0.17213,  0.57385,  0.20377,  0.35708
6704, 2337, -0.03047, -0.02277,  0.11592,  0.28913,  0.57385,  0.32077,  0.35708
6705, 2338, -0.03585, -0.01295,  0.11641,  0.17213,  0.56348,  0.20377,  0.30275
6706, 2337, -0.03047, -0.02277,  0.11592,  0.28913,  0.57385,  0.32077,  0.35708
6707, 2339, -0.0293, -0.01426,  0.12104,  0.28913,  0.56348,  0.32077,  0.30275
6708, 2340,  0.06236, -0.02281,  0.12538,  0.17213,  0.91191,  0.20377,  0.86741
6709, 2341,  0.06515, -0.02269,  0.11864,  0.17213,  0.95119,  0.20377,  0.9206
6710, 2342,  0.06621, -0.00577,  0.12085,  0.28913,  0.95119,  0.32077,  0.9206
6711, 2340,  0.06236, -0.02281,  0.12538,  0.17213,  0.91191,  0.20377,  0.86741
6712, 2342,  0.06621, -0.00577,  0.12085,  0.28913,  0.95119,  0.32077,  0.9206
6713, 2343,  0.0635, -0.00548,  0.12733,  0.28913,  0.91191,  0.32077,  0.86741
6714, 2344,  0.06694, -0.02243,  0.11061,  0.17213,  0.99469,  0.20377,  0.97917
6715, 2342,  0.06621, -0.00577,  0.12085,  0.28913,  0.95119,  0.32077,  0.9206
6716, 2341,  0.06515, -0.02269,  0.11864,  0.17213,  0.95119,  0.20377,  0.9206
6717, 2344,  0.06694, -0.02243,  0.11061,  0.17213,  0.99469,  0.20377,  0.97917
6718, 2345,  0.06827, -0.00609,  0.11337,  0.28913,  0.99469,  0.32077,  0.97917
6719, 2342,  0.06621, -0.00577,  0.12085,  0.28913,  0.95119,  0.32077,  0.9206
6720, 2343,  0.0635, -0.00548,  0.12733,  0.28913,  0.91191,  0.32077,  0.86741
6721, 2346,  0.05757, -0.02263,  0.12953,  0.17213,  0.88108,  0.20377,  0.82496
6722, 2340,  0.06236, -0.02281,  0.12538,  0.17213,  0.91191,  0.20377,  0.86741
6723, 2343,  0.0635, -0.00548,  0.12733,  0.28913,  0.91191,  0.32077,  0.86741
6724, 2347,  0.05953, -0.00526,  0.1318,  0.28913,  0.88108,  0.32077,  0.82496
6725, 2346,  0.05757, -0.02263,  0.12953,  0.17213,  0.88108,  0.20377,  0.82496
6726, 2348,  0.05159, -0.02217,  0.13219,  0.17213,  0.85371,  0.20377,  0.78684
6727, 2346,  0.05757, -0.02263,  0.12953,  0.17213,  0.88108,  0.20377,  0.82496
6728, 2347,  0.05953, -0.00526,  0.1318,  0.28913,  0.88108,  0.32077,  0.82496
6729, 2348,  0.05159, -0.02217,  0.13219,  0.17213,  0.85371,  0.20377,  0.78684
6730, 2347,  0.05953, -0.00526,  0.1318,  0.28913,  0.88108,  0.32077,  0.82496
6731, 2349,  0.05443, -0.00507,  0.1348,  0.28913,  0.85371,  0.32077,  0.78684
6732, 2349,  0.05443, -0.00507,  0.1348,  0.28913,  0.85371,  0.32077,  0.78684
6733, 2350,  0.04525, -0.02142,  0.13446,  0.17213,  0.82483,  0.20377,  0.7466
6734, 2348,  0.05159, -0.02217,  0.13219,  0.17213,  0.85371,  0.20377,  0.78684
6735, 2349,  0.05443, -0.00507,  0.1348,  0.28913,  0.85371,  0.32077,  0.78684
6736, 2351,  0.04833, -0.00487,  0.13692,  0.28913,  0.82483,  0.32077,  0.7466
6737, 2350,  0.04525, -0.02142,  0.13446,  0.17213,  0.82483,  0.20377,  0.7466
6738, 2352,  0.03855, -0.02049,  0.13632,  0.17213,  0.7948,  0.20377,  0.70477
6739, 2350,  0.04525, -0.02142,  0.13446,  0.17213,  0.82483,  0.20377,  0.7466
6740, 2351,  0.04833, -0.00487,  0.13692,  0.28913,  0.82483,  0.32077,  0.7466
6741, 2352,  0.03855, -0.02049,  0.13632,  0.17213,  0.7948,  0.20377,  0.70477
6742, 2351,  0.04833, -0.00487,  0.13692,  0.28913,  0.82483,  0.32077,  0.7466
6743, 2353,  0.04159, -0.00462,  0.13848,  0.28913,  0.7948,  0.32077,  0.70477
6744, 2352,  0.03855, -0.02049,  0.13632,  0.17213,  0.7948,  0.20377,  0.70477
6745, 2353,  0.04159, -0.00462,  0.13848,  0.28913,  0.7948,  0.32077,  0.70477
6746, 2354,  0.03456, -0.00431,  0.13984,  0.28913,  0.76401,  0.32077,  0.66188
6747, 2352,  0.03855, -0.02049,  0.13632,  0.17213,  0.7948,  0.20377,  0.70477
6748, 2354,  0.03456, -0.00431,  0.13984,  0.28913,  0.76401,  0.32077,  0.66188
6749, 2355,  0.0315, -0.01947,  0.13777,  0.17213,  0.76401,  0.20377,  0.66188
6750, 2356,  0.02421, -0.01834,  0.1388,  0.17213,  0.73241,  0.20377,  0.61786
6751, 2355,  0.0315, -0.01947,  0.13777,  0.17213,  0.76401,  0.20377,  0.66188
6752, 2354,  0.03456, -0.00431,  0.13984,  0.28913,  0.76401,  0.32077,  0.66188
6753, 2356,  0.02421, -0.01834,  0.1388,  0.17213,  0.73241,  0.20377,  0.61786
6754, 2354,  0.03456, -0.00431,  0.13984,  0.28913,  0.76401,  0.32077,  0.66188
6755, 2357,  0.02731, -0.00393,  0.14094,  0.28913,  0.73241,  0.32077,  0.61786
6756, 2356,  0.02421, -0.01834,  0.1388,  0.17213,  0.73241,  0.20377,  0.61786
6757, 2357,  0.02731, -0.00393,  0.14094,  0.28913,  0.73241,  0.32077,  0.61786
6758, 2358,  0.01991, -0.00351,  0.14172,  0.28913,  0.69996,  0.32077,  0.57266
6759, 2356,  0.02421, -0.01834,  0.1388,  0.17213,  0.73241,  0.20377,  0.61786
6760, 2358,  0.01991, -0.00351,  0.14172,  0.28913,  0.69996,  0.32077,  0.57266
6761, 2359,  0.01681, -0.01706,  0.13937,  0.17213,  0.69996,  0.20377,  0.57266
6762, 2360,  0.00927, -0.0156,  0.13935,  0.17213,  0.66565,  0.20377,  0.52486
6763, 2359,  0.01681, -0.01706,  0.13937,  0.17213,  0.69996,  0.20377,  0.57266
6764, 2358,  0.01991, -0.00351,  0.14172,  0.28913,  0.69996,  0.32077,  0.57266
6765, 2360,  0.00927, -0.0156,  0.13935,  0.17213,  0.66565,  0.20377,  0.52486
6766, 2358,  0.01991, -0.00351,  0.14172,  0.28913,  0.69996,  0.32077,  0.57266
6767, 2361,  0.01234, -0.00306,  0.1421,  0.28913,  0.66565,  0.32077,  0.52486
6768, 2361,  0.01234, -0.00306,  0.1421,  0.28913,  0.66565,  0.32077,  0.52486
6769, 2362,  0.00153, -0.01391,  0.1386,  0.17213,  0.62844,  0.20377,  0.47303
6770, 2360,  0.00927, -0.0156,  0.13935,  0.17213,  0.66565,  0.20377,  0.52486
6771, 2361,  0.01234, -0.00306,  0.1421,  0.28913,  0.66565,  0.32077,  0.52486
6772, 2363,  0.00455, -0.00261,  0.14197,  0.28913,  0.62844,  0.32077,  0.47303
6773, 2362,  0.00153, -0.01391,  0.1386,  0.17213,  0.62844,  0.20377,  0.47303
6774, 2364, -0.00618, -0.01192,  0.13685,  0.17213,  0.59615,  0.20377,  0.41808
6775, 2362,  0.00153, -0.01391,  0.1386,  0.17213,  0.62844,  0.20377,  0.47303
6776, 2363,  0.00455, -0.00261,  0.14197,  0.28913,  0.62844,  0.32077,  0.47303
6777, 2364, -0.00618, -0.01192,  0.13685,  0.17213,  0.59615,  0.20377,  0.41808
6778, 2363,  0.00455, -0.00261,  0.14197,  0.28913,  0.62844,  0.32077,  0.47303
6779, 2365, -0.00362, -0.00217,  0.14041,  0.28913,  0.59615,  0.32077,  0.41808
6780, 2365, -0.00362, -0.00217,  0.14041,  0.28913,  0.59615,  0.32077,  0.41808
6781, 2366, -0.01364, -0.00959,  0.13386,  0.17213,  0.57663,  0.20377,  0.36096
6782, 2364, -0.00618, -0.01192,  0.13685,  0.17213,  0.59615,  0.20377,  0.41808
6783, 2365, -0.00362, -0.00217,  0.14041,  0.28913,  0.59615,  0.32077,  0.41808
6784, 2367, -0.01234, -0.00174,  0.13652,  0.28913,  0.57663,  0.32077,  0.36096
6785, 2366, -0.01364, -0.00959,  0.13386,  0.17213,  0.57663,  0.20377,  0.36096
6786, 2368, -0.02099, -0.00707,  0.13025,  0.17213,  0.56348,  0.20377,  0.30275
6787, 2366, -0.01364, -0.00959,  0.13386,  0.17213,  0.57663,  0.20377,  0.36096
6788, 2367, -0.01234, -0.00174,  0.13652,  0.28913,  0.57663,  0.32077,  0.36096
6789, 2368, -0.02099, -0.00707,  0.13025,  0.17213,  0.56348,  0.20377,  0.30275
6790, 2367, -0.01234, -0.00174,  0.13652,  0.28913,  0.57663,  0.32077,  0.36096
6791, 2369, -0.02134, -0.0013,  0.13147,  0.28913,  0.56348,  0.32077,  0.30275
6792, 2370,  0.06541, -0.03567,  0.10259,  0.17213,  0.99469,  0.74782,  0.97917
6793, 2371,  0.06632, -0.02023,  0.11126,  0.28913,  0.99469,  0.86482,  0.97917
6794, 2372,  0.06489, -0.02081,  0.1194,  0.28913,  0.94828,  0.86482,  0.91655
6795, 2370,  0.06541, -0.03567,  0.10259,  0.17213,  0.99469,  0.74782,  0.97917
6796, 2372,  0.06489, -0.02081,  0.1194,  0.28913,  0.94828,  0.86482,  0.91655
6797, 2373,  0.0639, -0.03631,  0.11174,  0.17213,  0.94828,  0.74782,  0.91655
6798, 2373,  0.0639, -0.03631,  0.11174,  0.17213,  0.94828,  0.74782,  0.91655
6799, 2372,  0.06489, -0.02081,  0.1194,  0.28913,  0.94828,  0.86482,  0.91655
6800, 2374,  0.06249, -0.02116,  0.12617,  0.28913,  0.90641,  0.86482,  0.85975
6801, 2373,  0.0639, -0.03631,  0.11174,  0.17213,  0.94828,  0.74782,  0.91655
6802, 2374,  0.06249, -0.02116,  0.12617,  0.28913,  0.90641,  0.86482,  0.85975
6803, 2375,  0.0611, -0.03673,  0.11935,  0.17213,  0.90641,  0.74782,  0.85975
6804, 2375,  0.0611, -0.03673,  0.11935,  0.17213,  0.90641,  0.74782,  0.85975
6805, 2374,  0.06249, -0.02116,  0.12617,  0.28913,  0.90641,  0.86482,  0.85975
6806, 2376,  0.05815, -0.02106,  0.13023,  0.28913,  0.87362,  0.86482,  0.81457
6807, 2375,  0.0611, -0.03673,  0.11935,  0.17213,  0.90641,  0.74782,  0.85975
6808, 2376,  0.05815, -0.02106,  0.13023,  0.28913,  0.87362,  0.86482,  0.81457
6809, 2377,  0.05574, -0.03673,  0.12388,  0.17213,  0.87362,  0.74782,  0.81457
6810, 2377,  0.05574, -0.03673,  0.12388,  0.17213,  0.87362,  0.74782,  0.81457
6811, 2376,  0.05815, -0.02106,  0.13023,  0.28913,  0.87362,  0.86482,  0.81457
6812, 2378,  0.05255, -0.02069,  0.13275,  0.28913,  0.8451,  0.86482,  0.77484
6813, 2377,  0.05574, -0.03673,  0.12388,  0.17213,  0.87362,  0.74782,  0.81457
6814, 2378,  0.05255, -0.02069,  0.13275,  0.28913,  0.8451,  0.86482,  0.77484
6815, 2379,  0.04893, -0.03643,  0.1267,  0.17213,  0.8451,  0.74782,  0.77484
6816, 2379,  0.04893, -0.03643,  0.1267,  0.17213,  0.8451,  0.74782,  0.77484
6817, 2378,  0.05255, -0.02069,  0.13275,  0.28913,  0.8451,  0.86482,  0.77484
6818, 2380,  0.04635, -0.02023,  0.1349,  0.28913,  0.81605,  0.86482,  0.73438
6819, 2379,  0.04893, -0.03643,  0.1267,  0.17213,  0.8451,  0.74782,  0.77484
6820, 2380,  0.04635, -0.02023,  0.1349,  0.28913,  0.81605,  0.86482,  0.73438
6821, 2381,  0.0418, -0.03598,  0.1292,  0.17213,  0.81605,  0.74782,  0.73438
6822, 2381,  0.0418, -0.03598,  0.1292,  0.17213,  0.81605,  0.74782,  0.73438
6823, 2380,  0.04635, -0.02023,  0.1349,  0.28913,  0.81605,  0.86482,  0.73438
6824, 2382,  0.03966, -0.01941,  0.13676,  0.28913,  0.78615,  0.86482,  0.69273
6825, 2381,  0.0418, -0.03598,  0.1292,  0.17213,  0.81605,  0.74782,  0.73438
6826, 2382,  0.03966, -0.01941,  0.13676,  0.28913,  0.78615,  0.86482,  0.69273
6827, 2383,  0.03446, -0.03505,  0.1313,  0.17213,  0.78615,  0.74782,  0.69273
6828, 2383,  0.03446, -0.03505,  0.1313,  0.17213,  0.78615,  0.74782,  0.69273
6829, 2382,  0.03966, -0.01941,  0.13676,  0.28913,  0.78615,  0.86482,  0.69273
6830, 2384,  0.03256, -0.01794,  0.13842,  0.28913,  0.75506,  0.86482,  0.64941
6831, 2383,  0.03446, -0.03505,  0.1313,  0.17213,  0.78615,  0.74782,  0.69273
6832, 2384,  0.03256, -0.01794,  0.13842,  0.28913,  0.75506,  0.86482,  0.64941
6833, 2385,  0.02702, -0.03331,  0.13297,  0.17213,  0.75506,  0.74782,  0.64941
6834, 2385,  0.02702, -0.03331,  0.13297,  0.17213,  0.75506,  0.74782,  0.64941
6835, 2384,  0.03256, -0.01794,  0.13842,  0.28913,  0.75506,  0.86482,  0.64941
6836, 2386,  0.02522, -0.01624,  0.13973,  0.28913,  0.7227,  0.86482,  0.60435
6837, 2385,  0.02702, -0.03331,  0.13297,  0.17213,  0.75506,  0.74782,  0.64941
6838, 2386,  0.02522, -0.01624,  0.13973,  0.28913,  0.7227,  0.86482,  0.60435
6839, 2387,  0.01968, -0.03102,  0.13403,  0.17213,  0.7227,  0.74782,  0.60435
6840, 2387,  0.01968, -0.03102,  0.13403,  0.17213,  0.7227,  0.74782,  0.60435
6841, 2386,  0.02522, -0.01624,  0.13973,  0.28913,  0.7227,  0.86482,  0.60435
6842, 2388,  0.01783, -0.0147,  0.14057,  0.28913,  0.68902,  0.86482,  0.55743
6843, 2387,  0.01968, -0.03102,  0.13403,  0.17213,  0.7227,  0.74782,  0.60435
6844, 2388,  0.01783, -0.0147,  0.14057,  0.28913,  0.68902,  0.86482,  0.55743
6845, 2389,  0.01263, -0.02845,  0.13434,  0.17213,  0.68902,  0.74782,  0.55743
6846, 2389,  0.01263, -0.02845,  0.13434,  0.17213,  0.68902,  0.74782,  0.55743
6847, 2388,  0.01783, -0.0147,  0.14057,  0.28913,  0.68902,  0.86482,  0.55743
6848, 2390,  0.0102, -0.01297,  0.14088,  0.28913,  0.65396,  0.86482,  0.50858
6849, 2389,  0.01263, -0.02845,  0.13434,  0.17213,  0.68902,  0.74782,  0.55743
6850, 2390,  0.0102, -0.01297,  0.14088,  0.28913,  0.65396,  0.86482,  0.50858
6851, 2391,  0.00586, -0.02553,  0.13436,  0.17213,  0.65396,  0.74782,  0.50858
6852, 2391,  0.00586, -0.02553,  0.13436,  0.17213,  0.65396,  0.74782,  0.50858
6853, 2390,  0.0102, -0.01297,  0.14088,  0.28913,  0.65396,  0.86482,  0.50858
6854, 2392,  0.00218, -0.01071,  0.1406,  0.28913,  0.61745,  0.86482,  0.45772
6855, 2391,  0.00586, -0.02553,  0.13436,  0.17213,  0.65396,  0.74782,  0.50858
6856, 2392,  0.00218, -0.01071,  0.1406,  0.28913,  0.61745,  0.86482,  0.45772
6857, 2393, -0.00065, -0.0222,  0.13459,  0.17213,  0.61745,  0.74782,  0.45772
6858, 2393, -0.00065, -0.0222,  0.13459,  0.17213,  0.61745,  0.74782,  0.45772
6859, 2392,  0.00218, -0.01071,  0.1406,  0.28913,  0.61745,  0.86482,  0.45772
6860, 2394, -0.00613, -0.00791,  0.13918,  0.28913,  0.58744,  0.86482,  0.40594
6861, 2393, -0.00065, -0.0222,  0.13459,  0.17213,  0.61745,  0.74782,  0.45772
6862, 2394, -0.00613, -0.00791,  0.13918,  0.28913,  0.58744,  0.86482,  0.40594
6863, 2395, -0.00725, -0.01827,  0.13409,  0.17213,  0.58744,  0.74782,  0.40594
6864, 2395, -0.00725, -0.01827,  0.13409,  0.17213,  0.58744,  0.74782,  0.40594
6865, 2394, -0.00613, -0.00791,  0.13918,  0.28913,  0.58744,  0.86482,  0.40594
6866, 2396, -0.01461, -0.00454,  0.13606,  0.28913,  0.57185,  0.86482,  0.35431
6867, 2395, -0.00725, -0.01827,  0.13409,  0.17213,  0.58744,  0.74782,  0.40594
6868, 2396, -0.01461, -0.00454,  0.13606,  0.28913,  0.57185,  0.86482,  0.35431
6869, 2397, -0.01425, -0.01359,  0.13195,  0.17213,  0.57185,  0.74782,  0.35431
6870, 2397, -0.01425, -0.01359,  0.13195,  0.17213,  0.57185,  0.74782,  0.35431
6871, 2396, -0.01461, -0.00454,  0.13606,  0.28913,  0.57185,  0.86482,  0.35431
6872, 2398, -0.02319, -0.00089,  0.1321,  0.28913,  0.56348,  0.86482,  0.30275
6873, 2397, -0.01425, -0.01359,  0.13195,  0.17213,  0.57185,  0.74782,  0.35431
6874, 2398, -0.02319, -0.00089,  0.1321,  0.28913,  0.56348,  0.86482,  0.30275
6875, 2399, -0.02146, -0.00852,  0.12898,  0.17213,  0.56348,  0.74782,  0.30275
6876, 2400,  0.06145, -0.04113,  0.11496,  0.23063,  0.86089,  0.70759,  0.88171
6877, 2401,  0.06655, -0.03891,  0.11171,  0.23063,  0.92257,  0.70759,  0.93698
6878, 2402,  0.06529, -0.03302,  0.11725,  0.28913,  0.92257,  0.79198,  0.93698
6879, 2400,  0.06145, -0.04113,  0.11496,  0.23063,  0.86089,  0.70759,  0.88171
6880, 2402,  0.06529, -0.03302,  0.11725,  0.28913,  0.92257,  0.79198,  0.93698
6881, 2403,  0.06172, -0.03531,  0.12148,  0.28913,  0.86089,  0.79198,  0.88171
6882, 2404,  0.07096, -0.0363,  0.10855,  0.23063,  0.99469,  0.70759,  0.99635
6883, 2402,  0.06529, -0.03302,  0.11725,  0.28913,  0.92257,  0.79198,  0.93698
6884, 2401,  0.06655, -0.03891,  0.11171,  0.23063,  0.92257,  0.70759,  0.93698
6885, 2404,  0.07096, -0.0363,  0.10855,  0.23063,  0.99469,  0.70759,  0.99635
6886, 2405,  0.06781, -0.02996,  0.1125,  0.28913,  0.99469,  0.79198,  0.99635
6887, 2402,  0.06529, -0.03302,  0.11725,  0.28913,  0.92257,  0.79198,  0.93698
6888, 2403,  0.06172, -0.03531,  0.12148,  0.28913,  0.86089,  0.79198,  0.88171
6889, 2406,  0.05501, -0.04258,  0.11841,  0.23063,  0.82007,  0.70759,  0.83468
6890, 2400,  0.06145, -0.04113,  0.11496,  0.23063,  0.86089,  0.70759,  0.88171
6891, 2403,  0.06172, -0.03531,  0.12148,  0.28913,  0.86089,  0.79198,  0.88171
6892, 2407,  0.05601, -0.03607,  0.12468,  0.28913,  0.82007,  0.79198,  0.83468
6893, 2406,  0.05501, -0.04258,  0.11841,  0.23063,  0.82007,  0.70759,  0.83468
6894, 2408,  0.04913, -0.0359,  0.12731,  0.28913,  0.79014,  0.79198,  0.79143
6895, 2406,  0.05501, -0.04258,  0.11841,  0.23063,  0.82007,  0.70759,  0.83468
6896, 2407,  0.05601, -0.03607,  0.12468,  0.28913,  0.82007,  0.79198,  0.83468
6897, 2408,  0.04913, -0.0359,  0.12731,  0.28913,  0.79014,  0.79198,  0.79143
6898, 2409,  0.04768, -0.04317,  0.12155,  0.23063,  0.79014,  0.70759,  0.79143
6899, 2406,  0.05501, -0.04258,  0.11841,  0.23063,  0.82007,  0.70759,  0.83468
6900, 2410,  0.04201, -0.03541,  0.12987,  0.28913,  0.7611,  0.79198,  0.74748
6901, 2409,  0.04768, -0.04317,  0.12155,  0.23063,  0.79014,  0.70759,  0.79143
6902, 2408,  0.04913, -0.0359,  0.12731,  0.28913,  0.79014,  0.79198,  0.79143
6903, 2410,  0.04201, -0.03541,  0.12987,  0.28913,  0.7611,  0.79198,  0.74748
6904, 2411,  0.03997, -0.04279,  0.12388,  0.23063,  0.7611,  0.70759,  0.74748
6905, 2409,  0.04768, -0.04317,  0.12155,  0.23063,  0.79014,  0.70759,  0.79143
6906, 2412,  0.03474, -0.03438,  0.13211,  0.28913,  0.73248,  0.79198,  0.70316
6907, 2411,  0.03997, -0.04279,  0.12388,  0.23063,  0.7611,  0.70759,  0.74748
6908, 2410,  0.04201, -0.03541,  0.12987,  0.28913,  0.7611,  0.79198,  0.74748
6909, 2412,  0.03474, -0.03438,  0.13211,  0.28913,  0.73248,  0.79198,  0.70316
6910, 2413,  0.03211, -0.04158,  0.12564,  0.23063,  0.73248,  0.70759,  0.70316
6911, 2411,  0.03997, -0.04279,  0.12388,  0.23063,  0.7611,  0.70759,  0.74748
6912, 2414,  0.02739, -0.03262,  0.13379,  0.28913,  0.70382,  0.79198,  0.65876
6913, 2413,  0.03211, -0.04158,  0.12564,  0.23063,  0.73248,  0.70759,  0.70316
6914, 2412,  0.03474, -0.03438,  0.13211,  0.28913,  0.73248,  0.79198,  0.70316
6915, 2414,  0.02739, -0.03262,  0.13379,  0.28913,  0.70382,  0.79198,  0.65876
6916, 2415,  0.02433, -0.03965,  0.12707,  0.23063,  0.70382,  0.70759,  0.65876
6917, 2413,  0.03211, -0.04158,  0.12564,  0.23063,  0.73248,  0.70759,  0.70316
6918, 2416,  0.02013, -0.03033,  0.13489,  0.28913,  0.67715,  0.79198,  0.61306
6919, 2415,  0.02433, -0.03965,  0.12707,  0.23063,  0.70382,  0.70759,  0.65876
6920, 2414,  0.02739, -0.03262,  0.13379,  0.28913,  0.70382,  0.79198,  0.65876
6921, 2416,  0.02013, -0.03033,  0.13489,  0.28913,  0.67715,  0.79198,  0.61306
6922, 2417,  0.01678, -0.03694,  0.12813,  0.23063,  0.67715,  0.70759,  0.61306
6923, 2415,  0.02433, -0.03965,  0.12707,  0.23063,  0.70382,  0.70759,  0.65876
6924, 2418,  0.01313, -0.02772,  0.13541,  0.28913,  0.65451,  0.79198,  0.56482
6925, 2417,  0.01678, -0.03694,  0.12813,  0.23063,  0.67715,  0.70759,  0.61306
6926, 2416,  0.02013, -0.03033,  0.13489,  0.28913,  0.67715,  0.79198,  0.61306
6927, 2418,  0.01313, -0.02772,  0.13541,  0.28913,  0.65451,  0.79198,  0.56482
6928, 2419,  0.00959, -0.03339,  0.12876,  0.23063,  0.65451,  0.70759,  0.56482
6929, 2417,  0.01678, -0.03694,  0.12813,  0.23063,  0.67715,  0.70759,  0.61306
6930, 2420,  0.00632, -0.02483,  0.13554,  0.28913,  0.63397,  0.79198,  0.51385
6931, 2419,  0.00959, -0.03339,  0.12876,  0.23063,  0.65451,  0.70759,  0.56482
6932, 2418,  0.01313, -0.02772,  0.13541,  0.28913,  0.65451,  0.79198,  0.56482
6933, 2420,  0.00632, -0.02483,  0.13554,  0.28913,  0.63397,  0.79198,  0.51385
6934, 2421,  0.0027, -0.02941,  0.12914,  0.23063,  0.63397,  0.70759,  0.51385
6935, 2419,  0.00959, -0.03339,  0.12876,  0.23063,  0.65451,  0.70759,  0.56482
6936, 2422, -0.00037, -0.0217,  0.13552,  0.28913,  0.61359,  0.79198,  0.45993
6937, 2421,  0.0027, -0.02941,  0.12914,  0.23063,  0.63397,  0.70759,  0.51385
6938, 2420,  0.00632, -0.02483,  0.13554,  0.28913,  0.63397,  0.79198,  0.51385
6939, 2422, -0.00037, -0.0217,  0.13552,  0.28913,  0.61359,  0.79198,  0.45993
6940, 2423, -0.00392, -0.02541,  0.12942,  0.23063,  0.61359,  0.70759,  0.45993
6941, 2421,  0.0027, -0.02941,  0.12914,  0.23063,  0.63397,  0.70759,  0.51385
6942, 2424, -0.0072, -0.01776,  0.1348,  0.28913,  0.59465,  0.79198,  0.40503
6943, 2423, -0.00392, -0.02541,  0.12942,  0.23063,  0.61359,  0.70759,  0.45993
6944, 2422, -0.00037, -0.0217,  0.13552,  0.28913,  0.61359,  0.79198,  0.45993
6945, 2424, -0.0072, -0.01776,  0.1348,  0.28913,  0.59465,  0.79198,  0.40503
6946, 2425, -0.01042, -0.02099,  0.12906,  0.23063,  0.59465,  0.70759,  0.40503
6947, 2423, -0.00392, -0.02541,  0.12942,  0.23063,  0.61359,  0.70759,  0.45993
6948, 2426, -0.01443, -0.01245,  0.13288,  0.28913,  0.57839,  0.79198,  0.35106
6949, 2425, -0.01042, -0.02099,  0.12906,  0.23063,  0.59465,  0.70759,  0.40503
6950, 2424, -0.0072, -0.01776,  0.1348,  0.28913,  0.59465,  0.79198,  0.40503
6951, 2426, -0.01443, -0.01245,  0.13288,  0.28913,  0.57839,  0.79198,  0.35106
6952, 2427, -0.01696, -0.01573,  0.12752,  0.23063,  0.57839,  0.70759,  0.35106
6953, 2425, -0.01042, -0.02099,  0.12906,  0.23063,  0.59465,  0.70759,  0.40503
6954, 2428, -0.02188, -0.00645,  0.13036,  0.28913,  0.56348,  0.79198,  0.29757
6955, 2427, -0.01696, -0.01573,  0.12752,  0.23063,  0.57839,  0.70759,  0.35106
6956, 2426, -0.01443, -0.01245,  0.13288,  0.28913,  0.57839,  0.79198,  0.35106
6957, 2428, -0.02188, -0.00645,  0.13036,  0.28913,  0.56348,  0.79198,  0.29757
6958, 2429, -0.02352, -0.01005,  0.12538,  0.23063,  0.56348,  0.70759,  0.29757
6959, 2427, -0.01696, -0.01573,  0.12752,  0.23063,  0.57839,  0.70759,  0.35106
6960, 2430,  0.04907, -0.06146,  0.09212,  0.17213,  0.85095,  0.20377,  0.87608
6961, 2431,  0.05589, -0.05702,  0.08944,  0.17213,  0.9145,  0.20377,  0.92673
6962, 2432,  0.06114, -0.0561,  0.09764,  0.28913,  0.9145,  0.32077,  0.92673
6963, 2430,  0.04907, -0.06146,  0.09212,  0.17213,  0.85095,  0.20377,  0.87608
6964, 2432,  0.06114, -0.0561,  0.09764,  0.28913,  0.9145,  0.32077,  0.92673
6965, 2433,  0.05412, -0.05933,  0.10187,  0.28913,  0.85095,  0.32077,  0.87608
6966, 2434,  0.06227, -0.05143,  0.08672,  0.17213,  0.99469,  0.20377,  0.97917
6967, 2432,  0.06114, -0.0561,  0.09764,  0.28913,  0.9145,  0.32077,  0.92673
6968, 2431,  0.05589, -0.05702,  0.08944,  0.17213,  0.9145,  0.20377,  0.92673
6969, 2434,  0.06227, -0.05143,  0.08672,  0.17213,  0.99469,  0.20377,  0.97917
6970, 2435,  0.06808, -0.05193,  0.09312,  0.28913,  0.99469,  0.32077,  0.97917
6971, 2432,  0.06114, -0.0561,  0.09764,  0.28913,  0.9145,  0.32077,  0.92673
6972, 2433,  0.05412, -0.05933,  0.10187,  0.28913,  0.85095,  0.32077,  0.87608
6973, 2436,  0.04133, -0.06362,  0.0947,  0.17213,  0.82072,  0.20377,  0.82899
6974, 2430,  0.04907, -0.06146,  0.09212,  0.17213,  0.85095,  0.20377,  0.87608
6975, 2433,  0.05412, -0.05933,  0.10187,  0.28913,  0.85095,  0.32077,  0.87608
6976, 2437,  0.04693, -0.06067,  0.10554,  0.28913,  0.82072,  0.32077,  0.82899
6977, 2436,  0.04133, -0.06362,  0.0947,  0.17213,  0.82072,  0.20377,  0.82899
6978, 2438,  0.03285, -0.06425,  0.0974,  0.17213,  0.80595,  0.20377,  0.78355
6979, 2436,  0.04133, -0.06362,  0.0947,  0.17213,  0.82072,  0.20377,  0.82899
6980, 2437,  0.04693, -0.06067,  0.10554,  0.28913,  0.82072,  0.32077,  0.82899
6981, 2438,  0.03285, -0.06425,  0.0974,  0.17213,  0.80595,  0.20377,  0.78355
6982, 2437,  0.04693, -0.06067,  0.10554,  0.28913,  0.82072,  0.32077,  0.82899
6983, 2439,  0.03923, -0.06075,  0.10871,  0.28913,  0.80595,  0.32077,  0.78355
6984, 2439,  0.03923, -0.06075,  0.10871,  0.28913,  0.80595,  0.32077,  0.78355
6985, 2440,  0.02382, -0.06411,  0.10045,  0.17213,  0.78882,  0.20377,  0.73785
6986, 2438,  0.03285, -0.06425,  0.0974,  0.17213,  0.80595,  0.20377,  0.78355
6987, 2439,  0.03923, -0.06075,  0.10871,  0.28913,  0.80595,  0.32077,  0.78355
6988, 2441,  0.03069, -0.0602,  0.11142,  0.28913,  0.78882,  0.32077,  0.73785
6989, 2440,  0.02382, -0.06411,  0.10045,  0.17213,  0.78882,  0.20377,  0.73785
6990, 2442,  0.01484, -0.06298,  0.10363,  0.17213,  0.77012,  0.20377,  0.69195
6991, 2440,  0.02382, -0.06411,  0.10045,  0.17213,  0.78882,  0.20377,  0.73785
6992, 2441,  0.03069, -0.0602,  0.11142,  0.28913,  0.78882,  0.32077,  0.73785
6993, 2442,  0.01484, -0.06298,  0.10363,  0.17213,  0.77012,  0.20377,  0.69195
6994, 2441,  0.03069, -0.0602,  0.11142,  0.28913,  0.78882,  0.32077,  0.73785
6995, 2443,  0.02189, -0.05872,  0.11383,  0.28913,  0.77012,  0.32077,  0.69195
6996, 2442,  0.01484, -0.06298,  0.10363,  0.17213,  0.77012,  0.20377,  0.69195
6997, 2443,  0.02189, -0.05872,  0.11383,  0.28913,  0.77012,  0.32077,  0.69195
6998, 2444,  0.01343, -0.05604,  0.1161,  0.28913,  0.75062,  0.32077,  0.64589
6999, 2442,  0.01484, -0.06298,  0.10363,  0.17213,  0.77012,  0.20377,  0.69195
7000, 2444,  0.01343, -0.05604,  0.1161,  0.28913,  0.75062,  0.32077,  0.64589
7001, 2445,  0.00652, -0.06062,  0.10672,  0.17213,  0.75062,  0.20377,  0.64589
7002, 2446, -0.00085, -0.05673,  0.10975,  0.17213,  0.7287,  0.20377,  0.5993
7003, 2445,  0.00652, -0.06062,  0.10672,  0.17213,  0.75062,  0.20377,  0.64589
7004, 2444,  0.01343, -0.05604,  0.1161,  0.28913,  0.75062,  0.32077,  0.64589
7005, 2446, -0.00085, -0.05673,  0.10975,  0.17213,  0.7287,  0.20377,  0.5993
7006, 2444,  0.01343, -0.05604,  0.1161,  0.28913,  0.75062,  0.32077,  0.64589
7007, 2447,  0.00579, -0.05206,  0.11828,  0.28913,  0.7287,  0.32077,  0.5993
7008, 2447,  0.00579, -0.05206,  0.11828,  0.28913,  0.7287,  0.32077,  0.5993
7009, 2448, -0.00698, -0.05097,  0.11276,  0.17213,  0.70273,  0.20377,  0.55179
7010, 2446, -0.00085, -0.05673,  0.10975,  0.17213,  0.7287,  0.20377,  0.5993
7011, 2447,  0.00579, -0.05206,  0.11828,  0.28913,  0.7287,  0.32077,  0.5993
7012, 2449, -0.00054, -0.04671,  0.1204,  0.28913,  0.70273,  0.32077,  0.55179
7013, 2448, -0.00698, -0.05097,  0.11276,  0.17213,  0.70273,  0.20377,  0.55179
7014, 2450, -0.01168, -0.04393,  0.11582,  0.17213,  0.67489,  0.20377,  0.50411
7015, 2448, -0.00698, -0.05097,  0.11276,  0.17213,  0.70273,  0.20377,  0.55179
7016, 2449, -0.00054, -0.04671,  0.1204,  0.28913,  0.70273,  0.32077,  0.55179
7017, 2450, -0.01168, -0.04393,  0.11582,  0.17213,  0.67489,  0.20377,  0.50411
7018, 2449, -0.00054, -0.04671,  0.1204,  0.28913,  0.70273,  0.32077,  0.55179
7019, 2451, -0.00553, -0.04015,  0.12235,  0.28913,  0.67489,  0.32077,  0.50411
7020, 2451, -0.00553, -0.04015,  0.12235,  0.28913,  0.67489,  0.32077,  0.50411
7021, 2452, -0.01476, -0.03617,  0.11902,  0.17213,  0.64737,  0.20377,  0.45696
7022, 2450, -0.01168, -0.04393,  0.11582,  0.17213,  0.67489,  0.20377,  0.50411
7023, 2451, -0.00553, -0.04015,  0.12235,  0.28913,  0.67489,  0.32077,  0.50411
7024, 2453, -0.00913, -0.03257,  0.12401,  0.28913,  0.64737,  0.32077,  0.45696
7025, 2452, -0.01476, -0.03617,  0.11902,  0.17213,  0.64737,  0.20377,  0.45696
7026, 2454, -0.01741, -0.02779,  0.12179,  0.17213,  0.61978,  0.20377,  0.40838
7027, 2452, -0.01476, -0.03617,  0.11902,  0.17213,  0.64737,  0.20377,  0.45696
7028, 2453, -0.00913, -0.03257,  0.12401,  0.28913,  0.64737,  0.32077,  0.45696
7029, 2454, -0.01741, -0.02779,  0.12179,  0.17213,  0.61978,  0.20377,  0.40838
7030, 2453, -0.00913, -0.03257,  0.12401,  0.28913,  0.64737,  0.32077,  0.45696
7031, 2455, -0.01205, -0.02436,  0.12563,  0.28913,  0.61978,  0.32077,  0.40838
7032, 2454, -0.01741, -0.02779,  0.12179,  0.17213,  0.61978,  0.20377,  0.40838
7033, 2455, -0.01205, -0.02436,  0.12563,  0.28913,  0.61978,  0.32077,  0.40838
7034, 2456, -0.01496, -0.01593,  0.12746,  0.28913,  0.59175,  0.32077,  0.35641
7035, 2454, -0.01741, -0.02779,  0.12179,  0.17213,  0.61978,  0.20377,  0.40838
7036, 2456, -0.01496, -0.01593,  0.12746,  0.28913,  0.59175,  0.32077,  0.35641
7037, 2457, -0.02085, -0.0189,  0.12356,  0.17213,  0.59175,  0.20377,  0.35641
7038, 2458, -0.02468, -0.00974,  0.12483,  0.17213,  0.56348,  0.20377,  0.30275
7039, 2457, -0.02085, -0.0189,  0.12356,  0.17213,  0.59175,  0.20377,  0.35641
7040, 2456, -0.01496, -0.01593,  0.12746,  0.28913,  0.59175,  0.32077,  0.35641
7041, 2458, -0.02468, -0.00974,  0.12483,  0.17213,  0.56348,  0.20377,  0.30275
7042, 2456, -0.01496, -0.01593,  0.12746,  0.28913,  0.59175,  0.32077,  0.35641
7043, 2459, -0.01788, -0.00739,  0.12941,  0.28913,  0.56348,  0.32077,  0.30275
7044, 2460,  0.05238, -0.06068,  0.09792,  0.34471,  0.84063,  0.81667,  0.92501
7045, 2461,  0.04685, -0.06316,  0.08771,  0.25087,  0.84063,  0.72283,  0.92501
7046, 2462,  0.05582, -0.0589,  0.08521,  0.25087,  0.91357,  0.72283,  0.96341
7047, 2460,  0.05238, -0.06068,  0.09792,  0.34471,  0.84063,  0.81667,  0.92501
7048, 2462,  0.05582, -0.0589,  0.08521,  0.25087,  0.91357,  0.72283,  0.96341
7049, 2463,  0.06084, -0.05645,  0.09605,  0.34471,  0.91357,  0.81667,  0.96341
7050, 2463,  0.06084, -0.05645,  0.09605,  0.34471,  0.91357,  0.81667,  0.96341
7051, 2462,  0.05582, -0.0589,  0.08521,  0.25087,  0.91357,  0.72283,  0.96341
7052, 2464,  0.06492, -0.05386,  0.08244,  0.25087,  0.9936,  0.72283,  1.00076
7053, 2463,  0.06084, -0.05645,  0.09605,  0.34471,  0.91357,  0.81667,  0.96341
7054, 2464,  0.06492, -0.05386,  0.08244,  0.25087,  0.9936,  0.72283,  1.00076
7055, 2465,  0.06921, -0.05123,  0.09393,  0.34471,  0.9936,  0.81667,  1.00076
7056, 2466,  0.04374, -0.0629,  0.0993,  0.34471,  0.78188,  0.81667,  0.88453
7057, 2461,  0.04685, -0.06316,  0.08771,  0.25087,  0.84063,  0.72283,  0.92501
7058, 2460,  0.05238, -0.06068,  0.09792,  0.34471,  0.84063,  0.81667,  0.92501
7059, 2466,  0.04374, -0.0629,  0.0993,  0.34471,  0.78188,  0.81667,  0.88453
7060, 2467,  0.03815, -0.06585,  0.0897,  0.25087,  0.78188,  0.72283,  0.88453
7061, 2461,  0.04685, -0.06316,  0.08771,  0.25087,  0.84063,  0.72283,  0.92501
7062, 2468,  0.03494, -0.06366,  0.10096,  0.34471,  0.73776,  0.81667,  0.83809
7063, 2467,  0.03815, -0.06585,  0.0897,  0.25087,  0.78188,  0.72283,  0.88453
7064, 2466,  0.04374, -0.0629,  0.0993,  0.34471,  0.78188,  0.81667,  0.88453
7065, 2468,  0.03494, -0.06366,  0.10096,  0.34471,  0.73776,  0.81667,  0.83809
7066, 2469,  0.02914, -0.06713,  0.09183,  0.25087,  0.73776,  0.72283,  0.83809
7067, 2467,  0.03815, -0.06585,  0.0897,  0.25087,  0.78188,  0.72283,  0.88453
7068, 2469,  0.02914, -0.06713,  0.09183,  0.25087,  0.73776,  0.72283,  0.83809
7069, 2468,  0.03494, -0.06366,  0.10096,  0.34471,  0.73776,  0.81667,  0.83809
7070, 2470,  0.02594, -0.0635,  0.10367,  0.34471,  0.70872,  0.81667,  0.78184
7071, 2469,  0.02914, -0.06713,  0.09183,  0.25087,  0.73776,  0.72283,  0.83809
7072, 2470,  0.02594, -0.0635,  0.10367,  0.34471,  0.70872,  0.81667,  0.78184
7073, 2471,  0.01929, -0.06718,  0.09477,  0.25087,  0.70872,  0.72283,  0.78184
7074, 2472,  0.00961, -0.06597,  0.09804,  0.25087,  0.68681,  0.72283,  0.71849
7075, 2471,  0.01929, -0.06718,  0.09477,  0.25087,  0.70872,  0.72283,  0.78184
7076, 2470,  0.02594, -0.0635,  0.10367,  0.34471,  0.70872,  0.81667,  0.78184
7077, 2472,  0.00961, -0.06597,  0.09804,  0.25087,  0.68681,  0.72283,  0.71849
7078, 2470,  0.02594, -0.0635,  0.10367,  0.34471,  0.70872,  0.81667,  0.78184
7079, 2473,  0.01714, -0.06227,  0.10683,  0.34471,  0.68681,  0.81667,  0.71849
7080, 2472,  0.00961, -0.06597,  0.09804,  0.25087,  0.68681,  0.72283,  0.71849
7081, 2473,  0.01714, -0.06227,  0.10683,  0.34471,  0.68681,  0.81667,  0.71849
7082, 2474,  0.00889, -0.0598,  0.10986,  0.34471,  0.66411,  0.81667,  0.65081
7083, 2472,  0.00961, -0.06597,  0.09804,  0.25087,  0.68681,  0.72283,  0.71849
7084, 2474,  0.00889, -0.0598,  0.10986,  0.34471,  0.66411,  0.81667,  0.65081
7085, 2475,  0.00111, -0.06351,  0.10114,  0.25087,  0.66411,  0.72283,  0.65081
7086, 2476, -0.00561, -0.0592,  0.10482,  0.25087,  0.64239,  0.72283,  0.58686
7087, 2475,  0.00111, -0.06351,  0.10114,  0.25087,  0.66411,  0.72283,  0.65081
7088, 2474,  0.00889, -0.0598,  0.10986,  0.34471,  0.66411,  0.81667,  0.65081
7089, 2476, -0.00561, -0.0592,  0.10482,  0.25087,  0.64239,  0.72283,  0.58686
7090, 2474,  0.00889, -0.0598,  0.10986,  0.34471,  0.66411,  0.81667,  0.65081
7091, 2477,  0.0018, -0.05565,  0.11312,  0.34471,  0.64239,  0.81667,  0.58686
7092, 2477,  0.0018, -0.05565,  0.11312,  0.34471,  0.64239,  0.81667,  0.58686
7093, 2478, -0.00997, -0.05247,  0.10981,  0.25087,  0.62342,  0.72283,  0.53474
7094, 2476, -0.00561, -0.0592,  0.10482,  0.25087,  0.64239,  0.72283,  0.58686
7095, 2477,  0.0018, -0.05565,  0.11312,  0.34471,  0.64239,  0.81667,  0.58686
7096, 2479, -0.00354, -0.04935,  0.11699,  0.34471,  0.62342,  0.81667,  0.53474
7097, 2478, -0.00997, -0.05247,  0.10981,  0.25087,  0.62342,  0.72283,  0.53474
7098, 2480, -0.01296, -0.04449,  0.11498,  0.25087,  0.60735,  0.72283,  0.49468
7099, 2478, -0.00997, -0.05247,  0.10981,  0.25087,  0.62342,  0.72283,  0.53474
7100, 2479, -0.00354, -0.04935,  0.11699,  0.34471,  0.62342,  0.81667,  0.53474
7101, 2480, -0.01296, -0.04449,  0.11498,  0.25087,  0.60735,  0.72283,  0.49468
7102, 2479, -0.00354, -0.04935,  0.11699,  0.34471,  0.62342,  0.81667,  0.53474
7103, 2481, -0.00745, -0.04171,  0.12117,  0.34471,  0.60735,  0.81667,  0.49468
7104, 2481, -0.00745, -0.04171,  0.12117,  0.34471,  0.60735,  0.81667,  0.49468
7105, 2482, -0.01558, -0.03645,  0.11918,  0.25087,  0.59432,  0.72283,  0.46694
7106, 2480, -0.01296, -0.04449,  0.11498,  0.25087,  0.60735,  0.72283,  0.49468
7107, 2481, -0.00745, -0.04171,  0.12117,  0.34471,  0.60735,  0.81667,  0.49468
7108, 2483, -0.01026, -0.03356,  0.12538,  0.34471,  0.59432,  0.81667,  0.46694
7109, 2482, -0.01558, -0.03645,  0.11918,  0.25087,  0.59432,  0.72283,  0.46694
7110, 2484, -0.0128, -0.02468,  0.12901,  0.34471,  0.58328,  0.81667,  0.44537
7111, 2482, -0.01558, -0.03645,  0.11918,  0.25087,  0.59432,  0.72283,  0.46694
7112, 2483, -0.01026, -0.03356,  0.12538,  0.34471,  0.59432,  0.81667,  0.46694
7113, 2484, -0.0128, -0.02468,  0.12901,  0.34471,  0.58328,  0.81667,  0.44537
7114, 2485, -0.0183, -0.02757,  0.12259,  0.25087,  0.58328,  0.72283,  0.44537
7115, 2482, -0.01558, -0.03645,  0.11918,  0.25087,  0.59432,  0.72283,  0.46694
7116, 2484, -0.0128, -0.02468,  0.12901,  0.34471,  0.58328,  0.81667,  0.44537
7117, 2486, -0.02158, -0.0171,  0.12538,  0.25087,  0.57315,  0.72283,  0.42379
7118, 2485, -0.0183, -0.02757,  0.12259,  0.25087,  0.58328,  0.72283,  0.44537
7119, 2484, -0.0128, -0.02468,  0.12901,  0.34471,  0.58328,  0.81667,  0.44537
7120, 2487, -0.01594, -0.01485,  0.13144,  0.34471,  0.57315,  0.81667,  0.42379
7121, 2486, -0.02158, -0.0171,  0.12538,  0.25087,  0.57315,  0.72283,  0.42379
7122, 2488, -0.01937, -0.00453,  0.13325,  0.34471,  0.56348,  0.81667,  0.40222
7123, 2486, -0.02158, -0.0171,  0.12538,  0.25087,  0.57315,  0.72283,  0.42379
7124, 2487, -0.01594, -0.01485,  0.13144,  0.34471,  0.57315,  0.81667,  0.42379
7125, 2488, -0.01937, -0.00453,  0.13325,  0.34471,  0.56348,  0.81667,  0.40222
7126, 2489, -0.02513, -0.00583,  0.12786,  0.25087,  0.56348,  0.72283,  0.40222
7127, 2486, -0.02158, -0.0171,  0.12538,  0.25087,  0.57315,  0.72283,  0.42379
7128, 2490, -0.03489, -0.01888, -0.00306,  0.17304,  0.90075,  0.67034,  0.88873
7129, 2491, -0.02918, -0.01365, -0.01136,  0.17304,  0.92902,  0.67034,  0.92643
7130, 2492, -0.02857, -0.02509, -0.00752,  0.29641,  0.92125,  0.75972,  0.92643
7131, 2490, -0.03489, -0.01888, -0.00306,  0.17304,  0.90075,  0.67034,  0.88873
7132, 2492, -0.02857, -0.02509, -0.00752,  0.29641,  0.92125,  0.75972,  0.92643
7133, 2493, -0.03389, -0.02981,  0.00178,  0.29641,  0.89881,  0.75972,  0.88873
7134, 2494, -0.0243, -0.00906, -0.01735,  0.17304,  0.95556,  0.67034,  0.95755
7135, 2492, -0.02857, -0.02509, -0.00752,  0.29641,  0.92125,  0.75972,  0.92643
7136, 2491, -0.02918, -0.01365, -0.01136,  0.17304,  0.92902,  0.67034,  0.92643
7137, 2494, -0.0243, -0.00906, -0.01735,  0.17304,  0.95556,  0.67034,  0.95755
7138, 2495, -0.0237, -0.02066, -0.01447,  0.29641,  0.9439,  0.75972,  0.95755
7139, 2492, -0.02857, -0.02509, -0.00752,  0.29641,  0.92125,  0.75972,  0.92643
7140, 2493, -0.03389, -0.02981,  0.00178,  0.29641,  0.89881,  0.75972,  0.88873
7141, 2496, -0.04079, -0.02329,  0.0068,  0.17304,  0.87458,  0.67034,  0.84898
7142, 2490, -0.03489, -0.01888, -0.00306,  0.17304,  0.90075,  0.67034,  0.88873
7143, 2493, -0.03389, -0.02981,  0.00178,  0.29641,  0.89881,  0.75972,  0.88873
7144, 2497, -0.03891, -0.03382,  0.01283,  0.29641,  0.87458,  0.75972,  0.84898
7145, 2496, -0.04079, -0.02329,  0.0068,  0.17304,  0.87458,  0.67034,  0.84898
7146, 2498, -0.04577, -0.02597,  0.01828,  0.17304,  0.84306,  0.67034,  0.80596
7147, 2496, -0.04079, -0.02329,  0.0068,  0.17304,  0.87458,  0.67034,  0.84898
7148, 2497, -0.03891, -0.03382,  0.01283,  0.29641,  0.87458,  0.75972,  0.84898
7149, 2498, -0.04577, -0.02597,  0.01828,  0.17304,  0.84306,  0.67034,  0.80596
7150, 2497, -0.03891, -0.03382,  0.01283,  0.29641,  0.87458,  0.75972,  0.84898
7151, 2499, -0.04294, -0.0362,  0.02502,  0.29641,  0.84306,  0.75972,  0.80596
7152, 2499, -0.04294, -0.0362,  0.02502,  0.29641,  0.84306,  0.75972,  0.80596
7153, 2500, -0.04877, -0.02598,  0.03146,  0.17304,  0.79879,  0.67034,  0.75846
7154, 2498, -0.04577, -0.02597,  0.01828,  0.17304,  0.84306,  0.67034,  0.80596
7155, 2499, -0.04294, -0.0362,  0.02502,  0.29641,  0.84306,  0.75972,  0.80596
7156, 2501, -0.04531, -0.03607,  0.03775,  0.29641,  0.79879,  0.75972,  0.75846
7157, 2500, -0.04877, -0.02598,  0.03146,  0.17304,  0.79879,  0.67034,  0.75846
7158, 2502, -0.05062, -0.02421,  0.04523,  0.17304,  0.75083,  0.67034,  0.70144
7159, 2500, -0.04877, -0.02598,  0.03146,  0.17304,  0.79879,  0.67034,  0.75846
7160, 2501, -0.04531, -0.03607,  0.03775,  0.29641,  0.79879,  0.75972,  0.75846
7161, 2502, -0.05062, -0.02421,  0.04523,  0.17304,  0.75083,  0.67034,  0.70144
7162, 2501, -0.04531, -0.03607,  0.03775,  0.29641,  0.79879,  0.75972,  0.75846
7163, 2503, -0.04672, -0.03435,  0.05033,  0.29641,  0.75083,  0.75972,  0.70144
7164, 2494, -0.0243, -0.00906, -0.01735,  0.17304,  0.95556,  0.67034,  0.95755
7165, 2504, -0.02002, -0.01752, -0.01849,  0.29641,  0.96875,  0.75972,  0.97757
7166, 2495, -0.0237, -0.02066, -0.01447,  0.29641,  0.9439,  0.75972,  0.95755
7167, 2494, -0.0243, -0.00906, -0.01735,  0.17304,  0.95556,  0.67034,  0.95755
7168, 2505, -0.02088, -0.00657, -0.02028,  0.17304,  0.97652,  0.67034,  0.97757
7169, 2504, -0.02002, -0.01752, -0.01849,  0.29641,  0.96875,  0.75972,  0.97757
7170, 2506, -0.01819, -0.00512, -0.02167,  0.17304,  0.99469,  0.67034,  0.99204
7171, 2504, -0.02002, -0.01752, -0.01849,  0.29641,  0.96875,  0.75972,  0.97757
7172, 2505, -0.02088, -0.00657, -0.02028,  0.17304,  0.97652,  0.67034,  0.97757
7173, 2506, -0.01819, -0.00512, -0.02167,  0.17304,  0.99469,  0.67034,  0.99204
7174, 2507, -0.01693, -0.01502, -0.02105,  0.29641,  0.99469,  0.75972,  0.99204
7175, 2504, -0.02002, -0.01752, -0.01849,  0.29641,  0.96875,  0.75972,  0.97757
7176, 2503, -0.04672, -0.03435,  0.05033,  0.29641,  0.75083,  0.75972,  0.70144
7177, 2508, -0.05218, -0.02151,  0.05847,  0.17304,  0.70828,  0.67034,  0.62987
7178, 2502, -0.05062, -0.02421,  0.04523,  0.17304,  0.75083,  0.67034,  0.70144
7179, 2503, -0.04672, -0.03435,  0.05033,  0.29641,  0.75083,  0.75972,  0.70144
7180, 2509, -0.0479, -0.03197,  0.06206,  0.29641,  0.70828,  0.75972,  0.62987
7181, 2508, -0.05218, -0.02151,  0.05847,  0.17304,  0.70828,  0.67034,  0.62987
7182, 2510, -0.05296, -0.01808,  0.07087,  0.17304,  0.67063,  0.67034,  0.56231
7183, 2508, -0.05218, -0.02151,  0.05847,  0.17304,  0.70828,  0.67034,  0.62987
7184, 2509, -0.0479, -0.03197,  0.06206,  0.29641,  0.70828,  0.75972,  0.62987
7185, 2510, -0.05296, -0.01808,  0.07087,  0.17304,  0.67063,  0.67034,  0.56231
7186, 2509, -0.0479, -0.03197,  0.06206,  0.29641,  0.70828,  0.75972,  0.62987
7187, 2511, -0.04851, -0.02887,  0.07298,  0.29641,  0.67063,  0.75972,  0.56231
7188, 2511, -0.04851, -0.02887,  0.07298,  0.29641,  0.67063,  0.75972,  0.56231
7189, 2512, -0.05249, -0.0141,  0.08212,  0.17304,  0.63735,  0.67034,  0.51731
7190, 2510, -0.05296, -0.01808,  0.07087,  0.17304,  0.67063,  0.67034,  0.56231
7191, 2511, -0.04851, -0.02887,  0.07298,  0.29641,  0.67063,  0.75972,  0.56231
7192, 2513, -0.04822, -0.025,  0.08312,  0.29641,  0.63735,  0.75972,  0.51731
7193, 2512, -0.05249, -0.0141,  0.08212,  0.17304,  0.63735,  0.67034,  0.51731
7194, 2514, -0.05115, -0.01071,  0.0917,  0.17304,  0.60219,  0.67034,  0.48659
7195, 2512, -0.05249, -0.0141,  0.08212,  0.17304,  0.63735,  0.67034,  0.51731
7196, 2513, -0.04822, -0.025,  0.08312,  0.29641,  0.63735,  0.75972,  0.51731
7197, 2514, -0.05115, -0.01071,  0.0917,  0.17304,  0.60219,  0.67034,  0.48659
7198, 2513, -0.04822, -0.025,  0.08312,  0.29641,  0.63735,  0.75972,  0.51731
7199, 2515, -0.04731, -0.02128,  0.0918,  0.29641,  0.60219,  0.75972,  0.48659
7200, 2515, -0.04731, -0.02128,  0.0918,  0.29641,  0.60219,  0.75972,  0.48659
7201, 2516, -0.04933, -0.00906,  0.09912,  0.17304,  0.55887,  0.67034,  0.46188
7202, 2514, -0.05115, -0.01071,  0.0917,  0.17304,  0.60219,  0.67034,  0.48659
7203, 2515, -0.04731, -0.02128,  0.0918,  0.29641,  0.60219,  0.75972,  0.48659
7204, 2517, -0.04609, -0.01861,  0.09833,  0.29641,  0.55887,  0.75972,  0.46188
7205, 2516, -0.04933, -0.00906,  0.09912,  0.17304,  0.55887,  0.67034,  0.46188
7206, 2518, -0.04726, -0.00829,  0.10545,  0.17304,  0.51146,  0.67034,  0.44017
7207, 2516, -0.04933, -0.00906,  0.09912,  0.17304,  0.55887,  0.67034,  0.46188
7208, 2517, -0.04609, -0.01861,  0.09833,  0.29641,  0.55887,  0.75972,  0.46188
7209, 2518, -0.04726, -0.00829,  0.10545,  0.17304,  0.51146,  0.67034,  0.44017
7210, 2517, -0.04609, -0.01861,  0.09833,  0.29641,  0.55887,  0.75972,  0.46188
7211, 2519, -0.0447, -0.01647,  0.1038,  0.29641,  0.51146,  0.75972,  0.44017
7212, 2520, -0.02945,  0.02885, -0.00365,  0.35576,  0.85289,  0.54702,  0.85084
7213, 2521, -0.02647,  0.03826,  0.00229,  0.23632,  0.85289,  0.42758,  0.85084
7214, 2522, -0.01988,  0.03712, -0.00554,  0.23581,  0.89398,  0.42758,  0.88696
7215, 2520, -0.02945,  0.02885, -0.00365,  0.35576,  0.85289,  0.54702,  0.85084
7216, 2522, -0.01988,  0.03712, -0.00554,  0.23581,  0.89398,  0.42758,  0.88696
7217, 2523, -0.02406,  0.02809, -0.01116,  0.35525,  0.89398,  0.54702,  0.88696
7218, 2523, -0.02406,  0.02809, -0.01116,  0.35525,  0.89398,  0.54702,  0.88696
7219, 2522, -0.01988,  0.03712, -0.00554,  0.23581,  0.89398,  0.42758,  0.88696
7220, 2524, -0.01368,  0.03558, -0.01165,  0.23547,  0.933,  0.42758,  0.92218
7221, 2523, -0.02406,  0.02809, -0.01116,  0.35525,  0.89398,  0.54702,  0.88696
7222, 2524, -0.01368,  0.03558, -0.01165,  0.23547,  0.933,  0.42758,  0.92218
7223, 2525, -0.01925,  0.02681, -0.0167,  0.35491,  0.933,  0.54702,  0.92218
7224, 2526, -0.03501,  0.0289,  0.00488,  0.35593,  0.81419,  0.54702,  0.81314
7225, 2521, -0.02647,  0.03826,  0.00229,  0.23632,  0.85289,  0.42758,  0.85084
7226, 2520, -0.02945,  0.02885, -0.00365,  0.35576,  0.85289,  0.54702,  0.85084
7227, 2526, -0.03501,  0.0289,  0.00488,  0.35593,  0.81419,  0.54702,  0.81314
7228, 2527, -0.03303,  0.03932,  0.01152,  0.23649,  0.81419,  0.42758,  0.81314
7229, 2521, -0.02647,  0.03826,  0.00229,  0.23632,  0.85289,  0.42758,  0.85084
7230, 2528, -0.04025,  0.02873,  0.01597,  0.35593,  0.77706,  0.54702,  0.77267
7231, 2527, -0.03303,  0.03932,  0.01152,  0.23649,  0.81419,  0.42758,  0.81314
7232, 2526, -0.03501,  0.0289,  0.00488,  0.35593,  0.81419,  0.54702,  0.81314
7233, 2528, -0.04025,  0.02873,  0.01597,  0.35593,  0.77706,  0.54702,  0.77267
7234, 2529, -0.03874,  0.03968,  0.02281,  0.23649,  0.77706,  0.42758,  0.77267
7235, 2527, -0.03303,  0.03932,  0.01152,  0.23649,  0.81419,  0.42758,  0.81314
7236, 2530, -0.04472,  0.02883,  0.03116,  0.35593,  0.74066,  0.54702,  0.72824
7237, 2529, -0.03874,  0.03968,  0.02281,  0.23649,  0.77706,  0.42758,  0.77267
7238, 2528, -0.04025,  0.02873,  0.01597,  0.35593,  0.77706,  0.54702,  0.77267
7239, 2530, -0.04472,  0.02883,  0.03116,  0.35593,  0.74066,  0.54702,  0.72824
7240, 2531, -0.04278,  0.03869,  0.03684,  0.23649,  0.74066,  0.42758,  0.72824
7241, 2529, -0.03874,  0.03968,  0.02281,  0.23649,  0.77706,  0.42758,  0.77267
7242, 2532, -0.04879,  0.02906,  0.0484,  0.35593,  0.70463,  0.54702,  0.68182
7243, 2531, -0.04278,  0.03869,  0.03684,  0.23649,  0.74066,  0.42758,  0.72824
7244, 2530, -0.04472,  0.02883,  0.03116,  0.35593,  0.74066,  0.54702,  0.72824
7245, 2532, -0.04879,  0.02906,  0.0484,  0.35593,  0.70463,  0.54702,  0.68182
7246, 2533, -0.04599,  0.03702,  0.05224,  0.23649,  0.70463,  0.42758,  0.68182
7247, 2531, -0.04278,  0.03869,  0.03684,  0.23649,  0.74066,  0.42758,  0.72824
7248, 2525, -0.01925,  0.02681, -0.0167,  0.35491,  0.933,  0.54702,  0.92218
7249, 2524, -0.01368,  0.03558, -0.01165,  0.23547,  0.933,  0.42758,  0.92218
7250, 2534, -0.00829,  0.03332, -0.0157,  0.23581,  0.96548,  0.42758,  0.95717
7251, 2525, -0.01925,  0.02681, -0.0167,  0.35491,  0.933,  0.54702,  0.92218
7252, 2534, -0.00829,  0.03332, -0.0157,  0.23581,  0.96548,  0.42758,  0.95717
7253, 2535, -0.01545,  0.02521, -0.01933,  0.35525,  0.96548,  0.54702,  0.95717
7254, 2535, -0.01545,  0.02521, -0.01933,  0.35525,  0.96548,  0.54702,  0.95717
7255, 2534, -0.00829,  0.03332, -0.0157,  0.23581,  0.96548,  0.42758,  0.95717
7256, 2536, -0.0033,  0.03069, -0.01872,  0.23649,  0.99469,  0.42758,  0.99204
7257, 2535, -0.01545,  0.02521, -0.01933,  0.35525,  0.96548,  0.54702,  0.95717
7258, 2536, -0.0033,  0.03069, -0.01872,  0.23649,  0.99469,  0.42758,  0.99204
7259, 2537, -0.01216,  0.02345, -0.0205,  0.35593,  0.99469,  0.54702,  0.99204
7260, 2538,  0.01058,  0.06477,  0.03263,  0.28961,  0.96319,  0.86482,  0.89725
7261, 2539,  0.01932,  0.06823,  0.0457,  0.17164,  0.96393,  0.74782,  0.89725
7262, 2540,  0.02219,  0.06457,  0.04261,  0.1718,  0.98458,  0.74782,  0.9387
7263, 2538,  0.01058,  0.06477,  0.03263,  0.28961,  0.96319,  0.86482,  0.89725
7264, 2540,  0.02219,  0.06457,  0.04261,  0.1718,  0.98458,  0.74782,  0.9387
7265, 2541,  0.01543,  0.06281,  0.02951,  0.28945,  0.98409,  0.86482,  0.9387
7266, 2541,  0.01543,  0.06281,  0.02951,  0.28945,  0.98409,  0.86482,  0.9387
7267, 2540,  0.02219,  0.06457,  0.04261,  0.1718,  0.98458,  0.74782,  0.9387
7268, 2542,  0.02222,  0.05913,  0.04082,  0.17213,  0.99469,  0.74782,  0.97917
7269, 2541,  0.01543,  0.06281,  0.02951,  0.28945,  0.98409,  0.86482,  0.9387
7270, 2542,  0.02222,  0.05913,  0.04082,  0.17213,  0.99469,  0.74782,  0.97917
7271, 2543,  0.01811,  0.05978,  0.02758,  0.28913,  0.99469,  0.86482,  0.97917
7272, 2538,  0.01058,  0.06477,  0.03263,  0.28961,  0.96319,  0.86482,  0.89725
7273, 2544,  0.01078,  0.06832,  0.05138,  0.1718,  0.9222,  0.74782,  0.85383
7274, 2539,  0.01932,  0.06823,  0.0457,  0.17164,  0.96393,  0.74782,  0.89725
7275, 2538,  0.01058,  0.06477,  0.03263,  0.28961,  0.96319,  0.86482,  0.89725
7276, 2545,  0.0014,  0.06458,  0.03811,  0.28945,  0.92171,  0.86482,  0.85383
7277, 2544,  0.01078,  0.06832,  0.05138,  0.1718,  0.9222,  0.74782,  0.85383
7278, 2546,  0.00056,  0.06673,  0.05837,  0.17205,  0.87513,  0.74782,  0.80957
7279, 2544,  0.01078,  0.06832,  0.05138,  0.1718,  0.9222,  0.74782,  0.85383
7280, 2545,  0.0014,  0.06458,  0.03811,  0.28945,  0.92171,  0.86482,  0.85383
7281, 2546,  0.00056,  0.06673,  0.05837,  0.17205,  0.87513,  0.74782,  0.80957
7282, 2545,  0.0014,  0.06458,  0.03811,  0.28945,  0.92171,  0.86482,  0.85383
7283, 2547, -0.00878,  0.06339,  0.04506,  0.28921,  0.87501,  0.86482,  0.80957
7284, 2547, -0.00878,  0.06339,  0.04506,  0.28921,  0.87501,  0.86482,  0.80957
7285, 2548, -0.00736,  0.06534,  0.06537,  0.17213,  0.83844,  0.74782,  0.76557
7286, 2546,  0.00056,  0.06673,  0.05837,  0.17205,  0.87513,  0.74782,  0.80957
7287, 2547, -0.00878,  0.06339,  0.04506,  0.28921,  0.87501,  0.86482,  0.80957
7288, 2549, -0.01661,  0.06233,  0.05259,  0.28913,  0.83844,  0.86482,  0.76557
7289, 2548, -0.00736,  0.06534,  0.06537,  0.17213,  0.83844,  0.74782,  0.76557
7290, 2550, -0.02262,  0.06089,  0.06027,  0.28913,  0.80613,  0.86482,  0.72055
7291, 2548, -0.00736,  0.06534,  0.06537,  0.17213,  0.83844,  0.74782,  0.76557
7292, 2549, -0.01661,  0.06233,  0.05259,  0.28913,  0.83844,  0.86482,  0.76557
7293, 2550, -0.02262,  0.06089,  0.06027,  0.28913,  0.80613,  0.86482,  0.72055
7294, 2551, -0.01352,  0.06349,  0.07194,  0.17213,  0.80613,  0.74782,  0.72055
7295, 2548, -0.00736,  0.06534,  0.06537,  0.17213,  0.83844,  0.74782,  0.76557
7296, 2550, -0.02262,  0.06089,  0.06027,  0.28913,  0.80613,  0.86482,  0.72055
7297, 2552, -0.01847,  0.06052,  0.07762,  0.17213,  0.77215,  0.74782,  0.67323
7298, 2551, -0.01352,  0.06349,  0.07194,  0.17213,  0.80613,  0.74782,  0.72055
7299, 2550, -0.02262,  0.06089,  0.06027,  0.28913,  0.80613,  0.86482,  0.72055
7300, 2553, -0.02734,  0.05855,  0.0677,  0.28913,  0.77215,  0.86482,  0.67323
7301, 2552, -0.01847,  0.06052,  0.07762,  0.17213,  0.77215,  0.74782,  0.67323
7302, 2554, -0.03114,  0.05481,  0.07503,  0.28913,  0.73631,  0.86482,  0.6233
7303, 2552, -0.01847,  0.06052,  0.07762,  0.17213,  0.77215,  0.74782,  0.67323
7304, 2553, -0.02734,  0.05855,  0.0677,  0.28913,  0.77215,  0.86482,  0.67323
7305, 2554, -0.03114,  0.05481,  0.07503,  0.28913,  0.73631,  0.86482,  0.6233
7306, 2555, -0.02275,  0.05658,  0.08327,  0.17213,  0.73631,  0.74782,  0.6233
7307, 2552, -0.01847,  0.06052,  0.07762,  0.17213,  0.77215,  0.74782,  0.67323
7308, 2554, -0.03114,  0.05481,  0.07503,  0.28913,  0.73631,  0.86482,  0.6233
7309, 2556, -0.02691,  0.05185,  0.08976,  0.17213,  0.69838,  0.74782,  0.57047
7310, 2555, -0.02275,  0.05658,  0.08327,  0.17213,  0.73631,  0.74782,  0.6233
7311, 2554, -0.03114,  0.05481,  0.07503,  0.28913,  0.73631,  0.86482,  0.6233
7312, 2557, -0.03435,  0.0492,  0.08239,  0.28913,  0.69838,  0.86482,  0.57047
7313, 2556, -0.02691,  0.05185,  0.08976,  0.17213,  0.69838,  0.74782,  0.57047
7314, 2558, -0.03697,  0.04268,  0.08942,  0.28913,  0.65965,  0.86482,  0.51651
7315, 2556, -0.02691,  0.05185,  0.08976,  0.17213,  0.69838,  0.74782,  0.57047
7316, 2557, -0.03435,  0.0492,  0.08239,  0.28913,  0.69838,  0.86482,  0.57047
7317, 2558, -0.03697,  0.04268,  0.08942,  0.28913,  0.65965,  0.86482,  0.51651
7318, 2559, -0.03041,  0.04634,  0.09623,  0.17213,  0.65965,  0.74782,  0.51651
7319, 2556, -0.02691,  0.05185,  0.08976,  0.17213,  0.69838,  0.74782,  0.57047
7320, 2558, -0.03697,  0.04268,  0.08942,  0.28913,  0.65965,  0.86482,  0.51651
7321, 2560, -0.03269,  0.04008,  0.10182,  0.17213,  0.62139,  0.74782,  0.46321
7322, 2559, -0.03041,  0.04634,  0.09623,  0.17213,  0.65965,  0.74782,  0.51651
7323, 2558, -0.03697,  0.04268,  0.08942,  0.28913,  0.65965,  0.86482,  0.51651
7324, 2561, -0.03896,  0.0362,  0.09578,  0.28913,  0.62139,  0.86482,  0.46321
7325, 2560, -0.03269,  0.04008,  0.10182,  0.17213,  0.62139,  0.74782,  0.46321
7326, 2562, -0.04035,  0.02939,  0.1017,  0.28913,  0.58323,  0.86482,  0.41005
7327, 2560, -0.03269,  0.04008,  0.10182,  0.17213,  0.62139,  0.74782,  0.46321
7328, 2561, -0.03896,  0.0362,  0.09578,  0.28913,  0.62139,  0.86482,  0.46321
7329, 2562, -0.04035,  0.02939,  0.1017,  0.28913,  0.58323,  0.86482,  0.41005
7330, 2563, -0.0341,  0.033,  0.10705,  0.17213,  0.58323,  0.74782,  0.41005
7331, 2560, -0.03269,  0.04008,  0.10182,  0.17213,  0.62139,  0.74782,  0.46321
7332, 2562, -0.04035,  0.02939,  0.1017,  0.28913,  0.58323,  0.86482,  0.41005
7333, 2564, -0.03497,  0.02506,  0.11245,  0.17213,  0.54478,  0.74782,  0.35649
7334, 2563, -0.0341,  0.033,  0.10705,  0.17213,  0.58323,  0.74782,  0.41005
7335, 2562, -0.04035,  0.02939,  0.1017,  0.28913,  0.58323,  0.86482,  0.41005
7336, 2565, -0.04116,  0.02187,  0.10743,  0.28913,  0.54478,  0.86482,  0.35649
7337, 2564, -0.03497,  0.02506,  0.11245,  0.17213,  0.54478,  0.74782,  0.35649
7338, 2566, -0.04167,  0.01401,  0.11307,  0.28913,  0.5062,  0.86482,  0.30275
7339, 2564, -0.03497,  0.02506,  0.11245,  0.17213,  0.54478,  0.74782,  0.35649
7340, 2565, -0.04116,  0.02187,  0.10743,  0.28913,  0.54478,  0.86482,  0.35649
7341, 2566, -0.04167,  0.01401,  0.11307,  0.28913,  0.5062,  0.86482,  0.30275
7342, 2567, -0.03555,  0.01669,  0.11794,  0.17213,  0.5062,  0.74782,  0.30275
7343, 2564, -0.03497,  0.02506,  0.11245,  0.17213,  0.54478,  0.74782,  0.35649
7344, 2568, -0.00126,  0.05878,  0.02134,  0.28913,  0.94662,  0.56418,  0.88336
7345, 2569,  0.01103,  0.06443,  0.03594,  0.17213,  0.94662,  0.44718,  0.88336
7346, 2570,  0.01645,  0.06411,  0.03204,  0.17213,  0.97235,  0.44718,  0.9305
7347, 2568, -0.00126,  0.05878,  0.02134,  0.28913,  0.94662,  0.56418,  0.88336
7348, 2570,  0.01645,  0.06411,  0.03204,  0.17213,  0.97235,  0.44718,  0.9305
7349, 2571,  0.00492,  0.0542,  0.01616,  0.28913,  0.97235,  0.56418,  0.9305
7350, 2571,  0.00492,  0.0542,  0.01616,  0.28913,  0.97235,  0.56418,  0.9305
7351, 2570,  0.01645,  0.06411,  0.03204,  0.17213,  0.97235,  0.44718,  0.9305
7352, 2572,  0.02036,  0.0635,  0.02945,  0.17213,  0.99469,  0.44718,  0.97917
7353, 2571,  0.00492,  0.0542,  0.01616,  0.28913,  0.97235,  0.56418,  0.9305
7354, 2572,  0.02036,  0.0635,  0.02945,  0.17213,  0.99469,  0.44718,  0.97917
7355, 2573,  0.0109,  0.04845,  0.01182,  0.28913,  0.99469,  0.56418,  0.97917
7356, 2568, -0.00126,  0.05878,  0.02134,  0.28913,  0.94662,  0.56418,  0.88336
7357, 2574,  0.00258,  0.06416,  0.04245,  0.17213,  0.9141,  0.44718,  0.83924
7358, 2569,  0.01103,  0.06443,  0.03594,  0.17213,  0.94662,  0.44718,  0.88336
7359, 2568, -0.00126,  0.05878,  0.02134,  0.28913,  0.94662,  0.56418,  0.88336
7360, 2575, -0.00783,  0.061,  0.02818,  0.28913,  0.9141,  0.56418,  0.83924
7361, 2574,  0.00258,  0.06416,  0.04245,  0.17213,  0.9141,  0.44718,  0.83924
7362, 2576, -0.00626,  0.06346,  0.05027,  0.17213,  0.87692,  0.44718,  0.79606
7363, 2574,  0.00258,  0.06416,  0.04245,  0.17213,  0.9141,  0.44718,  0.83924
7364, 2575, -0.00783,  0.061,  0.02818,  0.28913,  0.9141,  0.56418,  0.83924
7365, 2576, -0.00626,  0.06346,  0.05027,  0.17213,  0.87692,  0.44718,  0.79606
7366, 2575, -0.00783,  0.061,  0.02818,  0.28913,  0.9141,  0.56418,  0.83924
7367, 2577, -0.01443,  0.06164,  0.03636,  0.28913,  0.87692,  0.56418,  0.79606
7368, 2577, -0.01443,  0.06164,  0.03636,  0.28913,  0.87692,  0.56418,  0.79606
7369, 2578, -0.01286,  0.0625,  0.05809,  0.17213,  0.83722,  0.44718,  0.75172
7370, 2576, -0.00626,  0.06346,  0.05027,  0.17213,  0.87692,  0.44718,  0.79606
7371, 2577, -0.01443,  0.06164,  0.03636,  0.28913,  0.87692,  0.56418,  0.79606
7372, 2579, -0.02068,  0.06145,  0.04552,  0.28913,  0.83722,  0.56418,  0.75172
7373, 2578, -0.01286,  0.0625,  0.05809,  0.17213,  0.83722,  0.44718,  0.75172
7374, 2580, -0.02616,  0.06017,  0.05483,  0.28913,  0.79792,  0.56418,  0.70608
7375, 2578, -0.01286,  0.0625,  0.05809,  0.17213,  0.83722,  0.44718,  0.75172
7376, 2579, -0.02068,  0.06145,  0.04552,  0.28913,  0.83722,  0.56418,  0.75172
7377, 2580, -0.02616,  0.06017,  0.05483,  0.28913,  0.79792,  0.56418,  0.70608
7378, 2581, -0.01815,  0.06086,  0.06551,  0.17213,  0.79792,  0.44718,  0.70608
7379, 2578, -0.01286,  0.0625,  0.05809,  0.17213,  0.83722,  0.44718,  0.75172
7380, 2580, -0.02616,  0.06017,  0.05483,  0.28913,  0.79792,  0.56418,  0.70608
7381, 2582, -0.02308,  0.05813,  0.07211,  0.17213,  0.76197,  0.44718,  0.65904
7382, 2581, -0.01815,  0.06086,  0.06551,  0.17213,  0.79792,  0.44718,  0.70608
7383, 2580, -0.02616,  0.06017,  0.05483,  0.28913,  0.79792,  0.56418,  0.70608
7384, 2583, -0.03045,  0.0575,  0.06344,  0.28913,  0.76197,  0.56418,  0.65904
7385, 2582, -0.02308,  0.05813,  0.07211,  0.17213,  0.76197,  0.44718,  0.65904
7386, 2584, -0.03394,  0.05347,  0.07158,  0.28913,  0.7274,  0.56418,  0.61089
7387, 2582, -0.02308,  0.05813,  0.07211,  0.17213,  0.76197,  0.44718,  0.65904
7388, 2583, -0.03045,  0.0575,  0.06344,  0.28913,  0.76197,  0.56418,  0.65904
7389, 2584, -0.03394,  0.05347,  0.07158,  0.28913,  0.7274,  0.56418,  0.61089
7390, 2585, -0.02735,  0.05424,  0.07836,  0.17213,  0.7274,  0.44718,  0.61089
7391, 2582, -0.02308,  0.05813,  0.07211,  0.17213,  0.76197,  0.44718,  0.65904
7392, 2584, -0.03394,  0.05347,  0.07158,  0.28913,  0.7274,  0.56418,  0.61089
7393, 2586, -0.03071,  0.0491,  0.08476,  0.17213,  0.69224,  0.44718,  0.56191
7394, 2585, -0.02735,  0.05424,  0.07836,  0.17213,  0.7274,  0.44718,  0.61089
7395, 2584, -0.03394,  0.05347,  0.07158,  0.28913,  0.7274,  0.56418,  0.61089
7396, 2587, -0.03702,  0.0481,  0.07946,  0.28913,  0.69224,  0.56418,  0.56191
7397, 2586, -0.03071,  0.0491,  0.08476,  0.17213,  0.69224,  0.44718,  0.56191
7398, 2588, -0.03958,  0.04166,  0.08676,  0.28913,  0.65599,  0.56418,  0.51141
7399, 2586, -0.03071,  0.0491,  0.08476,  0.17213,  0.69224,  0.44718,  0.56191
7400, 2587, -0.03702,  0.0481,  0.07946,  0.28913,  0.69224,  0.56418,  0.56191
7401, 2588, -0.03958,  0.04166,  0.08676,  0.28913,  0.65599,  0.56418,  0.51141
7402, 2589, -0.03323,  0.04325,  0.0911,  0.17213,  0.65599,  0.44718,  0.51141
7403, 2586, -0.03071,  0.0491,  0.08476,  0.17213,  0.69224,  0.44718,  0.56191
7404, 2588, -0.03958,  0.04166,  0.08676,  0.28913,  0.65599,  0.56418,  0.51141
7405, 2590, -0.03503,  0.03721,  0.09721,  0.17213,  0.61816,  0.44718,  0.45871
7406, 2589, -0.03323,  0.04325,  0.0911,  0.17213,  0.65599,  0.44718,  0.51141
7407, 2588, -0.03958,  0.04166,  0.08676,  0.28913,  0.65599,  0.56418,  0.51141
7408, 2591, -0.0415,  0.03444,  0.09315,  0.28913,  0.61816,  0.56418,  0.45871
7409, 2590, -0.03503,  0.03721,  0.09721,  0.17213,  0.61816,  0.44718,  0.45871
7410, 2592, -0.04255,  0.02715,  0.09937,  0.28913,  0.58002,  0.56418,  0.40559
7411, 2590, -0.03503,  0.03721,  0.09721,  0.17213,  0.61816,  0.44718,  0.45871
7412, 2591, -0.0415,  0.03444,  0.09315,  0.28913,  0.61816,  0.56418,  0.45871
7413, 2592, -0.04255,  0.02715,  0.09937,  0.28913,  0.58002,  0.56418,  0.40559
7414, 2593, -0.03642,  0.03063,  0.10327,  0.17213,  0.58002,  0.44718,  0.40559
7415, 2590, -0.03503,  0.03721,  0.09721,  0.17213,  0.61816,  0.44718,  0.45871
7416, 2592, -0.04255,  0.02715,  0.09937,  0.28913,  0.58002,  0.56418,  0.40559
7417, 2594, -0.03775,  0.02316,  0.1095,  0.17213,  0.54287,  0.44718,  0.35383
7418, 2593, -0.03642,  0.03063,  0.10327,  0.17213,  0.58002,  0.44718,  0.40559
7419, 2592, -0.04255,  0.02715,  0.09937,  0.28913,  0.58002,  0.56418,  0.40559
7420, 2595, -0.04249,  0.02054,  0.10615,  0.28913,  0.54287,  0.56418,  0.35383
7421, 2594, -0.03775,  0.02316,  0.1095,  0.17213,  0.54287,  0.44718,  0.35383
7422, 2596, -0.04187,  0.01428,  0.1132,  0.28913,  0.5062,  0.56418,  0.30275
7423, 2594, -0.03775,  0.02316,  0.1095,  0.17213,  0.54287,  0.44718,  0.35383
7424, 2595, -0.04249,  0.02054,  0.10615,  0.28913,  0.54287,  0.56418,  0.35383
7425, 2596, -0.04187,  0.01428,  0.1132,  0.28913,  0.5062,  0.56418,  0.30275
7426, 2597, -0.03904,  0.01524,  0.1158,  0.17213,  0.5062,  0.44718,  0.30275
7427, 2594, -0.03775,  0.02316,  0.1095,  0.17213,  0.54287,  0.44718,  0.35383
7428, 2598,  0.03542,  0.06423,  0.04614,  0.28913,  0.92447,  0.89779,  0.8849
7429, 2599,  0.04623,  0.0642,  0.06455,  0.17213,  0.92447,  0.78079,  0.8849
7430, 2600,  0.05142,  0.06099,  0.0591,  0.17213,  0.95842,  0.78079,  0.93068
7431, 2598,  0.03542,  0.06423,  0.04614,  0.28913,  0.92447,  0.89779,  0.8849
7432, 2600,  0.05142,  0.06099,  0.0591,  0.17213,  0.95842,  0.78079,  0.93068
7433, 2601,  0.03852,  0.06058,  0.04122,  0.28913,  0.95842,  0.89779,  0.93068
7434, 2601,  0.03852,  0.06058,  0.04122,  0.28913,  0.95842,  0.89779,  0.93068
7435, 2600,  0.05142,  0.06099,  0.0591,  0.17213,  0.95842,  0.78079,  0.93068
7436, 2602,  0.05647,  0.05735,  0.05341,  0.17213,  0.99469,  0.78079,  0.97917
7437, 2601,  0.03852,  0.06058,  0.04122,  0.28913,  0.95842,  0.89779,  0.93068
7438, 2602,  0.05647,  0.05735,  0.05341,  0.17213,  0.99469,  0.78079,  0.97917
7439, 2603,  0.04117,  0.0566,  0.03641,  0.28913,  0.99469,  0.89779,  0.97917
7440, 2604,  0.03141,  0.0672,  0.05127,  0.28913,  0.89513,  0.89779,  0.84453
7441, 2599,  0.04623,  0.0642,  0.06455,  0.17213,  0.92447,  0.78079,  0.8849
7442, 2598,  0.03542,  0.06423,  0.04614,  0.28913,  0.92447,  0.89779,  0.8849
7443, 2604,  0.03141,  0.0672,  0.05127,  0.28913,  0.89513,  0.89779,  0.84453
7444, 2605,  0.04075,  0.06652,  0.06954,  0.17213,  0.89513,  0.78079,  0.84453
7445, 2599,  0.04623,  0.0642,  0.06455,  0.17213,  0.92447,  0.78079,  0.8849
7446, 2606,  0.02579,  0.06922,  0.05663,  0.28913,  0.8681,  0.89779,  0.80689
7447, 2605,  0.04075,  0.06652,  0.06954,  0.17213,  0.89513,  0.78079,  0.84453
7448, 2604,  0.03141,  0.0672,  0.05127,  0.28913,  0.89513,  0.89779,  0.84453
7449, 2606,  0.02579,  0.06922,  0.05663,  0.28913,  0.8681,  0.89779,  0.80689
7450, 2607,  0.03474,  0.06804,  0.0743,  0.17213,  0.8681,  0.78079,  0.80689
7451, 2605,  0.04075,  0.06652,  0.06954,  0.17213,  0.89513,  0.78079,  0.84453
7452, 2608,  0.01785,  0.07,  0.06221,  0.28913,  0.84109,  0.89779,  0.76926
7453, 2607,  0.03474,  0.06804,  0.0743,  0.17213,  0.8681,  0.78079,  0.80689
7454, 2606,  0.02579,  0.06922,  0.05663,  0.28913,  0.8681,  0.89779,  0.80689
7455, 2608,  0.01785,  0.07,  0.06221,  0.28913,  0.84109,  0.89779,  0.76926
7456, 2609,  0.02793,  0.06884,  0.07907,  0.17213,  0.84109,  0.78079,  0.76926
7457, 2607,  0.03474,  0.06804,  0.0743,  0.17213,  0.8681,  0.78079,  0.80689
7458, 2610,  0.00907,  0.06998,  0.06785,  0.28913,  0.81424,  0.89779,  0.73186
7459, 2609,  0.02793,  0.06884,  0.07907,  0.17213,  0.84109,  0.78079,  0.76926
7460, 2608,  0.01785,  0.07,  0.06221,  0.28913,  0.84109,  0.89779,  0.76926
7461, 2610,  0.00907,  0.06998,  0.06785,  0.28913,  0.81424,  0.89779,  0.73186
7462, 2611,  0.0205,  0.06895,  0.08378,  0.17213,  0.81424,  0.78079,  0.73186
7463, 2609,  0.02793,  0.06884,  0.07907,  0.17213,  0.84109,  0.78079,  0.76926
7464, 2612,  0.00091,  0.06959,  0.07339,  0.28913,  0.78773,  0.89779,  0.69493
7465, 2611,  0.0205,  0.06895,  0.08378,  0.17213,  0.81424,  0.78079,  0.73186
7466, 2610,  0.00907,  0.06998,  0.06785,  0.28913,  0.81424,  0.89779,  0.73186
7467, 2612,  0.00091,  0.06959,  0.07339,  0.28913,  0.78773,  0.89779,  0.69493
7468, 2613,  0.01262,  0.06842,  0.08834,  0.17213,  0.78773,  0.78079,  0.69493
7469, 2611,  0.0205,  0.06895,  0.08378,  0.17213,  0.81424,  0.78079,  0.73186
7470, 2614, -0.00648,  0.06837,  0.07862,  0.28913,  0.76103,  0.89779,  0.65773
7471, 2613,  0.01262,  0.06842,  0.08834,  0.17213,  0.78773,  0.78079,  0.69493
7472, 2612,  0.00091,  0.06959,  0.07339,  0.28913,  0.78773,  0.89779,  0.69493
7473, 2614, -0.00648,  0.06837,  0.07862,  0.28913,  0.76103,  0.89779,  0.65773
7474, 2615,  0.00522,  0.06707,  0.09277,  0.17213,  0.76103,  0.78079,  0.65773
7475, 2613,  0.01262,  0.06842,  0.08834,  0.17213,  0.78773,  0.78079,  0.69493
7476, 2616, -0.01299,  0.06589,  0.08333,  0.28913,  0.73359,  0.89779,  0.61951
7477, 2615,  0.00522,  0.06707,  0.09277,  0.17213,  0.76103,  0.78079,  0.65773
7478, 2614, -0.00648,  0.06837,  0.07862,  0.28913,  0.76103,  0.89779,  0.65773
7479, 2616, -0.01299,  0.06589,  0.08333,  0.28913,  0.73359,  0.89779,  0.61951
7480, 2617, -0.00075,  0.06473,  0.09711,  0.17213,  0.73359,  0.78079,  0.61951
7481, 2615,  0.00522,  0.06707,  0.09277,  0.17213,  0.76103,  0.78079,  0.65773
7482, 2618, -0.01872,  0.06201,  0.08788,  0.28913,  0.70484,  0.89779,  0.57946
7483, 2617, -0.00075,  0.06473,  0.09711,  0.17213,  0.73359,  0.78079,  0.61951
7484, 2616, -0.01299,  0.06589,  0.08333,  0.28913,  0.73359,  0.89779,  0.61951
7485, 2618, -0.01872,  0.06201,  0.08788,  0.28913,  0.70484,  0.89779,  0.57946
7486, 2619, -0.00587,  0.06105,  0.1015,  0.17213,  0.70484,  0.78079,  0.57946
7487, 2617, -0.00075,  0.06473,  0.09711,  0.17213,  0.73359,  0.78079,  0.61951
7488, 2620, -0.02381,  0.05656,  0.09264,  0.28913,  0.67419,  0.89779,  0.53676
7489, 2619, -0.00587,  0.06105,  0.1015,  0.17213,  0.70484,  0.78079,  0.57946
7490, 2618, -0.01872,  0.06201,  0.08788,  0.28913,  0.70484,  0.89779,  0.57946
7491, 2620, -0.02381,  0.05656,  0.09264,  0.28913,  0.67419,  0.89779,  0.53676
7492, 2621, -0.01071,  0.05565,  0.10608,  0.17213,  0.67419,  0.78079,  0.53676
7493, 2619, -0.00587,  0.06105,  0.1015,  0.17213,  0.70484,  0.78079,  0.57946
7494, 2622, -0.02785,  0.04984,  0.09746,  0.28913,  0.64242,  0.89779,  0.49251
7495, 2621, -0.01071,  0.05565,  0.10608,  0.17213,  0.67419,  0.78079,  0.53676
7496, 2620, -0.02381,  0.05656,  0.09264,  0.28913,  0.67419,  0.89779,  0.53676
7497, 2622, -0.02785,  0.04984,  0.09746,  0.28913,  0.64242,  0.89779,  0.49251
7498, 2623, -0.01459,  0.04933,  0.11059,  0.17213,  0.64242,  0.78079,  0.49251
7499, 2621, -0.01071,  0.05565,  0.10608,  0.17213,  0.67419,  0.78079,  0.53676
7500, 2624, -0.03045,  0.04215,  0.10218,  0.28913,  0.6103,  0.89779,  0.44776
7501, 2623, -0.01459,  0.04933,  0.11059,  0.17213,  0.64242,  0.78079,  0.49251
7502, 2622, -0.02785,  0.04984,  0.09746,  0.28913,  0.64242,  0.89779,  0.49251
7503, 2624, -0.03045,  0.04215,  0.10218,  0.28913,  0.6103,  0.89779,  0.44776
7504, 2625, -0.01682,  0.04289,  0.11473,  0.17213,  0.6103,  0.78079,  0.44776
7505, 2623, -0.01459,  0.04933,  0.11059,  0.17213,  0.64242,  0.78079,  0.49251
7506, 2626, -0.03201,  0.03378,  0.10685,  0.28913,  0.58427,  0.89779,  0.40152
7507, 2625, -0.01682,  0.04289,  0.11473,  0.17213,  0.6103,  0.78079,  0.44776
7508, 2624, -0.03045,  0.04215,  0.10218,  0.28913,  0.6103,  0.89779,  0.44776
7509, 2626, -0.03201,  0.03378,  0.10685,  0.28913,  0.58427,  0.89779,  0.40152
7510, 2627, -0.01809,  0.03565,  0.1185,  0.17213,  0.58427,  0.78079,  0.40152
7511, 2625, -0.01682,  0.04289,  0.11473,  0.17213,  0.6103,  0.78079,  0.44776
7512, 2628, -0.03296,  0.02504,  0.1115,  0.28913,  0.57075,  0.89779,  0.35276
7513, 2627, -0.01809,  0.03565,  0.1185,  0.17213,  0.58427,  0.78079,  0.40152
7514, 2626, -0.03201,  0.03378,  0.10685,  0.28913,  0.58427,  0.89779,  0.40152
7515, 2628, -0.03296,  0.02504,  0.1115,  0.28913,  0.57075,  0.89779,  0.35276
7516, 2629, -0.0191,  0.02691,  0.12187,  0.17213,  0.57075,  0.78079,  0.35276
7517, 2627, -0.01809,  0.03565,  0.1185,  0.17213,  0.58427,  0.78079,  0.40152
7518, 2630, -0.0336,  0.01611,  0.11614,  0.28913,  0.56348,  0.89779,  0.30275
7519, 2629, -0.0191,  0.02691,  0.12187,  0.17213,  0.57075,  0.78079,  0.35276
7520, 2628, -0.03296,  0.02504,  0.1115,  0.28913,  0.57075,  0.89779,  0.35276
7521, 2630, -0.0336,  0.01611,  0.11614,  0.28913,  0.56348,  0.89779,  0.30275
7522, 2631, -0.01998,  0.01742,  0.12503,  0.17213,  0.56348,  0.78079,  0.30275
7523, 2629, -0.0191,  0.02691,  0.12187,  0.17213,  0.57075,  0.78079,  0.35276
7524, 2632,  0.04074,  0.06877,  0.08389,  0.13826,  0.92017,  0.74782,  0.79174
7525, 2633,  0.04652,  0.0661,  0.08098,  0.13826,  0.95583,  0.74782,  0.81483
7526, 2634,  0.0377,  0.06903,  0.06605,  0.25526,  0.95583,  0.86482,  0.81483
7527, 2632,  0.04074,  0.06877,  0.08389,  0.13826,  0.92017,  0.74782,  0.79174
7528, 2634,  0.0377,  0.06903,  0.06605,  0.25526,  0.95583,  0.86482,  0.81483
7529, 2635,  0.0325,  0.06993,  0.06822,  0.25526,  0.92017,  0.86482,  0.79174
7530, 2636,  0.05148,  0.06257,  0.07835,  0.13826,  0.99683,  0.74782,  0.83792
7531, 2634,  0.0377,  0.06903,  0.06605,  0.25526,  0.95583,  0.86482,  0.81483
7532, 2633,  0.04652,  0.0661,  0.08098,  0.13826,  0.95583,  0.74782,  0.81483
7533, 2636,  0.05148,  0.06257,  0.07835,  0.13826,  0.99683,  0.74782,  0.83792
7534, 2637,  0.04079,  0.0681,  0.0651,  0.25526,  0.99683,  0.86482,  0.83792
7535, 2634,  0.0377,  0.06903,  0.06605,  0.25526,  0.95583,  0.86482,  0.81483
7536, 2632,  0.04074,  0.06877,  0.08389,  0.13826,  0.92017,  0.74782,  0.79174
7537, 2635,  0.0325,  0.06993,  0.06822,  0.25526,  0.92017,  0.86482,  0.79174
7538, 2638,  0.02307,  0.07078,  0.07281,  0.25526,  0.89518,  0.86482,  0.76865
7539, 2632,  0.04074,  0.06877,  0.08389,  0.13826,  0.92017,  0.74782,  0.79174
7540, 2638,  0.02307,  0.07078,  0.07281,  0.25526,  0.89518,  0.86482,  0.76865
7541, 2639,  0.0333,  0.06974,  0.08738,  0.13826,  0.89518,  0.74782,  0.76865
7542, 2640,  0.02528,  0.06951,  0.09156,  0.13826,  0.87395,  0.74782,  0.73977
7543, 2639,  0.0333,  0.06974,  0.08738,  0.13826,  0.89518,  0.74782,  0.76865
7544, 2638,  0.02307,  0.07078,  0.07281,  0.25526,  0.89518,  0.86482,  0.76865
7545, 2640,  0.02528,  0.06951,  0.09156,  0.13826,  0.87395,  0.74782,  0.73977
7546, 2638,  0.02307,  0.07078,  0.07281,  0.25526,  0.89518,  0.86482,  0.76865
7547, 2641,  0.01267,  0.07099,  0.07828,  0.25526,  0.87395,  0.86482,  0.73977
7548, 2641,  0.01267,  0.07099,  0.07828,  0.25526,  0.87395,  0.86482,  0.73977
7549, 2642,  0.01774,  0.0686,  0.09656,  0.13826,  0.84958,  0.74782,  0.69932
7550, 2640,  0.02528,  0.06951,  0.09156,  0.13826,  0.87395,  0.74782,  0.73977
7551, 2641,  0.01267,  0.07099,  0.07828,  0.25526,  0.87395,  0.86482,  0.73977
7552, 2643,  0.00458,  0.07002,  0.08306,  0.25526,  0.84958,  0.86482,  0.69932
7553, 2642,  0.01774,  0.0686,  0.09656,  0.13826,  0.84958,  0.74782,  0.69932
7554, 2644,  0.01109,  0.0668,  0.10169,  0.13826,  0.82221,  0.74782,  0.65303
7555, 2642,  0.01774,  0.0686,  0.09656,  0.13826,  0.84958,  0.74782,  0.69932
7556, 2643,  0.00458,  0.07002,  0.08306,  0.25526,  0.84958,  0.86482,  0.69932
7557, 2644,  0.01109,  0.0668,  0.10169,  0.13826,  0.82221,  0.74782,  0.65303
7558, 2643,  0.00458,  0.07002,  0.08306,  0.25526,  0.84958,  0.86482,  0.69932
7559, 2645, -0.00182,  0.06815,  0.08746,  0.25526,  0.82221,  0.86482,  0.65303
7560, 2645, -0.00182,  0.06815,  0.08746,  0.25526,  0.82221,  0.86482,  0.65303
7561, 2646,  0.00573,  0.06394,  0.1063,  0.13826,  0.79201,  0.74782,  0.60663
7562, 2644,  0.01109,  0.0668,  0.10169,  0.13826,  0.82221,  0.74782,  0.65303
7563, 2645, -0.00182,  0.06815,  0.08746,  0.25526,  0.82221,  0.86482,  0.65303
7564, 2647, -0.00719,  0.0657,  0.0918,  0.25526,  0.79201,  0.86482,  0.60663
7565, 2646,  0.00573,  0.06394,  0.1063,  0.13826,  0.79201,  0.74782,  0.60663
7566, 2648, -0.01184,  0.06216,  0.09634,  0.25526,  0.75846,  0.86482,  0.56022
7567, 2646,  0.00573,  0.06394,  0.1063,  0.13826,  0.79201,  0.74782,  0.60663
7568, 2647, -0.00719,  0.0657,  0.0918,  0.25526,  0.79201,  0.86482,  0.60663
7569, 2648, -0.01184,  0.06216,  0.09634,  0.25526,  0.75846,  0.86482,  0.56022
7570, 2649,  0.00125,  0.05978,  0.11068,  0.13826,  0.75846,  0.74782,  0.56022
7571, 2646,  0.00573,  0.06394,  0.1063,  0.13826,  0.79201,  0.74782,  0.60663
7572, 2648, -0.01184,  0.06216,  0.09634,  0.25526,  0.75846,  0.86482,  0.56022
7573, 2650, -0.00275,  0.0541,  0.11514,  0.13826,  0.72101,  0.74782,  0.51391
7574, 2649,  0.00125,  0.05978,  0.11068,  0.13826,  0.75846,  0.74782,  0.56022
7575, 2648, -0.01184,  0.06216,  0.09634,  0.25526,  0.75846,  0.86482,  0.56022
7576, 2651, -0.01608,  0.057,  0.10133,  0.25526,  0.72101,  0.86482,  0.51391
7577, 2650, -0.00275,  0.0541,  0.11514,  0.13826,  0.72101,  0.74782,  0.51391
7578, 2652, -0.01961,  0.05045,  0.10641,  0.25526,  0.68109,  0.86482,  0.46701
7579, 2650, -0.00275,  0.0541,  0.11514,  0.13826,  0.72101,  0.74782,  0.51391
7580, 2651, -0.01608,  0.057,  0.10133,  0.25526,  0.72101,  0.86482,  0.51391
7581, 2652, -0.01961,  0.05045,  0.10641,  0.25526,  0.68109,  0.86482,  0.46701
7582, 2653, -0.00625,  0.04736,  0.11938,  0.13826,  0.68109,  0.74782,  0.46701
7583, 2650, -0.00275,  0.0541,  0.11514,  0.13826,  0.72101,  0.74782,  0.51391
7584, 2654, -0.02212,  0.04273,  0.11127,  0.25526,  0.64007,  0.86482,  0.41883
7585, 2653, -0.00625,  0.04736,  0.11938,  0.13826,  0.68109,  0.74782,  0.46701
7586, 2652, -0.01961,  0.05045,  0.10641,  0.25526,  0.68109,  0.86482,  0.46701
7587, 2654, -0.02212,  0.04273,  0.11127,  0.25526,  0.64007,  0.86482,  0.41883
7588, 2655, -0.00922,  0.04003,  0.12313,  0.13826,  0.64007,  0.74782,  0.41883
7589, 2653, -0.00625,  0.04736,  0.11938,  0.13826,  0.68109,  0.74782,  0.46701
7590, 2656, -0.02394,  0.03425,  0.11611,  0.25526,  0.60453,  0.86482,  0.36906
7591, 2655, -0.00922,  0.04003,  0.12313,  0.13826,  0.64007,  0.74782,  0.41883
7592, 2654, -0.02212,  0.04273,  0.11127,  0.25526,  0.64007,  0.86482,  0.41883
7593, 2656, -0.02394,  0.03425,  0.11611,  0.25526,  0.60453,  0.86482,  0.36906
7594, 2657, -0.012,  0.0319,  0.12642,  0.13826,  0.60453,  0.74782,  0.36906
7595, 2655, -0.00922,  0.04003,  0.12313,  0.13826,  0.64007,  0.74782,  0.41883
7596, 2658, -0.0254,  0.02546,  0.12116,  0.25526,  0.581,  0.86482,  0.31738
7597, 2657, -0.012,  0.0319,  0.12642,  0.13826,  0.60453,  0.74782,  0.36906
7598, 2656, -0.02394,  0.03425,  0.11611,  0.25526,  0.60453,  0.86482,  0.36906
7599, 2658, -0.0254,  0.02546,  0.12116,  0.25526,  0.581,  0.86482,  0.31738
7600, 2659, -0.01492,  0.02275,  0.12931,  0.13826,  0.581,  0.74782,  0.31738
7601, 2657, -0.012,  0.0319,  0.12642,  0.13826,  0.60453,  0.74782,  0.36906
7602, 2660, -0.02668,  0.0165,  0.12631,  0.25526,  0.56348,  0.86482,  0.26474
7603, 2659, -0.01492,  0.02275,  0.12931,  0.13826,  0.581,  0.74782,  0.31738
7604, 2658, -0.0254,  0.02546,  0.12116,  0.25526,  0.581,  0.86482,  0.31738
7605, 2660, -0.02668,  0.0165,  0.12631,  0.25526,  0.56348,  0.86482,  0.26474
7606, 2661, -0.01791,  0.0131,  0.13199,  0.13826,  0.56348,  0.74782,  0.26474
7607, 2659, -0.01492,  0.02275,  0.12931,  0.13826,  0.581,  0.74782,  0.31738
7608, 2662, -0.03543,  0.00717, -0.00954,  0.32987,  0.87927,  0.78832,  0.88994
7609, 2663, -0.0306,  0.02231, -0.00556,  0.21287,  0.87927,  0.67131,  0.88994
7610, 2664, -0.02653,  0.02019, -0.01355,  0.21287,  0.91214,  0.67131,  0.92817
7611, 2662, -0.03543,  0.00717, -0.00954,  0.32987,  0.87927,  0.78832,  0.88994
7612, 2664, -0.02653,  0.02019, -0.01355,  0.21287,  0.91214,  0.67131,  0.92817
7613, 2665, -0.03007,  0.00625, -0.01589,  0.32987,  0.91214,  0.78832,  0.92817
7614, 2665, -0.03007,  0.00625, -0.01589,  0.32987,  0.91214,  0.78832,  0.92817
7615, 2664, -0.02653,  0.02019, -0.01355,  0.21287,  0.91214,  0.67131,  0.92817
7616, 2666, -0.02304,  0.01779, -0.01946,  0.21287,  0.94299,  0.67131,  0.95941
7617, 2665, -0.03007,  0.00625, -0.01589,  0.32987,  0.91214,  0.78832,  0.92817
7618, 2666, -0.02304,  0.01779, -0.01946,  0.21287,  0.94299,  0.67131,  0.95941
7619, 2667, -0.02537,  0.00545, -0.01994,  0.32987,  0.94299,  0.78832,  0.95941
7620, 2662, -0.03543,  0.00717, -0.00954,  0.32987,  0.87927,  0.78832,  0.88994
7621, 2668, -0.03534,  0.02322,  0.00309,  0.21287,  0.84637,  0.67131,  0.84966
7622, 2663, -0.0306,  0.02231, -0.00556,  0.21287,  0.87927,  0.67131,  0.88994
7623, 2662, -0.03543,  0.00717, -0.00954,  0.32987,  0.87927,  0.78832,  0.88994
7624, 2669, -0.04144,  0.00806, -0.00105,  0.32987,  0.84637,  0.78832,  0.84966
7625, 2668, -0.03534,  0.02322,  0.00309,  0.21287,  0.84637,  0.67131,  0.84966
7626, 2670, -0.04709,  0.00866,  0.00988,  0.32987,  0.8133,  0.78832,  0.79371
7627, 2668, -0.03534,  0.02322,  0.00309,  0.21287,  0.84637,  0.67131,  0.84966
7628, 2669, -0.04144,  0.00806, -0.00105,  0.32987,  0.84637,  0.78832,  0.84966
7629, 2670, -0.04709,  0.00866,  0.00988,  0.32987,  0.8133,  0.78832,  0.79371
7630, 2671, -0.04038,  0.02325,  0.01362,  0.21287,  0.8133,  0.67131,  0.79371
7631, 2668, -0.03534,  0.02322,  0.00309,  0.21287,  0.84637,  0.67131,  0.84966
7632, 2670, -0.04709,  0.00866,  0.00988,  0.32987,  0.8133,  0.78832,  0.79371
7633, 2672, -0.04536,  0.02271,  0.02727,  0.21287,  0.77989,  0.67131,  0.70844
7634, 2671, -0.04038,  0.02325,  0.01362,  0.21287,  0.8133,  0.67131,  0.79371
7635, 2670, -0.04709,  0.00866,  0.00988,  0.32987,  0.8133,  0.78832,  0.79371
7636, 2673, -0.05135,  0.00869,  0.02357,  0.32987,  0.77989,  0.78832,  0.70844
7637, 2672, -0.04536,  0.02271,  0.02727,  0.21287,  0.77989,  0.67131,  0.70844
7638, 2674, -0.05412,  0.00823,  0.03839,  0.32987,  0.74601,  0.78832,  0.62021
7639, 2672, -0.04536,  0.02271,  0.02727,  0.21287,  0.77989,  0.67131,  0.70844
7640, 2673, -0.05135,  0.00869,  0.02357,  0.32987,  0.77989,  0.78832,  0.70844
7641, 2674, -0.05412,  0.00823,  0.03839,  0.32987,  0.74601,  0.78832,  0.62021
7642, 2675, -0.04939,  0.02137,  0.04214,  0.21287,  0.74601,  0.67131,  0.62021
7643, 2672, -0.04536,  0.02271,  0.02727,  0.21287,  0.77989,  0.67131,  0.70844
7644, 2674, -0.05412,  0.00823,  0.03839,  0.32987,  0.74601,  0.78832,  0.62021
7645, 2676, -0.05161,  0.01902,  0.05637,  0.21287,  0.7115,  0.67131,  0.55537
7646, 2675, -0.04939,  0.02137,  0.04214,  0.21287,  0.74601,  0.67131,  0.62021
7647, 2674, -0.05412,  0.00823,  0.03839,  0.32987,  0.74601,  0.78832,  0.62021
7648, 2677, -0.05529,  0.00738,  0.05272,  0.32987,  0.7115,  0.78832,  0.55537
7649, 2676, -0.05161,  0.01902,  0.05637,  0.21287,  0.7115,  0.67131,  0.55537
7650, 2678, -0.05535,  0.00638,  0.06622,  0.32987,  0.67682,  0.78832,  0.50761
7651, 2676, -0.05161,  0.01902,  0.05637,  0.21287,  0.7115,  0.67131,  0.55537
7652, 2677, -0.05529,  0.00738,  0.05272,  0.32987,  0.7115,  0.78832,  0.55537
7653, 2678, -0.05535,  0.00638,  0.06622,  0.32987,  0.67682,  0.78832,  0.50761
7654, 2679, -0.05236,  0.01637,  0.06946,  0.21287,  0.67682,  0.67131,  0.50761
7655, 2676, -0.05161,  0.01902,  0.05637,  0.21287,  0.7115,  0.67131,  0.55537
7656, 2678, -0.05535,  0.00638,  0.06622,  0.32987,  0.67682,  0.78832,  0.50761
7657, 2680, -0.052,  0.01413,  0.08097,  0.21287,  0.64243,  0.67131,  0.47065
7658, 2679, -0.05236,  0.01637,  0.06946,  0.21287,  0.67682,  0.67131,  0.50761
7659, 2678, -0.05535,  0.00638,  0.06622,  0.32987,  0.67682,  0.78832,  0.50761
7660, 2681, -0.05479,  0.00545,  0.07855,  0.32987,  0.64243,  0.78832,  0.47065
7661, 2680, -0.052,  0.01413,  0.08097,  0.21287,  0.64243,  0.67131,  0.47065
7662, 2682, -0.05315,  0.00452,  0.08971,  0.32987,  0.60872,  0.78832,  0.44472
7663, 2680, -0.052,  0.01413,  0.08097,  0.21287,  0.64243,  0.67131,  0.47065
7664, 2681, -0.05479,  0.00545,  0.07855,  0.32987,  0.64243,  0.78832,  0.47065
7665, 2682, -0.05315,  0.00452,  0.08971,  0.32987,  0.60872,  0.78832,  0.44472
7666, 2683, -0.05055,  0.01184,  0.09126,  0.21287,  0.60872,  0.67131,  0.44472
7667, 2680, -0.052,  0.01413,  0.08097,  0.21287,  0.64243,  0.67131,  0.47065
7668, 2682, -0.05315,  0.00452,  0.08971,  0.32987,  0.60872,  0.78832,  0.44472
7669, 2684, -0.048,  0.00905,  0.10071,  0.21287,  0.57606,  0.67131,  0.4301
7670, 2683, -0.05055,  0.01184,  0.09126,  0.21287,  0.60872,  0.67131,  0.44472
7671, 2682, -0.05315,  0.00452,  0.08971,  0.32987,  0.60872,  0.78832,  0.44472
7672, 2685, -0.04995,  0.00347,  0.09969,  0.32987,  0.57606,  0.78832,  0.4301
7673, 2684, -0.048,  0.00905,  0.10071,  0.21287,  0.57606,  0.67131,  0.4301
7674, 2686, -0.04598,  0.00237,  0.10908,  0.32987,  0.54393,  0.78832,  0.42113
7675, 2684, -0.048,  0.00905,  0.10071,  0.21287,  0.57606,  0.67131,  0.4301
7676, 2685, -0.04995,  0.00347,  0.09969,  0.32987,  0.57606,  0.78832,  0.4301
7677, 2686, -0.04598,  0.00237,  0.10908,  0.32987,  0.54393,  0.78832,  0.42113
7678, 2687, -0.04492,  0.00601,  0.10974,  0.21287,  0.54393,  0.67131,  0.42113
7679, 2684, -0.048,  0.00905,  0.10071,  0.21287,  0.57606,  0.67131,  0.4301
7680, 2667, -0.02537,  0.00545, -0.01994,  0.32987,  0.94299,  0.78832,  0.95941
7681, 2666, -0.02304,  0.01779, -0.01946,  0.21287,  0.94299,  0.67131,  0.95941
7682, 2688, -0.02001,  0.01606, -0.02185,  0.21287,  0.96984,  0.67131,  0.97871
7683, 2667, -0.02537,  0.00545, -0.01994,  0.32987,  0.94299,  0.78832,  0.95941
7684, 2688, -0.02001,  0.01606, -0.02185,  0.21287,  0.96984,  0.67131,  0.97871
7685, 2689, -0.02137,  0.0049, -0.02154,  0.32987,  0.96984,  0.78832,  0.97871
7686, 2689, -0.02137,  0.0049, -0.02154,  0.32987,  0.96984,  0.78832,  0.97871
7687, 2688, -0.02001,  0.01606, -0.02185,  0.21287,  0.96984,  0.67131,  0.97871
7688, 2690, -0.01721,  0.01466, -0.02249,  0.21287,  0.99469,  0.67131,  0.99204
7689, 2689, -0.02137,  0.0049, -0.02154,  0.32987,  0.96984,  0.78832,  0.97871
7690, 2690, -0.01721,  0.01466, -0.02249,  0.21287,  0.99469,  0.67131,  0.99204
7691, 2691, -0.01772,  0.00446, -0.0219,  0.32987,  0.99469,  0.78832,  0.99204
7692, 2692, -0.03145,  0.02017, -0.00673,  0.32987,  0.8808,  0.76033,  0.88971
7693, 2693, -0.02926,  0.03245, -0.00202,  0.21287,  0.8808,  0.64332,  0.88971
7694, 2694, -0.02386,  0.03003, -0.01033,  0.21287,  0.91309,  0.64332,  0.92725
7695, 2692, -0.03145,  0.02017, -0.00673,  0.32987,  0.8808,  0.76033,  0.88971
7696, 2694, -0.02386,  0.03003, -0.01033,  0.21287,  0.91309,  0.64332,  0.92725
7697, 2695, -0.02714,  0.01882, -0.01421,  0.32987,  0.91309,  0.76033,  0.92725
7698, 2695, -0.02714,  0.01882, -0.01421,  0.32987,  0.91309,  0.76033,  0.92725
7699, 2694, -0.02386,  0.03003, -0.01033,  0.21287,  0.91309,  0.64332,  0.92725
7700, 2696, -0.01914,  0.02761, -0.01659,  0.21287,  0.94323,  0.64332,  0.95804
7701, 2695, -0.02714,  0.01882, -0.01421,  0.32987,  0.91309,  0.76033,  0.92725
7702, 2696, -0.01914,  0.02761, -0.01659,  0.21287,  0.94323,  0.64332,  0.95804
7703, 2697, -0.02336,  0.01715, -0.01975,  0.32987,  0.94323,  0.76033,  0.95804
7704, 2698, -0.03623,  0.02082,  0.00171,  0.32987,  0.84769,  0.76033,  0.84966
7705, 2693, -0.02926,  0.03245, -0.00202,  0.21287,  0.8808,  0.64332,  0.88971
7706, 2692, -0.03145,  0.02017, -0.00673,  0.32987,  0.8808,  0.76033,  0.88971
7707, 2698, -0.03623,  0.02082,  0.00171,  0.32987,  0.84769,  0.76033,  0.84966
7708, 2699, -0.03506,  0.03461,  0.00737,  0.21287,  0.84769,  0.64332,  0.84966
7709, 2693, -0.02926,  0.03245, -0.00202,  0.21287,  0.8808,  0.64332,  0.88971
7710, 2700, -0.0413,  0.0209,  0.01231,  0.32987,  0.81425,  0.76033,  0.79371
7711, 2699, -0.03506,  0.03461,  0.00737,  0.21287,  0.84769,  0.64332,  0.84966
7712, 2698, -0.03623,  0.02082,  0.00171,  0.32987,  0.84769,  0.76033,  0.84966
7713, 2700, -0.0413,  0.0209,  0.01231,  0.32987,  0.81425,  0.76033,  0.79371
7714, 2701, -0.04051,  0.03576,  0.01868,  0.21287,  0.81425,  0.64332,  0.79371
7715, 2699, -0.03506,  0.03461,  0.00737,  0.21287,  0.84769,  0.64332,  0.84966
7716, 2702, -0.04646,  0.02053,  0.02625,  0.32987,  0.78092,  0.76033,  0.70844
7717, 2701, -0.04051,  0.03576,  0.01868,  0.21287,  0.81425,  0.64332,  0.79371
7718, 2700, -0.0413,  0.0209,  0.01231,  0.32987,  0.81425,  0.76033,  0.79371
7719, 2702, -0.04646,  0.02053,  0.02625,  0.32987,  0.78092,  0.76033,  0.70844
7720, 2703, -0.04487,  0.03519,  0.03272,  0.21287,  0.78092,  0.64332,  0.70844
7721, 2701, -0.04051,  0.03576,  0.01868,  0.21287,  0.81425,  0.64332,  0.79371
7722, 2704, -0.05061,  0.0194,  0.04144,  0.32987,  0.74704,  0.76033,  0.62021
7723, 2703, -0.04487,  0.03519,  0.03272,  0.21287,  0.78092,  0.64332,  0.70844
7724, 2702, -0.04646,  0.02053,  0.02625,  0.32987,  0.78092,  0.76033,  0.70844
7725, 2704, -0.05061,  0.0194,  0.04144,  0.32987,  0.74704,  0.76033,  0.62021
7726, 2705, -0.04795,  0.03306,  0.0476,  0.21287,  0.74704,  0.64332,  0.62021
7727, 2703, -0.04487,  0.03519,  0.03272,  0.21287,  0.78092,  0.64332,  0.70844
7728, 2706, -0.05265,  0.01717,  0.05575,  0.32987,  0.71195,  0.76033,  0.55537
7729, 2705, -0.04795,  0.03306,  0.0476,  0.21287,  0.74704,  0.64332,  0.62021
7730, 2704, -0.05061,  0.0194,  0.04144,  0.32987,  0.74704,  0.76033,  0.62021
7731, 2706, -0.05265,  0.01717,  0.05575,  0.32987,  0.71195,  0.76033,  0.55537
7732, 2707, -0.04953,  0.02952,  0.06145,  0.21287,  0.71195,  0.64332,  0.55537
7733, 2705, -0.04795,  0.03306,  0.0476,  0.21287,  0.74704,  0.64332,  0.62021
7734, 2708, -0.05316,  0.01462,  0.0689,  0.32987,  0.67673,  0.76033,  0.50761
7735, 2707, -0.04953,  0.02952,  0.06145,  0.21287,  0.71195,  0.64332,  0.55537
7736, 2706, -0.05265,  0.01717,  0.05575,  0.32987,  0.71195,  0.76033,  0.55537
7737, 2708, -0.05316,  0.01462,  0.0689,  0.32987,  0.67673,  0.76033,  0.50761
7738, 2709, -0.04984,  0.02581,  0.07386,  0.21287,  0.67673,  0.64332,  0.50761
7739, 2707, -0.04953,  0.02952,  0.06145,  0.21287,  0.71195,  0.64332,  0.55537
7740, 2710, -0.05269,  0.01253,  0.08056,  0.32987,  0.64245,  0.76033,  0.47065
7741, 2709, -0.04984,  0.02581,  0.07386,  0.21287,  0.67673,  0.64332,  0.50761
7742, 2708, -0.05316,  0.01462,  0.0689,  0.32987,  0.67673,  0.76033,  0.50761
7743, 2710, -0.05269,  0.01253,  0.08056,  0.32987,  0.64245,  0.76033,  0.47065
7744, 2711, -0.0491,  0.02315,  0.08442,  0.21287,  0.64245,  0.64332,  0.47065
7745, 2709, -0.04984,  0.02581,  0.07386,  0.21287,  0.67673,  0.64332,  0.50761
7746, 2712, -0.05112,  0.01055,  0.09103,  0.32987,  0.60901,  0.76033,  0.44477
7747, 2711, -0.0491,  0.02315,  0.08442,  0.21287,  0.64245,  0.64332,  0.47065
7748, 2710, -0.05269,  0.01253,  0.08056,  0.32987,  0.64245,  0.76033,  0.47065
7749, 2712, -0.05112,  0.01055,  0.09103,  0.32987,  0.60901,  0.76033,  0.44477
7750, 2713, -0.04769,  0.02013,  0.09369,  0.21287,  0.60901,  0.64332,  0.44477
7751, 2711, -0.0491,  0.02315,  0.08442,  0.21287,  0.64245,  0.64332,  0.47065
7752, 2714, -0.04832,  0.00834,  0.10061,  0.32987,  0.57629,  0.76033,  0.43028
7753, 2713, -0.04769,  0.02013,  0.09369,  0.21287,  0.60901,  0.64332,  0.44477
7754, 2712, -0.05112,  0.01055,  0.09103,  0.32987,  0.60901,  0.76033,  0.44477
7755, 2714, -0.04832,  0.00834,  0.10061,  0.32987,  0.57629,  0.76033,  0.43028
7756, 2715, -0.04599,  0.01535,  0.10219,  0.21287,  0.57629,  0.64332,  0.43028
7757, 2713, -0.04769,  0.02013,  0.09369,  0.21287,  0.60901,  0.64332,  0.44477
7758, 2716, -0.04492,  0.00601,  0.10974,  0.32987,  0.54393,  0.76033,  0.42149
7759, 2715, -0.04599,  0.01535,  0.10219,  0.21287,  0.57629,  0.64332,  0.43028
7760, 2714, -0.04832,  0.00834,  0.10061,  0.32987,  0.57629,  0.76033,  0.43028
7761, 2716, -0.04492,  0.00601,  0.10974,  0.32987,  0.54393,  0.76033,  0.42149
7762, 2717, -0.04413,  0.0097,  0.1103,  0.21287,  0.54393,  0.64332,  0.42149
7763, 2715, -0.04599,  0.01535,  0.10219,  0.21287,  0.57629,  0.64332,  0.43028
7764, 2697, -0.02336,  0.01715, -0.01975,  0.32987,  0.94323,  0.76033,  0.95804
7765, 2696, -0.01914,  0.02761, -0.01659,  0.21287,  0.94323,  0.64332,  0.95804
7766, 2718, -0.01539,  0.02548, -0.01982,  0.21287,  0.96984,  0.64332,  0.9778
7767, 2697, -0.02336,  0.01715, -0.01975,  0.32987,  0.94323,  0.76033,  0.95804
7768, 2718, -0.01539,  0.02548, -0.01982,  0.21287,  0.96984,  0.64332,  0.9778
7769, 2719, -0.02016,  0.0155, -0.02237,  0.32987,  0.96984,  0.76033,  0.9778
7770, 2719, -0.02016,  0.0155, -0.02237,  0.32987,  0.96984,  0.76033,  0.9778
7771, 2718, -0.01539,  0.02548, -0.01982,  0.21287,  0.96984,  0.64332,  0.9778
7772, 2720, -0.01214,  0.02349, -0.02154,  0.21287,  0.99469,  0.64332,  0.99204
7773, 2719, -0.02016,  0.0155, -0.02237,  0.32987,  0.96984,  0.76033,  0.9778
7774, 2720, -0.01214,  0.02349, -0.02154,  0.21287,  0.99469,  0.64332,  0.99204
7775, 2721, -0.01724,  0.01387, -0.02353,  0.32987,  0.99469,  0.76033,  0.99204
7776, 2722, -0.02452, -0.0075, -0.01797,  0.32987,  0.94247,  0.27694,  0.85028
7777, 2723, -0.02561,  0.00953, -0.0206,  0.21287,  0.94247,  0.15994,  0.85028
7778, 2724, -0.02148,  0.00932, -0.02218,  0.21287,  0.96955,  0.15994,  0.88244
7779, 2722, -0.02452, -0.0075, -0.01797,  0.32987,  0.94247,  0.27694,  0.85028
7780, 2724, -0.02148,  0.00932, -0.02218,  0.21287,  0.96955,  0.15994,  0.88244
7781, 2725, -0.02102, -0.00662, -0.02022,  0.32987,  0.96955,  0.27694,  0.88244
7782, 2725, -0.02102, -0.00662, -0.02022,  0.32987,  0.96955,  0.27694,  0.88244
7783, 2724, -0.02148,  0.00932, -0.02218,  0.21287,  0.96955,  0.15994,  0.88244
7784, 2726, -0.0175,  0.00917, -0.02251,  0.21287,  0.99469,  0.15994,  0.91327
7785, 2725, -0.02102, -0.00662, -0.02022,  0.32987,  0.96955,  0.27694,  0.88244
7786, 2726, -0.0175,  0.00917, -0.02251,  0.21287,  0.99469,  0.15994,  0.91327
7787, 2727, -0.01853, -0.00581, -0.02139,  0.32987,  0.99469,  0.27694,  0.91327
7788, 2728, -0.03002, -0.00853, -0.01358,  0.32987,  0.91154,  0.27694,  0.81547
7789, 2723, -0.02561,  0.00953, -0.0206,  0.21287,  0.94247,  0.15994,  0.85028
7790, 2722, -0.02452, -0.0075, -0.01797,  0.32987,  0.94247,  0.27694,  0.85028
7791, 2728, -0.03002, -0.00853, -0.01358,  0.32987,  0.91154,  0.27694,  0.81547
7792, 2729, -0.03002,  0.00984, -0.01652,  0.21287,  0.91154,  0.15994,  0.81547
7793, 2723, -0.02561,  0.00953, -0.0206,  0.21287,  0.94247,  0.15994,  0.85028
7794, 2730, -0.03645, -0.00951, -0.00693,  0.32987,  0.87848,  0.27694,  0.77835
7795, 2729, -0.03002,  0.00984, -0.01652,  0.21287,  0.91154,  0.15994,  0.81547
7796, 2728, -0.03002, -0.00853, -0.01358,  0.32987,  0.91154,  0.27694,  0.81547
7797, 2730, -0.03645, -0.00951, -0.00693,  0.32987,  0.87848,  0.27694,  0.77835
7798, 2731, -0.03511,  0.01002, -0.01001,  0.21287,  0.87848,  0.15994,  0.77835
7799, 2729, -0.03002,  0.00984, -0.01652,  0.21287,  0.91154,  0.15994,  0.81547
7800, 2732, -0.04269, -0.01023,  0.0021,  0.32987,  0.84502,  0.27694,  0.73926
7801, 2731, -0.03511,  0.01002, -0.01001,  0.21287,  0.87848,  0.15994,  0.77835
7802, 2730, -0.03645, -0.00951, -0.00693,  0.32987,  0.87848,  0.27694,  0.77835
7803, 2732, -0.04269, -0.01023,  0.0021,  0.32987,  0.84502,  0.27694,  0.73926
7804, 2733, -0.04125,  0.00985, -0.00118,  0.21287,  0.84502,  0.15994,  0.73926
7805, 2731, -0.03511,  0.01002, -0.01001,  0.21287,  0.87848,  0.15994,  0.77835
7806, 2734, -0.04798, -0.01059,  0.01329,  0.32987,  0.81115,  0.27694,  0.69892
7807, 2733, -0.04125,  0.00985, -0.00118,  0.21287,  0.84502,  0.15994,  0.73926
7808, 2732, -0.04269, -0.01023,  0.0021,  0.32987,  0.84502,  0.27694,  0.73926
7809, 2734, -0.04798, -0.01059,  0.01329,  0.32987,  0.81115,  0.27694,  0.69892
7810, 2735, -0.04715,  0.00953,  0.01006,  0.21287,  0.81115,  0.15994,  0.69892
7811, 2733, -0.04125,  0.00985, -0.00118,  0.21287,  0.84502,  0.15994,  0.73926
7812, 2736, -0.05155, -0.01043,  0.02645,  0.32987,  0.77683,  0.27694,  0.65806
7813, 2735, -0.04715,  0.00953,  0.01006,  0.21287,  0.81115,  0.15994,  0.69892
7814, 2734, -0.04798, -0.01059,  0.01329,  0.32987,  0.81115,  0.27694,  0.69892
7815, 2736, -0.05155, -0.01043,  0.02645,  0.32987,  0.77683,  0.27694,  0.65806
7816, 2737, -0.05149,  0.00925,  0.02379,  0.21287,  0.77683,  0.15994,  0.65806
7817, 2735, -0.04715,  0.00953,  0.01006,  0.21287,  0.81115,  0.15994,  0.69892
7818, 2738, -0.05363, -0.00981,  0.04053,  0.32987,  0.74242,  0.27694,  0.61709
7819, 2737, -0.05149,  0.00925,  0.02379,  0.21287,  0.77683,  0.15994,  0.65806
7820, 2736, -0.05155, -0.01043,  0.02645,  0.32987,  0.77683,  0.27694,  0.65806
7821, 2738, -0.05363, -0.00981,  0.04053,  0.32987,  0.74242,  0.27694,  0.61709
7822, 2739, -0.05423,  0.00889,  0.03855,  0.21287,  0.74242,  0.15994,  0.61709
7823, 2737, -0.05149,  0.00925,  0.02379,  0.21287,  0.77683,  0.15994,  0.65806
7824, 2740, -0.05445, -0.00877,  0.05448,  0.32987,  0.70825,  0.27694,  0.5764
7825, 2739, -0.05423,  0.00889,  0.03855,  0.21287,  0.74242,  0.15994,  0.61709
7826, 2738, -0.05363, -0.00981,  0.04053,  0.32987,  0.74242,  0.27694,  0.61709
7827, 2740, -0.05445, -0.00877,  0.05448,  0.32987,  0.70825,  0.27694,  0.5764
7828, 2741, -0.05535,  0.00837,  0.05292,  0.21287,  0.70825,  0.15994,  0.5764
7829, 2739, -0.05423,  0.00889,  0.03855,  0.21287,  0.74242,  0.15994,  0.61709
7830, 2742, -0.05443, -0.00763,  0.06761,  0.32987,  0.67433,  0.27694,  0.53601
7831, 2741, -0.05535,  0.00837,  0.05292,  0.21287,  0.70825,  0.15994,  0.5764
7832, 2740, -0.05445, -0.00877,  0.05448,  0.32987,  0.70825,  0.27694,  0.5764
7833, 2742, -0.05443, -0.00763,  0.06761,  0.32987,  0.67433,  0.27694,  0.53601
7834, 2743, -0.05537,  0.00767,  0.06645,  0.21287,  0.67433,  0.15994,  0.53601
7835, 2741, -0.05535,  0.00837,  0.05292,  0.21287,  0.70825,  0.15994,  0.5764
7836, 2744, -0.05398, -0.00673,  0.07925,  0.32987,  0.64068,  0.27694,  0.49593
7837, 2743, -0.05537,  0.00767,  0.06645,  0.21287,  0.67433,  0.15994,  0.53601
7838, 2742, -0.05443, -0.00763,  0.06761,  0.32987,  0.67433,  0.27694,  0.53601
7839, 2744, -0.05398, -0.00673,  0.07925,  0.32987,  0.64068,  0.27694,  0.49593
7840, 2745, -0.05485,  0.00681,  0.0787,  0.21287,  0.64068,  0.15994,  0.49593
7841, 2743, -0.05537,  0.00767,  0.06645,  0.21287,  0.67433,  0.15994,  0.53601
7842, 2746, -0.05264, -0.00639,  0.08968,  0.32987,  0.60763,  0.27694,  0.45658
7843, 2745, -0.05485,  0.00681,  0.0787,  0.21287,  0.64068,  0.15994,  0.49593
7844, 2744, -0.05398, -0.00673,  0.07925,  0.32987,  0.64068,  0.27694,  0.49593
7845, 2746, -0.05264, -0.00639,  0.08968,  0.32987,  0.60763,  0.27694,  0.45658
7846, 2747, -0.05321,  0.00485,  0.08964,  0.21287,  0.60763,  0.15994,  0.45658
7847, 2745, -0.05485,  0.00681,  0.0787,  0.21287,  0.64068,  0.15994,  0.49593
7848, 2748, -0.04998, -0.00695,  0.09918,  0.32987,  0.57554,  0.27694,  0.41837
7849, 2747, -0.05321,  0.00485,  0.08964,  0.21287,  0.60763,  0.15994,  0.45658
7850, 2746, -0.05264, -0.00639,  0.08968,  0.32987,  0.60763,  0.27694,  0.45658
7851, 2748, -0.04998, -0.00695,  0.09918,  0.32987,  0.57554,  0.27694,  0.41837
7852, 2749, -0.04992,  0.00085,  0.09918,  0.21287,  0.57554,  0.15994,  0.41837
7853, 2747, -0.05321,  0.00485,  0.08964,  0.21287,  0.60763,  0.15994,  0.45658
7854, 2750, -0.04666, -0.00795,  0.10822,  0.32987,  0.54393,  0.27694,  0.38073
7855, 2749, -0.04992,  0.00085,  0.09918,  0.21287,  0.57554,  0.15994,  0.41837
7856, 2748, -0.04998, -0.00695,  0.09918,  0.32987,  0.57554,  0.27694,  0.41837
7857, 2750, -0.04666, -0.00795,  0.10822,  0.32987,  0.54393,  0.27694,  0.38073
7858, 2751, -0.04579, -0.00419,  0.10803,  0.21287,  0.54393,  0.15994,  0.38073
7859, 2749, -0.04992,  0.00085,  0.09918,  0.21287,  0.57554,  0.15994,  0.41837
7860, 2752, -0.01989,  0.05485,  0.02088,  0.28913,  0.86941,  0.73364,  0.78669
7861, 2753, -0.01432,  0.06204,  0.03702,  0.17213,  0.86941,  0.61664,  0.78669
7862, 2754, -0.00758,  0.06149,  0.02878,  0.17213,  0.90601,  0.61664,  0.83233
7863, 2752, -0.01989,  0.05485,  0.02088,  0.28913,  0.86941,  0.73364,  0.78669
7864, 2754, -0.00758,  0.06149,  0.02878,  0.17213,  0.90601,  0.61664,  0.83233
7865, 2755, -0.01262,  0.05371,  0.01305,  0.28913,  0.90601,  0.73364,  0.83233
7866, 2755, -0.01262,  0.05371,  0.01305,  0.28913,  0.90601,  0.73364,  0.83233
7867, 2754, -0.00758,  0.06149,  0.02878,  0.17213,  0.90601,  0.61664,  0.83233
7868, 2756,  0.0001,  0.05985,  0.0221,  0.17213,  0.93868,  0.61664,  0.87884
7869, 2755, -0.01262,  0.05371,  0.01305,  0.28913,  0.90601,  0.73364,  0.83233
7870, 2756,  0.0001,  0.05985,  0.0221,  0.17213,  0.93868,  0.61664,  0.87884
7871, 2757, -0.0045,  0.05081,  0.00708,  0.28913,  0.93868,  0.73364,  0.87884
7872, 2757, -0.0045,  0.05081,  0.00708,  0.28913,  0.93868,  0.73364,  0.87884
7873, 2756,  0.0001,  0.05985,  0.0221,  0.17213,  0.93868,  0.61664,  0.87884
7874, 2758,  0.00917,  0.05665,  0.01743,  0.17213,  0.96762,  0.61664,  0.92828
7875, 2757, -0.0045,  0.05081,  0.00708,  0.28913,  0.93868,  0.73364,  0.87884
7876, 2758,  0.00917,  0.05665,  0.01743,  0.17213,  0.96762,  0.61664,  0.92828
7877, 2759,  0.0047,  0.04588,  0.00377,  0.28913,  0.96762,  0.73364,  0.92828
7878, 2759,  0.0047,  0.04588,  0.00377,  0.28913,  0.96762,  0.73364,  0.92828
7879, 2758,  0.00917,  0.05665,  0.01743,  0.17213,  0.96762,  0.61664,  0.92828
7880, 2760,  0.01891,  0.05268,  0.01376,  0.17213,  0.99469,  0.61664,  0.97917
7881, 2759,  0.0047,  0.04588,  0.00377,  0.28913,  0.96762,  0.73364,  0.92828
7882, 2760,  0.01891,  0.05268,  0.01376,  0.17213,  0.99469,  0.61664,  0.97917
7883, 2761,  0.01446,  0.03994,  0.00179,  0.28913,  0.99469,  0.73364,  0.97917
7884, 2762, -0.02658,  0.05448,  0.02979,  0.28913,  0.8287,  0.73364,  0.73985
7885, 2753, -0.01432,  0.06204,  0.03702,  0.17213,  0.86941,  0.61664,  0.78669
7886, 2752, -0.01989,  0.05485,  0.02088,  0.28913,  0.86941,  0.73364,  0.78669
7887, 2762, -0.02658,  0.05448,  0.02979,  0.28913,  0.8287,  0.73364,  0.73985
7888, 2763, -0.02053,  0.06198,  0.04635,  0.17213,  0.8287,  0.61664,  0.73985
7889, 2753, -0.01432,  0.06204,  0.03702,  0.17213,  0.86941,  0.61664,  0.78669
7890, 2764, -0.03245,  0.05294,  0.03957,  0.28913,  0.788,  0.73364,  0.69226
7891, 2763, -0.02053,  0.06198,  0.04635,  0.17213,  0.8287,  0.61664,  0.73985
7892, 2762, -0.02658,  0.05448,  0.02979,  0.28913,  0.8287,  0.73364,  0.73985
7893, 2764, -0.03245,  0.05294,  0.03957,  0.28913,  0.788,  0.73364,  0.69226
7894, 2765, -0.02603,  0.0608,  0.05599,  0.17213,  0.788,  0.61664,  0.69226
7895, 2763, -0.02053,  0.06198,  0.04635,  0.17213,  0.8287,  0.61664,  0.73985
7896, 2766, -0.03727,  0.05055,  0.05003,  0.28913,  0.75143,  0.73364,  0.64436
7897, 2765, -0.02603,  0.0608,  0.05599,  0.17213,  0.788,  0.61664,  0.69226
7898, 2764, -0.03245,  0.05294,  0.03957,  0.28913,  0.788,  0.73364,  0.69226
7899, 2766, -0.03727,  0.05055,  0.05003,  0.28913,  0.75143,  0.73364,  0.64436
7900, 2767, -0.03062,  0.05801,  0.06516,  0.17213,  0.75143,  0.61664,  0.64436
7901, 2765, -0.02603,  0.0608,  0.05599,  0.17213,  0.788,  0.61664,  0.69226
7902, 2768, -0.04096,  0.04696,  0.06064,  0.28913,  0.71701,  0.73364,  0.59642
7903, 2767, -0.03062,  0.05801,  0.06516,  0.17213,  0.75143,  0.61664,  0.64436
7904, 2766, -0.03727,  0.05055,  0.05003,  0.28913,  0.75143,  0.73364,  0.64436
7905, 2768, -0.04096,  0.04696,  0.06064,  0.28913,  0.71701,  0.73364,  0.59642
7906, 2769, -0.0343,  0.05391,  0.07355,  0.17213,  0.71701,  0.61664,  0.59642
7907, 2767, -0.03062,  0.05801,  0.06516,  0.17213,  0.75143,  0.61664,  0.64436
7908, 2770, -0.04341,  0.04179,  0.07088,  0.28913,  0.68277,  0.73364,  0.54871
7909, 2769, -0.0343,  0.05391,  0.07355,  0.17213,  0.71701,  0.61664,  0.59642
7910, 2768, -0.04096,  0.04696,  0.06064,  0.28913,  0.71701,  0.73364,  0.59642
7911, 2770, -0.04341,  0.04179,  0.07088,  0.28913,  0.68277,  0.73364,  0.54871
7912, 2771, -0.03708,  0.04881,  0.08085,  0.17213,  0.68277,  0.61664,  0.54871
7913, 2769, -0.0343,  0.05391,  0.07355,  0.17213,  0.71701,  0.61664,  0.59642
7914, 2772, -0.04484,  0.03602,  0.08051,  0.28913,  0.64779,  0.73364,  0.49998
7915, 2771, -0.03708,  0.04881,  0.08085,  0.17213,  0.68277,  0.61664,  0.54871
7916, 2770, -0.04341,  0.04179,  0.07088,  0.28913,  0.68277,  0.73364,  0.54871
7917, 2772, -0.04484,  0.03602,  0.08051,  0.28913,  0.64779,  0.73364,  0.49998
7918, 2773, -0.03899,  0.04271,  0.08788,  0.17213,  0.64779,  0.61664,  0.49998
7919, 2771, -0.03708,  0.04881,  0.08085,  0.17213,  0.68277,  0.61664,  0.54871
7920, 2774, -0.04548,  0.03064,  0.0893,  0.28913,  0.61116,  0.73364,  0.44896
7921, 2773, -0.03899,  0.04271,  0.08788,  0.17213,  0.64779,  0.61664,  0.49998
7922, 2772, -0.04484,  0.03602,  0.08051,  0.28913,  0.64779,  0.73364,  0.49998
7923, 2774, -0.04548,  0.03064,  0.0893,  0.28913,  0.61116,  0.73364,  0.44896
7924, 2775, -0.04009,  0.03559,  0.09546,  0.17213,  0.61116,  0.61664,  0.44896
7925, 2773, -0.03899,  0.04271,  0.08788,  0.17213,  0.64779,  0.61664,  0.49998
7926, 2776, -0.04526,  0.02509,  0.0974,  0.28913,  0.57463,  0.73364,  0.39807
7927, 2775, -0.04009,  0.03559,  0.09546,  0.17213,  0.61116,  0.61664,  0.44896
7928, 2774, -0.04548,  0.03064,  0.0893,  0.28913,  0.61116,  0.73364,  0.44896
7929, 2776, -0.04526,  0.02509,  0.0974,  0.28913,  0.57463,  0.73364,  0.39807
7930, 2777, -0.04058,  0.02822,  0.10272,  0.17213,  0.57463,  0.61664,  0.39807
7931, 2775, -0.04009,  0.03559,  0.09546,  0.17213,  0.61116,  0.61664,  0.44896
7932, 2778, -0.04414,  0.01878,  0.10494,  0.28913,  0.53995,  0.73364,  0.34976
7933, 2777, -0.04058,  0.02822,  0.10272,  0.17213,  0.57463,  0.61664,  0.39807
7934, 2776, -0.04526,  0.02509,  0.0974,  0.28913,  0.57463,  0.73364,  0.39807
7935, 2778, -0.04414,  0.01878,  0.10494,  0.28913,  0.53995,  0.73364,  0.34976
7936, 2779, -0.04066,  0.0214,  0.10877,  0.17213,  0.53995,  0.61664,  0.34976
7937, 2777, -0.04058,  0.02822,  0.10272,  0.17213,  0.57463,  0.61664,  0.39807
7938, 2780, -0.04258,  0.0121,  0.1122,  0.28913,  0.5062,  0.73364,  0.30275
7939, 2779, -0.04066,  0.0214,  0.10877,  0.17213,  0.53995,  0.61664,  0.34976
7940, 2778, -0.04414,  0.01878,  0.10494,  0.28913,  0.53995,  0.73364,  0.34976
7941, 2780, -0.04258,  0.0121,  0.1122,  0.28913,  0.5062,  0.73364,  0.30275
7942, 2781, -0.04055,  0.01484,  0.11422,  0.17213,  0.5062,  0.61664,  0.30275
7943, 2779, -0.04066,  0.0214,  0.10877,  0.17213,  0.53995,  0.61664,  0.34976
7944, 2782, -0.02682,  0.03748,  0.00131,  0.32987,  0.86558,  0.78812,  0.8334
7945, 2783, -0.02318,  0.05012,  0.01293,  0.21287,  0.86558,  0.67112,  0.8334
7946, 2784, -0.01625,  0.04738,  0.00392,  0.21287,  0.88641,  0.67112,  0.86993
7947, 2782, -0.02682,  0.03748,  0.00131,  0.32987,  0.86558,  0.78812,  0.8334
7948, 2784, -0.01625,  0.04738,  0.00392,  0.21287,  0.88641,  0.67112,  0.86993
7949, 2785, -0.02068,  0.0362, -0.00653,  0.32987,  0.88641,  0.78812,  0.86993
7950, 2785, -0.02068,  0.0362, -0.00653,  0.32987,  0.88641,  0.78812,  0.86993
7951, 2784, -0.01625,  0.04738,  0.00392,  0.21287,  0.88641,  0.67112,  0.86993
7952, 2786, -0.00945,  0.04373, -0.00351,  0.21287,  0.91081,  0.67112,  0.90627
7953, 2785, -0.02068,  0.0362, -0.00653,  0.32987,  0.88641,  0.78812,  0.86993
7954, 2786, -0.00945,  0.04373, -0.00351,  0.21287,  0.91081,  0.67112,  0.90627
7955, 2787, -0.01489,  0.03472, -0.01245,  0.32987,  0.91081,  0.78812,  0.90627
7956, 2782, -0.02682,  0.03748,  0.00131,  0.32987,  0.86558,  0.78812,  0.8334
7957, 2788, -0.02945,  0.05153,  0.02285,  0.21287,  0.83786,  0.67112,  0.79649
7958, 2783, -0.02318,  0.05012,  0.01293,  0.21287,  0.86558,  0.67112,  0.8334
7959, 2782, -0.02682,  0.03748,  0.00131,  0.32987,  0.86558,  0.78812,  0.8334
7960, 2789, -0.03332,  0.03854,  0.01061,  0.32987,  0.83786,  0.78812,  0.79649
7961, 2788, -0.02945,  0.05153,  0.02285,  0.21287,  0.83786,  0.67112,  0.79649
7962, 2790, -0.03942,  0.03847,  0.02154,  0.32987,  0.80586,  0.78812,  0.75838
7963, 2788, -0.02945,  0.05153,  0.02285,  0.21287,  0.83786,  0.67112,  0.79649
7964, 2789, -0.03332,  0.03854,  0.01061,  0.32987,  0.83786,  0.78812,  0.79649
7965, 2790, -0.03942,  0.03847,  0.02154,  0.32987,  0.80586,  0.78812,  0.75838
7966, 2791, -0.03491,  0.0512,  0.03368,  0.21287,  0.80586,  0.67112,  0.75838
7967, 2788, -0.02945,  0.05153,  0.02285,  0.21287,  0.83786,  0.67112,  0.79649
7968, 2790, -0.03942,  0.03847,  0.02154,  0.32987,  0.80586,  0.78812,  0.75838
7969, 2792, -0.03941,  0.0487,  0.04544,  0.21287,  0.77217,  0.67112,  0.71826
7970, 2791, -0.03491,  0.0512,  0.03368,  0.21287,  0.80586,  0.67112,  0.75838
7971, 2790, -0.03942,  0.03847,  0.02154,  0.32987,  0.80586,  0.78812,  0.75838
7972, 2793, -0.04437,  0.03638,  0.0343,  0.32987,  0.77217,  0.78812,  0.71826
7973, 2792, -0.03941,  0.0487,  0.04544,  0.21287,  0.77217,  0.67112,  0.71826
7974, 2794, -0.04793,  0.03275,  0.04769,  0.32987,  0.73793,  0.78812,  0.67749
7975, 2792, -0.03941,  0.0487,  0.04544,  0.21287,  0.77217,  0.67112,  0.71826
7976, 2793, -0.04437,  0.03638,  0.0343,  0.32987,  0.77217,  0.78812,  0.71826
7977, 2794, -0.04793,  0.03275,  0.04769,  0.32987,  0.73793,  0.78812,  0.67749
7978, 2795, -0.04304,  0.0444,  0.0573,  0.21287,  0.73793,  0.67112,  0.67749
7979, 2792, -0.03941,  0.0487,  0.04544,  0.21287,  0.77217,  0.67112,  0.71826
7980, 2794, -0.04793,  0.03275,  0.04769,  0.32987,  0.73793,  0.78812,  0.67749
7981, 2796, -0.04591,  0.03868,  0.06843,  0.21287,  0.70429,  0.67112,  0.63743
7982, 2795, -0.04304,  0.0444,  0.0573,  0.21287,  0.73793,  0.67112,  0.67749
7983, 2794, -0.04793,  0.03275,  0.04769,  0.32987,  0.73793,  0.78812,  0.67749
7984, 2797, -0.04988,  0.02804,  0.06052,  0.32987,  0.70429,  0.78812,  0.63743
7985, 2796, -0.04591,  0.03868,  0.06843,  0.21287,  0.70429,  0.67112,  0.63743
7986, 2798, -0.05056,  0.02319,  0.07228,  0.32987,  0.6712,  0.78812,  0.59802
7987, 2796, -0.04591,  0.03868,  0.06843,  0.21287,  0.70429,  0.67112,  0.63743
7988, 2797, -0.04988,  0.02804,  0.06052,  0.32987,  0.70429,  0.78812,  0.63743
7989, 2798, -0.05056,  0.02319,  0.07228,  0.32987,  0.6712,  0.78812,  0.59802
7990, 2799, -0.04761,  0.03263,  0.07856,  0.21287,  0.6712,  0.67112,  0.59802
7991, 2796, -0.04591,  0.03868,  0.06843,  0.21287,  0.70429,  0.67112,  0.63743
7992, 2798, -0.05056,  0.02319,  0.07228,  0.32987,  0.6712,  0.78812,  0.59802
7993, 2800, -0.04773,  0.02737,  0.08742,  0.21287,  0.6386,  0.67112,  0.55921
7994, 2799, -0.04761,  0.03263,  0.07856,  0.21287,  0.6712,  0.67112,  0.59802
7995, 2798, -0.05056,  0.02319,  0.07228,  0.32987,  0.6712,  0.78812,  0.59802
7996, 2801, -0.0503,  0.01913,  0.08246,  0.32987,  0.6386,  0.78812,  0.55921
7997, 2800, -0.04773,  0.02737,  0.08742,  0.21287,  0.6386,  0.67112,  0.55921
7998, 2802, -0.04923,  0.01524,  0.09148,  0.32987,  0.60655,  0.78812,  0.52105
7999, 2800, -0.04773,  0.02737,  0.08742,  0.21287,  0.6386,  0.67112,  0.55921
8000, 2801, -0.0503,  0.01913,  0.08246,  0.32987,  0.6386,  0.78812,  0.55921
8001, 2802, -0.04923,  0.01524,  0.09148,  0.32987,  0.60655,  0.78812,  0.52105
8002, 2803, -0.0468,  0.022,  0.09529,  0.21287,  0.60655,  0.67112,  0.52105
8003, 2800, -0.04773,  0.02737,  0.08742,  0.21287,  0.6386,  0.67112,  0.55921
8004, 2802, -0.04923,  0.01524,  0.09148,  0.32987,  0.60655,  0.78812,  0.52105
8005, 2804, -0.04532,  0.01569,  0.10243,  0.21287,  0.57509,  0.67112,  0.48359
8006, 2803, -0.0468,  0.022,  0.09529,  0.21287,  0.60655,  0.67112,  0.52105
8007, 2802, -0.04923,  0.01524,  0.09148,  0.32987,  0.60655,  0.78812,  0.52105
8008, 2805, -0.04748,  0.01088,  0.09977,  0.32987,  0.57509,  0.78812,  0.48359
8009, 2804, -0.04532,  0.01569,  0.10243,  0.21287,  0.57509,  0.67112,  0.48359
8010, 2806, -0.04539,  0.00628,  0.10769,  0.32987,  0.54393,  0.78812,  0.44648
8011, 2804, -0.04532,  0.01569,  0.10243,  0.21287,  0.57509,  0.67112,  0.48359
8012, 2805, -0.04748,  0.01088,  0.09977,  0.32987,  0.57509,  0.78812,  0.48359
8013, 2806, -0.04539,  0.00628,  0.10769,  0.32987,  0.54393,  0.78812,  0.44648
8014, 2807, -0.04357,  0.00889,  0.1092,  0.21287,  0.54393,  0.67112,  0.44648
8015, 2804, -0.04532,  0.01569,  0.10243,  0.21287,  0.57509,  0.67112,  0.48359
8016, 2787, -0.01489,  0.03472, -0.01245,  0.32987,  0.91081,  0.78812,  0.90627
8017, 2786, -0.00945,  0.04373, -0.00351,  0.21287,  0.91081,  0.67112,  0.90627
8018, 2808, -0.00358,  0.03955, -0.0087,  0.21287,  0.94925,  0.67112,  0.94264
8019, 2787, -0.01489,  0.03472, -0.01245,  0.32987,  0.91081,  0.78812,  0.90627
8020, 2808, -0.00358,  0.03955, -0.0087,  0.21287,  0.94925,  0.67112,  0.94264
8021, 2809, -0.00945,  0.03308, -0.01596,  0.32987,  0.94925,  0.78812,  0.94264
8022, 2809, -0.00945,  0.03308, -0.01596,  0.32987,  0.94925,  0.78812,  0.94264
8023, 2808, -0.00358,  0.03955, -0.0087,  0.21287,  0.94925,  0.67112,  0.94264
8024, 2810,  0.00184,  0.0351, -0.01278,  0.21287,  0.99469,  0.67112,  0.97902
8025, 2809, -0.00945,  0.03308, -0.01596,  0.32987,  0.94925,  0.78812,  0.94264
8026, 2810,  0.00184,  0.0351, -0.01278,  0.21287,  0.99469,  0.67112,  0.97902
8027, 2811, -0.00418,  0.03136, -0.01826,  0.32987,  0.99469,  0.78812,  0.97902
8028, 2812, -0.02416,  0.04463,  0.00952,  0.28913,  0.86853,  0.79844,  0.78646
8029, 2813, -0.01923,  0.05625,  0.02226,  0.17213,  0.86853,  0.68143,  0.78646
8030, 2814, -0.0122,  0.05475,  0.014,  0.17213,  0.90264,  0.68143,  0.83164
8031, 2812, -0.02416,  0.04463,  0.00952,  0.28913,  0.86853,  0.79844,  0.78646
8032, 2814, -0.0122,  0.05475,  0.014,  0.17213,  0.90264,  0.68143,  0.83164
8033, 2815, -0.01688,  0.04402,  0.00213,  0.28913,  0.90264,  0.79844,  0.83164
8034, 2815, -0.01688,  0.04402,  0.00213,  0.28913,  0.90264,  0.79844,  0.83164
8035, 2814, -0.0122,  0.05475,  0.014,  0.17213,  0.90264,  0.68143,  0.83164
8036, 2816, -0.00474,  0.05154,  0.00725,  0.17213,  0.93368,  0.68143,  0.87787
8037, 2815, -0.01688,  0.04402,  0.00213,  0.28913,  0.90264,  0.79844,  0.83164
8038, 2816, -0.00474,  0.05154,  0.00725,  0.17213,  0.93368,  0.68143,  0.87787
8039, 2817, -0.00991,  0.0424, -0.00398,  0.28913,  0.93368,  0.79844,  0.87787
8040, 2812, -0.02416,  0.04463,  0.00952,  0.28913,  0.86853,  0.79844,  0.78646
8041, 2818, -0.02582,  0.05634,  0.03175,  0.17213,  0.82868,  0.68143,  0.73983
8042, 2813, -0.01923,  0.05625,  0.02226,  0.17213,  0.86853,  0.68143,  0.78646
8043, 2812, -0.02416,  0.04463,  0.00952,  0.28913,  0.86853,  0.79844,  0.78646
8044, 2819, -0.03123,  0.04493,  0.01803,  0.28913,  0.82868,  0.79844,  0.73983
8045, 2818, -0.02582,  0.05634,  0.03175,  0.17213,  0.82868,  0.68143,  0.73983
8046, 2820, -0.03751,  0.044,  0.02789,  0.28913,  0.78798,  0.79844,  0.69224
8047, 2818, -0.02582,  0.05634,  0.03175,  0.17213,  0.82868,  0.68143,  0.73983
8048, 2819, -0.03123,  0.04493,  0.01803,  0.28913,  0.82868,  0.79844,  0.73983
8049, 2820, -0.03751,  0.044,  0.02789,  0.28913,  0.78798,  0.79844,  0.69224
8050, 2821, -0.03176,  0.05509,  0.04196,  0.17213,  0.78798,  0.68143,  0.69224
8051, 2818, -0.02582,  0.05634,  0.03175,  0.17213,  0.82868,  0.68143,  0.73983
8052, 2820, -0.03751,  0.044,  0.02789,  0.28913,  0.78798,  0.79844,  0.69224
8053, 2822, -0.03684,  0.05257,  0.05241,  0.17213,  0.75127,  0.68143,  0.64414
8054, 2821, -0.03176,  0.05509,  0.04196,  0.17213,  0.78798,  0.68143,  0.69224
8055, 2820, -0.03751,  0.044,  0.02789,  0.28913,  0.78798,  0.79844,  0.69224
8056, 2823, -0.04243,  0.04093,  0.03932,  0.28913,  0.75127,  0.79844,  0.64414
8057, 2822, -0.03684,  0.05257,  0.05241,  0.17213,  0.75127,  0.68143,  0.64414
8058, 2824, -0.04592,  0.03661,  0.05149,  0.28913,  0.71642,  0.79844,  0.59558
8059, 2822, -0.03684,  0.05257,  0.05241,  0.17213,  0.75127,  0.68143,  0.64414
8060, 2823, -0.04243,  0.04093,  0.03932,  0.28913,  0.75127,  0.79844,  0.64414
8061, 2824, -0.04592,  0.03661,  0.05149,  0.28913,  0.71642,  0.79844,  0.59558
8062, 2825, -0.04077,  0.04868,  0.06271,  0.17213,  0.71642,  0.68143,  0.59558
8063, 2822, -0.03684,  0.05257,  0.05241,  0.17213,  0.75127,  0.68143,  0.64414
8064, 2824, -0.04592,  0.03661,  0.05149,  0.28913,  0.71642,  0.79844,  0.59558
8065, 2826, -0.04325,  0.04336,  0.07243,  0.17213,  0.68124,  0.68143,  0.54659
8066, 2825, -0.04077,  0.04868,  0.06271,  0.17213,  0.71642,  0.68143,  0.59558
8067, 2824, -0.04592,  0.03661,  0.05149,  0.28913,  0.71642,  0.79844,  0.59558
8068, 2827, -0.04794,  0.03193,  0.06359,  0.28913,  0.68124,  0.79844,  0.54659
8069, 2826, -0.04325,  0.04336,  0.07243,  0.17213,  0.68124,  0.68143,  0.54659
8070, 2828, -0.04879,  0.02727,  0.07483,  0.28913,  0.64584,  0.79844,  0.49727
8071, 2826, -0.04325,  0.04336,  0.07243,  0.17213,  0.68124,  0.68143,  0.54659
8072, 2827, -0.04794,  0.03193,  0.06359,  0.28913,  0.68124,  0.79844,  0.54659
8073, 2828, -0.04879,  0.02727,  0.07483,  0.28913,  0.64584,  0.79844,  0.49727
8074, 2829, -0.04463,  0.03742,  0.08154,  0.17213,  0.64584,  0.68143,  0.49727
8075, 2826, -0.04325,  0.04336,  0.07243,  0.17213,  0.68124,  0.68143,  0.54659
8076, 2828, -0.04879,  0.02727,  0.07483,  0.28913,  0.64584,  0.79844,  0.49727
8077, 2830, -0.0453,  0.0317,  0.08996,  0.17213,  0.61027,  0.68143,  0.44772
8078, 2829, -0.04463,  0.03742,  0.08154,  0.17213,  0.64584,  0.68143,  0.49727
8079, 2828, -0.04879,  0.02727,  0.07483,  0.28913,  0.64584,  0.79844,  0.49727
8080, 2831, -0.04877,  0.023,  0.08442,  0.28913,  0.61027,  0.79844,  0.44772
8081, 2830, -0.0453,  0.0317,  0.08996,  0.17213,  0.61027,  0.68143,  0.44772
8082, 2832, -0.04791,  0.0188,  0.09314,  0.28913,  0.57498,  0.79844,  0.39856
8083, 2830, -0.0453,  0.0317,  0.08996,  0.17213,  0.61027,  0.68143,  0.44772
8084, 2831, -0.04877,  0.023,  0.08442,  0.28913,  0.61027,  0.79844,  0.44772
8085, 2832, -0.04791,  0.0188,  0.09314,  0.28913,  0.57498,  0.79844,  0.39856
8086, 2833, -0.04511,  0.02578,  0.09776,  0.17213,  0.57498,  0.68143,  0.39856
8087, 2830, -0.0453,  0.0317,  0.08996,  0.17213,  0.61027,  0.68143,  0.44772
8088, 2832, -0.04791,  0.0188,  0.09314,  0.28913,  0.57498,  0.79844,  0.39856
8089, 2834, -0.04396,  0.01925,  0.10497,  0.17213,  0.54041,  0.68143,  0.3504
8090, 2833, -0.04511,  0.02578,  0.09776,  0.17213,  0.57498,  0.68143,  0.39856
8091, 2832, -0.04791,  0.0188,  0.09314,  0.28913,  0.57498,  0.79844,  0.39856
8092, 2835, -0.04623,  0.01432,  0.10175,  0.28913,  0.54041,  0.79844,  0.3504
8093, 2834, -0.04396,  0.01925,  0.10497,  0.17213,  0.54041,  0.68143,  0.3504
8094, 2836, -0.04413,  0.0097,  0.1103,  0.28913,  0.5062,  0.79844,  0.30275
8095, 2834, -0.04396,  0.01925,  0.10497,  0.17213,  0.54041,  0.68143,  0.3504
8096, 2835, -0.04623,  0.01432,  0.10175,  0.28913,  0.54041,  0.79844,  0.3504
8097, 2836, -0.04413,  0.0097,  0.1103,  0.28913,  0.5062,  0.79844,  0.30275
8098, 2837, -0.04232,  0.0124,  0.1119,  0.17213,  0.5062,  0.68143,  0.30275
8099, 2834, -0.04396,  0.01925,  0.10497,  0.17213,  0.54041,  0.68143,  0.3504
8100, 2817, -0.00991,  0.0424, -0.00398,  0.28913,  0.93368,  0.79844,  0.87787
8101, 2816, -0.00474,  0.05154,  0.00725,  0.17213,  0.93368,  0.68143,  0.87787
8102, 2838,  0.0031,  0.04631,  0.00233,  0.17213,  0.96429,  0.68143,  0.92764
8103, 2817, -0.00991,  0.0424, -0.00398,  0.28913,  0.93368,  0.79844,  0.87787
8104, 2838,  0.0031,  0.04631,  0.00233,  0.17213,  0.96429,  0.68143,  0.92764
8105, 2839, -0.00381,  0.0391, -0.00867,  0.28913,  0.96429,  0.79844,  0.92764
8106, 2839, -0.00381,  0.0391, -0.00867,  0.28913,  0.96429,  0.79844,  0.92764
8107, 2838,  0.0031,  0.04631,  0.00233,  0.17213,  0.96429,  0.68143,  0.92764
8108, 2840,  0.01114,  0.04007, -0.00168,  0.17213,  0.99469,  0.68143,  0.97917
8109, 2839, -0.00381,  0.0391, -0.00867,  0.28913,  0.96429,  0.79844,  0.92764
8110, 2840,  0.01114,  0.04007, -0.00168,  0.17213,  0.99469,  0.68143,  0.97917
8111, 2841,  0.00186,  0.03497, -0.01264,  0.28913,  0.99469,  0.79844,  0.97917
8112, 2842,  0.06142,  0.02239,  0.12447,  0.28913,  0.91133,  0.32077,  0.86659
8113, 2843,  0.0628,  0.00458,  0.12709,  0.17213,  0.91133,  0.20377,  0.86659
8114, 2844,  0.06502,  0.0044,  0.12168,  0.17213,  0.95134,  0.20377,  0.92081
8115, 2842,  0.06142,  0.02239,  0.12447,  0.28913,  0.91133,  0.32077,  0.86659
8116, 2844,  0.06502,  0.0044,  0.12168,  0.17213,  0.95134,  0.20377,  0.92081
8117, 2845,  0.0635,  0.02214,  0.11931,  0.28913,  0.95134,  0.32077,  0.92081
8118, 2845,  0.0635,  0.02214,  0.11931,  0.28913,  0.95134,  0.32077,  0.92081
8119, 2844,  0.06502,  0.0044,  0.12168,  0.17213,  0.95134,  0.20377,  0.92081
8120, 2846,  0.06642,  0.00423,  0.11542,  0.17213,  0.99469,  0.20377,  0.97917
8121, 2845,  0.0635,  0.02214,  0.11931,  0.28913,  0.95134,  0.32077,  0.92081
8122, 2846,  0.06642,  0.00423,  0.11542,  0.17213,  0.99469,  0.20377,  0.97917
8123, 2847,  0.06468,  0.0219,  0.11342,  0.28913,  0.99469,  0.32077,  0.97917
8124, 2848,  0.05759,  0.02265,  0.12818,  0.28913,  0.87799,  0.32077,  0.82066
8125, 2843,  0.0628,  0.00458,  0.12709,  0.17213,  0.91133,  0.20377,  0.86659
8126, 2842,  0.06142,  0.02239,  0.12447,  0.28913,  0.91133,  0.32077,  0.86659
8127, 2848,  0.05759,  0.02265,  0.12818,  0.28913,  0.87799,  0.32077,  0.82066
8128, 2849,  0.05893,  0.00478,  0.13083,  0.17213,  0.87799,  0.20377,  0.82066
8129, 2843,  0.0628,  0.00458,  0.12709,  0.17213,  0.91133,  0.20377,  0.86659
8130, 2850,  0.05238,  0.02275,  0.13095,  0.28913,  0.84802,  0.32077,  0.77892
8131, 2849,  0.05893,  0.00478,  0.13083,  0.17213,  0.87799,  0.20377,  0.82066
8132, 2848,  0.05759,  0.02265,  0.12818,  0.28913,  0.87799,  0.32077,  0.82066
8133, 2850,  0.05238,  0.02275,  0.13095,  0.28913,  0.84802,  0.32077,  0.77892
8134, 2851,  0.05386,  0.00493,  0.13347,  0.17213,  0.84802,  0.20377,  0.77892
8135, 2849,  0.05893,  0.00478,  0.13083,  0.17213,  0.87799,  0.20377,  0.82066
8136, 2852,  0.0462,  0.0225,  0.1333,  0.28913,  0.81811,  0.32077,  0.73725
8137, 2851,  0.05386,  0.00493,  0.13347,  0.17213,  0.84802,  0.20377,  0.77892
8138, 2850,  0.05238,  0.02275,  0.13095,  0.28913,  0.84802,  0.32077,  0.77892
8139, 2852,  0.0462,  0.0225,  0.1333,  0.28913,  0.81811,  0.32077,  0.73725
8140, 2853,  0.04802,  0.00492,  0.13558,  0.17213,  0.81811,  0.20377,  0.73725
8141, 2851,  0.05386,  0.00493,  0.13347,  0.17213,  0.84802,  0.20377,  0.77892
8142, 2854,  0.03938,  0.02188,  0.13542,  0.28913,  0.78783,  0.32077,  0.69506
8143, 2853,  0.04802,  0.00492,  0.13558,  0.17213,  0.81811,  0.20377,  0.73725
8144, 2852,  0.0462,  0.0225,  0.1333,  0.28913,  0.81811,  0.32077,  0.73725
8145, 2854,  0.03938,  0.02188,  0.13542,  0.28913,  0.78783,  0.32077,  0.69506
8146, 2855,  0.04153,  0.00477,  0.13735,  0.17213,  0.78783,  0.20377,  0.69506
8147, 2853,  0.04802,  0.00492,  0.13558,  0.17213,  0.81811,  0.20377,  0.73725
8148, 2856,  0.03227,  0.02087,  0.13749,  0.28913,  0.75673,  0.32077,  0.65175
8149, 2855,  0.04153,  0.00477,  0.13735,  0.17213,  0.78783,  0.20377,  0.69506
8150, 2854,  0.03938,  0.02188,  0.13542,  0.28913,  0.78783,  0.32077,  0.69506
8151, 2856,  0.03227,  0.02087,  0.13749,  0.28913,  0.75673,  0.32077,  0.65175
8152, 2857,  0.03453,  0.00446,  0.13893,  0.17213,  0.75673,  0.20377,  0.65175
8153, 2855,  0.04153,  0.00477,  0.13735,  0.17213,  0.78783,  0.20377,  0.69506
8154, 2858,  0.025,  0.01949,  0.13922,  0.28913,  0.72453,  0.32077,  0.60689
8155, 2857,  0.03453,  0.00446,  0.13893,  0.17213,  0.75673,  0.20377,  0.65175
8156, 2856,  0.03227,  0.02087,  0.13749,  0.28913,  0.75673,  0.32077,  0.65175
8157, 2858,  0.025,  0.01949,  0.13922,  0.28913,  0.72453,  0.32077,  0.60689
8158, 2859,  0.02725,  0.00399,  0.14038,  0.17213,  0.72453,  0.20377,  0.60689
8159, 2857,  0.03453,  0.00446,  0.13893,  0.17213,  0.75673,  0.20377,  0.65175
8160, 2860,  0.01774,  0.01778,  0.14032,  0.28913,  0.69093,  0.32077,  0.56008
8161, 2859,  0.02725,  0.00399,  0.14038,  0.17213,  0.72453,  0.20377,  0.60689
8162, 2858,  0.025,  0.01949,  0.13922,  0.28913,  0.72453,  0.32077,  0.60689
8163, 2860,  0.01774,  0.01778,  0.14032,  0.28913,  0.69093,  0.32077,  0.56008
8164, 2861,  0.01995,  0.00336,  0.14173,  0.17213,  0.69093,  0.20377,  0.56008
8165, 2859,  0.02725,  0.00399,  0.14038,  0.17213,  0.72453,  0.20377,  0.60689
8166, 2862,  0.01052,  0.01584,  0.14068,  0.28913,  0.65554,  0.32077,  0.51079
8167, 2861,  0.01995,  0.00336,  0.14173,  0.17213,  0.69093,  0.20377,  0.56008
8168, 2860,  0.01774,  0.01778,  0.14032,  0.28913,  0.69093,  0.32077,  0.56008
8169, 2862,  0.01052,  0.01584,  0.14068,  0.28913,  0.65554,  0.32077,  0.51079
8170, 2863,  0.01244,  0.00263,  0.14251,  0.17213,  0.65554,  0.20377,  0.51079
8171, 2861,  0.01995,  0.00336,  0.14173,  0.17213,  0.69093,  0.20377,  0.56008
8172, 2864,  0.00339,  0.01381,  0.14017,  0.28913,  0.61799,  0.32077,  0.45848
8173, 2863,  0.01244,  0.00263,  0.14251,  0.17213,  0.65554,  0.20377,  0.51079
8174, 2862,  0.01052,  0.01584,  0.14068,  0.28913,  0.65554,  0.32077,  0.51079
8175, 2864,  0.00339,  0.01381,  0.14017,  0.28913,  0.61799,  0.32077,  0.45848
8176, 2865,  0.00456,  0.00186,  0.14221,  0.17213,  0.61799,  0.20377,  0.45848
8177, 2863,  0.01244,  0.00263,  0.14251,  0.17213,  0.65554,  0.20377,  0.51079
8178, 2866, -0.00447,  0.01153,  0.13842,  0.28913,  0.58703,  0.32077,  0.40538
8179, 2865,  0.00456,  0.00186,  0.14221,  0.17213,  0.61799,  0.20377,  0.45848
8180, 2864,  0.00339,  0.01381,  0.14017,  0.28913,  0.61799,  0.32077,  0.45848
8181, 2866, -0.00447,  0.01153,  0.13842,  0.28913,  0.58703,  0.32077,  0.40538
8182, 2867, -0.00389,  0.00105,  0.14043,  0.17213,  0.58703,  0.20377,  0.40538
8183, 2865,  0.00456,  0.00186,  0.14221,  0.17213,  0.61799,  0.20377,  0.45848
8184, 2868, -0.01386,  0.00885,  0.13503,  0.28913,  0.57142,  0.32077,  0.3537
8185, 2867, -0.00389,  0.00105,  0.14043,  0.17213,  0.58703,  0.20377,  0.40538
8186, 2866, -0.00447,  0.01153,  0.13842,  0.28913,  0.58703,  0.32077,  0.40538
8187, 2868, -0.01386,  0.00885,  0.13503,  0.28913,  0.57142,  0.32077,  0.3537
8188, 2869, -0.01307,  0.0002,  0.13676,  0.17213,  0.57142,  0.20377,  0.3537
8189, 2867, -0.00389,  0.00105,  0.14043,  0.17213,  0.58703,  0.20377,  0.40538
8190, 2870, -0.02402,  0.00597,  0.13083,  0.28913,  0.56348,  0.32077,  0.30275
8191, 2869, -0.01307,  0.0002,  0.13676,  0.17213,  0.57142,  0.20377,  0.3537
8192, 2868, -0.01386,  0.00885,  0.13503,  0.28913,  0.57142,  0.32077,  0.3537
8193, 2870, -0.02402,  0.00597,  0.13083,  0.28913,  0.56348,  0.32077,  0.30275
8194, 2871, -0.02262, -0.00067,  0.13216,  0.17213,  0.56348,  0.20377,  0.30275
8195, 2869, -0.01307,  0.0002,  0.13676,  0.17213,  0.57142,  0.20377,  0.3537
8196, 2872,  0.06539,  0.03499,  0.10655,  0.28913,  0.99469,  0.76852,  0.99635
8197, 2873,  0.06237,  0.03628,  0.11237,  0.28913,  0.93561,  0.76852,  0.9664
8198, 2874,  0.06385,  0.02029,  0.11967,  0.17213,  0.93561,  0.65152,  0.9664
8199, 2872,  0.06539,  0.03499,  0.10655,  0.28913,  0.99469,  0.76852,  0.99635
8200, 2874,  0.06385,  0.02029,  0.11967,  0.17213,  0.93561,  0.65152,  0.9664
8201, 2875,  0.06494,  0.01997,  0.1135,  0.17213,  0.99469,  0.65152,  0.99635
8202, 2876,  0.05879,  0.03719,  0.11795,  0.28913,  0.88579,  0.76852,  0.93275
8203, 2874,  0.06385,  0.02029,  0.11967,  0.17213,  0.93561,  0.65152,  0.9664
8204, 2873,  0.06237,  0.03628,  0.11237,  0.28913,  0.93561,  0.76852,  0.9664
8205, 2876,  0.05879,  0.03719,  0.11795,  0.28913,  0.88579,  0.76852,  0.93275
8206, 2877,  0.06191,  0.02052,  0.12506,  0.17213,  0.88579,  0.65152,  0.93275
8207, 2874,  0.06385,  0.02029,  0.11967,  0.17213,  0.93561,  0.65152,  0.9664
8208, 2876,  0.05879,  0.03719,  0.11795,  0.28913,  0.88579,  0.76852,  0.93275
8209, 2878,  0.0583,  0.02059,  0.12887,  0.17213,  0.85449,  0.65152,  0.89169
8210, 2877,  0.06191,  0.02052,  0.12506,  0.17213,  0.88579,  0.65152,  0.93275
8211, 2876,  0.05879,  0.03719,  0.11795,  0.28913,  0.88579,  0.76852,  0.93275
8212, 2879,  0.05407,  0.03735,  0.12302,  0.28913,  0.85449,  0.76852,  0.89169
8213, 2878,  0.0583,  0.02059,  0.12887,  0.17213,  0.85449,  0.65152,  0.89169
8214, 2880,  0.04845,  0.03711,  0.12723,  0.28913,  0.83238,  0.76852,  0.84495
8215, 2878,  0.0583,  0.02059,  0.12887,  0.17213,  0.85449,  0.65152,  0.89169
8216, 2879,  0.05407,  0.03735,  0.12302,  0.28913,  0.85449,  0.76852,  0.89169
8217, 2880,  0.04845,  0.03711,  0.12723,  0.28913,  0.83238,  0.76852,  0.84495
8218, 2881,  0.05326,  0.0204,  0.13169,  0.17213,  0.83238,  0.65152,  0.84495
8219, 2878,  0.0583,  0.02059,  0.12887,  0.17213,  0.85449,  0.65152,  0.89169
8220, 2880,  0.04845,  0.03711,  0.12723,  0.28913,  0.83238,  0.76852,  0.84495
8221, 2882,  0.04707,  0.01985,  0.13407,  0.17213,  0.81013,  0.65152,  0.79423
8222, 2881,  0.05326,  0.0204,  0.13169,  0.17213,  0.83238,  0.65152,  0.84495
8223, 2880,  0.04845,  0.03711,  0.12723,  0.28913,  0.83238,  0.76852,  0.84495
8224, 2883,  0.04218,  0.03686,  0.1302,  0.28913,  0.81013,  0.76852,  0.79423
8225, 2882,  0.04707,  0.01985,  0.13407,  0.17213,  0.81013,  0.65152,  0.79423
8226, 2884,  0.03548,  0.03641,  0.1324,  0.28913,  0.78572,  0.76852,  0.74023
8227, 2882,  0.04707,  0.01985,  0.13407,  0.17213,  0.81013,  0.65152,  0.79423
8228, 2883,  0.04218,  0.03686,  0.1302,  0.28913,  0.81013,  0.76852,  0.79423
8229, 2884,  0.03548,  0.03641,  0.1324,  0.28913,  0.78572,  0.76852,  0.74023
8230, 2885,  0.04021,  0.01891,  0.13624,  0.17213,  0.78572,  0.65152,  0.74023
8231, 2882,  0.04707,  0.01985,  0.13407,  0.17213,  0.81013,  0.65152,  0.79423
8232, 2884,  0.03548,  0.03641,  0.1324,  0.28913,  0.78572,  0.76852,  0.74023
8233, 2886,  0.03315,  0.01751,  0.13839,  0.17213,  0.75714,  0.65151,  0.68365
8234, 2885,  0.04021,  0.01891,  0.13624,  0.17213,  0.78572,  0.65152,  0.74023
8235, 2884,  0.03548,  0.03641,  0.1324,  0.28913,  0.78572,  0.76852,  0.74023
8236, 2887,  0.02859,  0.0356,  0.13426,  0.28913,  0.75714,  0.76852,  0.68365
8237, 2886,  0.03315,  0.01751,  0.13839,  0.17213,  0.75714,  0.65151,  0.68365
8238, 2888,  0.02595,  0.01573,  0.14028,  0.17213,  0.72552,  0.65151,  0.62824
8239, 2886,  0.03315,  0.01751,  0.13839,  0.17213,  0.75714,  0.65151,  0.68365
8240, 2887,  0.02859,  0.0356,  0.13426,  0.28913,  0.75714,  0.76852,  0.68365
8241, 2888,  0.02595,  0.01573,  0.14028,  0.17213,  0.72552,  0.65151,  0.62824
8242, 2887,  0.02859,  0.0356,  0.13426,  0.28913,  0.75714,  0.76852,  0.68365
8243, 2889,  0.02165,  0.03416,  0.13572,  0.28913,  0.72552,  0.76852,  0.62824
8244, 2889,  0.02165,  0.03416,  0.13572,  0.28913,  0.72552,  0.76852,  0.62824
8245, 2890,  0.01863,  0.01363,  0.14162,  0.17213,  0.69197,  0.65151,  0.57772
8246, 2888,  0.02595,  0.01573,  0.14028,  0.17213,  0.72552,  0.65151,  0.62824
8247, 2889,  0.02165,  0.03416,  0.13572,  0.28913,  0.72552,  0.76852,  0.62824
8248, 2891,  0.0148,  0.0318,  0.13669,  0.28913,  0.69197,  0.76852,  0.57772
8249, 2890,  0.01863,  0.01363,  0.14162,  0.17213,  0.69197,  0.65151,  0.57772
8250, 2892,  0.00812,  0.02867,  0.13708,  0.28913,  0.65673,  0.76852,  0.52863
8251, 2890,  0.01863,  0.01363,  0.14162,  0.17213,  0.69197,  0.65151,  0.57772
8252, 2891,  0.0148,  0.0318,  0.13669,  0.28913,  0.69197,  0.76852,  0.57772
8253, 2892,  0.00812,  0.02867,  0.13708,  0.28913,  0.65673,  0.76852,  0.52863
8254, 2893,  0.01125,  0.01126,  0.14224,  0.17213,  0.65673,  0.65151,  0.52863
8255, 2890,  0.01863,  0.01363,  0.14162,  0.17213,  0.69197,  0.65151,  0.57772
8256, 2892,  0.00812,  0.02867,  0.13708,  0.28913,  0.65673,  0.76852,  0.52863
8257, 2894,  0.00383,  0.00865,  0.14197,  0.17213,  0.62002,  0.65151,  0.47749
8258, 2893,  0.01125,  0.01126,  0.14224,  0.17213,  0.65673,  0.65151,  0.52863
8259, 2892,  0.00812,  0.02867,  0.13708,  0.28913,  0.65673,  0.76852,  0.52863
8260, 2895,  0.00175,  0.02494,  0.13678,  0.28913,  0.62002,  0.76852,  0.47749
8261, 2894,  0.00383,  0.00865,  0.14197,  0.17213,  0.62002,  0.65151,  0.47749
8262, 2896, -0.00532,  0.02037,  0.13563,  0.28913,  0.58954,  0.76852,  0.42506
8263, 2894,  0.00383,  0.00865,  0.14197,  0.17213,  0.62002,  0.65151,  0.47749
8264, 2895,  0.00175,  0.02494,  0.13678,  0.28913,  0.62002,  0.76852,  0.47749
8265, 2896, -0.00532,  0.02037,  0.13563,  0.28913,  0.58954,  0.76852,  0.42506
8266, 2897, -0.0041,  0.00604,  0.14028,  0.17213,  0.58954,  0.65151,  0.42506
8267, 2894,  0.00383,  0.00865,  0.14197,  0.17213,  0.62002,  0.65151,  0.47749
8268, 2896, -0.00532,  0.02037,  0.13563,  0.28913,  0.58954,  0.76852,  0.42506
8269, 2898, -0.01303,  0.00364,  0.13665,  0.17213,  0.57302,  0.65151,  0.37212
8270, 2897, -0.0041,  0.00604,  0.14028,  0.17213,  0.58954,  0.65151,  0.42506
8271, 2896, -0.00532,  0.02037,  0.13563,  0.28913,  0.58954,  0.76852,  0.42506
8272, 2899, -0.01407,  0.01472,  0.13344,  0.28913,  0.57302,  0.76852,  0.37212
8273, 2898, -0.01303,  0.00364,  0.13665,  0.17213,  0.57302,  0.65151,  0.37212
8274, 2900, -0.02367,  0.00854,  0.13073,  0.28913,  0.56348,  0.76852,  0.31893
8275, 2898, -0.01303,  0.00364,  0.13665,  0.17213,  0.57302,  0.65151,  0.37212
8276, 2899, -0.01407,  0.01472,  0.13344,  0.28913,  0.57302,  0.76852,  0.37212
8277, 2900, -0.02367,  0.00854,  0.13073,  0.28913,  0.56348,  0.76852,  0.31893
8278, 2901, -0.02247,  0.00135,  0.13205,  0.17213,  0.56348,  0.65151,  0.31893
8279, 2898, -0.01303,  0.00364,  0.13665,  0.17213,  0.57302,  0.65151,  0.37212
8280, 2902,  0.05621,  0.04763,  0.11094,  0.28913,  0.90105,  0.32077,  0.88646
8281, 2903,  0.05917,  0.03311,  0.11967,  0.17213,  0.90105,  0.20377,  0.88646
8282, 2904,  0.06223,  0.02997,  0.11462,  0.17213,  0.94434,  0.20377,  0.93229
8283, 2902,  0.05621,  0.04763,  0.11094,  0.28913,  0.90105,  0.32077,  0.88646
8284, 2904,  0.06223,  0.02997,  0.11462,  0.17213,  0.94434,  0.20377,  0.93229
8285, 2905,  0.06097,  0.04384,  0.10727,  0.28913,  0.94434,  0.32077,  0.93229
8286, 2905,  0.06097,  0.04384,  0.10727,  0.28913,  0.94434,  0.32077,  0.93229
8287, 2904,  0.06223,  0.02997,  0.11462,  0.17213,  0.94434,  0.20377,  0.93229
8288, 2906,  0.06449,  0.02629,  0.10921,  0.17213,  0.99469,  0.20377,  0.97917
8289, 2905,  0.06097,  0.04384,  0.10727,  0.28913,  0.94434,  0.32077,  0.93229
8290, 2906,  0.06449,  0.02629,  0.10921,  0.17213,  0.99469,  0.20377,  0.97917
8291, 2907,  0.06514,  0.03961,  0.10365,  0.28913,  0.99469,  0.32077,  0.97917
8292, 2908,  0.05031,  0.05055,  0.11474,  0.28913,  0.87187,  0.32077,  0.84271
8293, 2903,  0.05917,  0.03311,  0.11967,  0.17213,  0.90105,  0.20377,  0.88646
8294, 2902,  0.05621,  0.04763,  0.11094,  0.28913,  0.90105,  0.32077,  0.88646
8295, 2908,  0.05031,  0.05055,  0.11474,  0.28913,  0.87187,  0.32077,  0.84271
8296, 2909,  0.05448,  0.03519,  0.12399,  0.17213,  0.87187,  0.20377,  0.84271
8297, 2903,  0.05917,  0.03311,  0.11967,  0.17213,  0.90105,  0.20377,  0.88646
8298, 2910,  0.04355,  0.05235,  0.11812,  0.28913,  0.84896,  0.32077,  0.79955
8299, 2909,  0.05448,  0.03519,  0.12399,  0.17213,  0.87187,  0.20377,  0.84271
8300, 2908,  0.05031,  0.05055,  0.11474,  0.28913,  0.87187,  0.32077,  0.84271
8301, 2910,  0.04355,  0.05235,  0.11812,  0.28913,  0.84896,  0.32077,  0.79955
8302, 2911,  0.04868,  0.03628,  0.12757,  0.17213,  0.84896,  0.20377,  0.79955
8303, 2909,  0.05448,  0.03519,  0.12399,  0.17213,  0.87187,  0.20377,  0.84271
8304, 2912,  0.03624,  0.05277,  0.12054,  0.28913,  0.82449,  0.32077,  0.75547
8305, 2911,  0.04868,  0.03628,  0.12757,  0.17213,  0.84896,  0.20377,  0.79955
8306, 2910,  0.04355,  0.05235,  0.11812,  0.28913,  0.84896,  0.32077,  0.79955
8307, 2912,  0.03624,  0.05277,  0.12054,  0.28913,  0.82449,  0.32077,  0.75547
8308, 2913,  0.04228,  0.03648,  0.13042,  0.17213,  0.82449,  0.20377,  0.75547
8309, 2911,  0.04868,  0.03628,  0.12757,  0.17213,  0.84896,  0.20377,  0.79955
8310, 2914,  0.02865,  0.05208,  0.12238,  0.28913,  0.79753,  0.32077,  0.71092
8311, 2913,  0.04228,  0.03648,  0.13042,  0.17213,  0.82449,  0.20377,  0.75547
8312, 2912,  0.03624,  0.05277,  0.12054,  0.28913,  0.82449,  0.32077,  0.75547
8313, 2914,  0.02865,  0.05208,  0.12238,  0.28913,  0.79753,  0.32077,  0.71092
8314, 2915,  0.03556,  0.03597,  0.13279,  0.17213,  0.79753,  0.20377,  0.71092
8315, 2913,  0.04228,  0.03648,  0.13042,  0.17213,  0.82449,  0.20377,  0.75547
8316, 2916,  0.02105,  0.05056,  0.12397,  0.28913,  0.7672,  0.32077,  0.66633
8317, 2915,  0.03556,  0.03597,  0.13279,  0.17213,  0.79753,  0.20377,  0.71092
8318, 2914,  0.02865,  0.05208,  0.12238,  0.28913,  0.79753,  0.32077,  0.71092
8319, 2916,  0.02105,  0.05056,  0.12397,  0.28913,  0.7672,  0.32077,  0.66633
8320, 2917,  0.02877,  0.03495,  0.13492,  0.17213,  0.7672,  0.20377,  0.66633
8321, 2915,  0.03556,  0.03597,  0.13279,  0.17213,  0.79753,  0.20377,  0.71092
8322, 2918,  0.01363,  0.04806,  0.12525,  0.28913,  0.73431,  0.32077,  0.62051
8323, 2917,  0.02877,  0.03495,  0.13492,  0.17213,  0.7672,  0.20377,  0.66633
8324, 2916,  0.02105,  0.05056,  0.12397,  0.28913,  0.7672,  0.32077,  0.66633
8325, 2918,  0.01363,  0.04806,  0.12525,  0.28913,  0.73431,  0.32077,  0.62051
8326, 2919,  0.02194,  0.03331,  0.1366,  0.17213,  0.73431,  0.20377,  0.62051
8327, 2917,  0.02877,  0.03495,  0.13492,  0.17213,  0.7672,  0.20377,  0.66633
8328, 2920,  0.00655,  0.04443,  0.12613,  0.28913,  0.69967,  0.32077,  0.57225
8329, 2919,  0.02194,  0.03331,  0.1366,  0.17213,  0.73431,  0.20377,  0.62051
8330, 2918,  0.01363,  0.04806,  0.12525,  0.28913,  0.73431,  0.32077,  0.62051
8331, 2920,  0.00655,  0.04443,  0.12613,  0.28913,  0.69967,  0.32077,  0.57225
8332, 2921,  0.01509,  0.03092,  0.1376,  0.17213,  0.69967,  0.20377,  0.57225
8333, 2919,  0.02194,  0.03331,  0.1366,  0.17213,  0.73431,  0.20377,  0.62051
8334, 2922,  0.00002,  0.03964,  0.12688,  0.28913,  0.66336,  0.32077,  0.52168
8335, 2921,  0.01509,  0.03092,  0.1376,  0.17213,  0.69967,  0.20377,  0.57225
8336, 2920,  0.00655,  0.04443,  0.12613,  0.28913,  0.69967,  0.32077,  0.57225
8337, 2922,  0.00002,  0.03964,  0.12688,  0.28913,  0.66336,  0.32077,  0.52168
8338, 2923,  0.0084,  0.02777,  0.13799,  0.17213,  0.66336,  0.20377,  0.52168
8339, 2921,  0.01509,  0.03092,  0.1376,  0.17213,  0.69967,  0.20377,  0.57225
8340, 2924, -0.00575,  0.03368,  0.12778,  0.28913,  0.62547,  0.32077,  0.4689
8341, 2923,  0.0084,  0.02777,  0.13799,  0.17213,  0.66336,  0.20377,  0.52168
8342, 2922,  0.00002,  0.03964,  0.12688,  0.28913,  0.66336,  0.32077,  0.52168
8343, 2924, -0.00575,  0.03368,  0.12778,  0.28913,  0.62547,  0.32077,  0.4689
8344, 2925,  0.00207,  0.02388,  0.13785,  0.17213,  0.62547,  0.20377,  0.4689
8345, 2923,  0.0084,  0.02777,  0.13799,  0.17213,  0.66336,  0.20377,  0.52168
8346, 2926, -0.01181,  0.02687,  0.12841,  0.28913,  0.59355,  0.32077,  0.41445
8347, 2925,  0.00207,  0.02388,  0.13785,  0.17213,  0.62547,  0.20377,  0.4689
8348, 2924, -0.00575,  0.03368,  0.12778,  0.28913,  0.62547,  0.32077,  0.4689
8349, 2926, -0.01181,  0.02687,  0.12841,  0.28913,  0.59355,  0.32077,  0.41445
8350, 2927, -0.00479,  0.01909,  0.13687,  0.17213,  0.59355,  0.20377,  0.41445
8351, 2925,  0.00207,  0.02388,  0.13785,  0.17213,  0.62547,  0.20377,  0.4689
8352, 2928, -0.01917,  0.01953,  0.12834,  0.28913,  0.57514,  0.32077,  0.35888
8353, 2927, -0.00479,  0.01909,  0.13687,  0.17213,  0.59355,  0.20377,  0.41445
8354, 2926, -0.01181,  0.02687,  0.12841,  0.28913,  0.59355,  0.32077,  0.41445
8355, 2928, -0.01917,  0.01953,  0.12834,  0.28913,  0.57514,  0.32077,  0.35888
8356, 2929, -0.01307,  0.01326,  0.13474,  0.17213,  0.57514,  0.20377,  0.35888
8357, 2927, -0.00479,  0.01909,  0.13687,  0.17213,  0.59355,  0.20377,  0.41445
8358, 2930, -0.02719,  0.01191,  0.12793,  0.28913,  0.56348,  0.32077,  0.30275
8359, 2929, -0.01307,  0.01326,  0.13474,  0.17213,  0.57514,  0.20377,  0.35888
8360, 2928, -0.01917,  0.01953,  0.12834,  0.28913,  0.57514,  0.32077,  0.35888
8361, 2930, -0.02719,  0.01191,  0.12793,  0.28913,  0.56348,  0.32077,  0.30275
8362, 2931, -0.02205,  0.00691,  0.13203,  0.17213,  0.56348,  0.20377,  0.30275
8363, 2929, -0.01307,  0.01326,  0.13474,  0.17213,  0.57514,  0.20377,  0.35888
8364, 2932,  0.05426,  0.05723,  0.10142,  0.28913,  0.89106,  0.75401,  0.93649
8365, 2933,  0.05678,  0.04625,  0.11257,  0.17213,  0.89106,  0.63701,  0.93649
8366, 2934,  0.06192,  0.04232,  0.10828,  0.17213,  0.9389,  0.63701,  0.9745
8367, 2932,  0.05426,  0.05723,  0.10142,  0.28913,  0.89106,  0.75401,  0.93649
8368, 2934,  0.06192,  0.04232,  0.10828,  0.17213,  0.9389,  0.63701,  0.9745
8369, 2935,  0.05926,  0.05329,  0.09706,  0.28913,  0.9389,  0.75401,  0.9745
8370, 2935,  0.05926,  0.05329,  0.09706,  0.28913,  0.9389,  0.75401,  0.9745
8371, 2934,  0.06192,  0.04232,  0.10828,  0.17213,  0.9389,  0.63701,  0.9745
8372, 2936,  0.06666,  0.03787,  0.10388,  0.17213,  0.99469,  0.63701,  0.99635
8373, 2935,  0.05926,  0.05329,  0.09706,  0.28913,  0.9389,  0.75401,  0.9745
8374, 2936,  0.06666,  0.03787,  0.10388,  0.17213,  0.99469,  0.63701,  0.99635
8375, 2937,  0.06333,  0.04867,  0.09248,  0.28913,  0.99469,  0.75401,  0.99635
8376, 2938,  0.04739,  0.05983,  0.10535,  0.28913,  0.85912,  0.75401,  0.86616
8377, 2933,  0.05678,  0.04625,  0.11257,  0.17213,  0.89106,  0.63701,  0.93649
8378, 2932,  0.05426,  0.05723,  0.10142,  0.28913,  0.89106,  0.75401,  0.93649
8379, 2938,  0.04739,  0.05983,  0.10535,  0.28913,  0.85912,  0.75401,  0.86616
8380, 2939,  0.05086,  0.04915,  0.11665,  0.17213,  0.85912,  0.63701,  0.86616
8381, 2933,  0.05678,  0.04625,  0.11257,  0.17213,  0.89106,  0.63701,  0.93649
8382, 2940,  0.03963,  0.06107,  0.1088,  0.28913,  0.83472,  0.75401,  0.79001
8383, 2939,  0.05086,  0.04915,  0.11665,  0.17213,  0.85912,  0.63701,  0.86616
8384, 2938,  0.04739,  0.05983,  0.10535,  0.28913,  0.85912,  0.75401,  0.86616
8385, 2940,  0.03963,  0.06107,  0.1088,  0.28913,  0.83472,  0.75401,  0.79001
8386, 2941,  0.0445,  0.05063,  0.12045,  0.17213,  0.83472,  0.63701,  0.79001
8387, 2939,  0.05086,  0.04915,  0.11665,  0.17213,  0.85912,  0.63701,  0.86616
8388, 2942,  0.03193,  0.06093,  0.11173,  0.28913,  0.80947,  0.75401,  0.73456
8389, 2941,  0.0445,  0.05063,  0.12045,  0.17213,  0.83472,  0.63701,  0.79001
8390, 2940,  0.03963,  0.06107,  0.1088,  0.28913,  0.83472,  0.75401,  0.79001
8391, 2942,  0.03193,  0.06093,  0.11173,  0.28913,  0.80947,  0.75401,  0.73456
8392, 2943,  0.038,  0.05034,  0.12394,  0.17213,  0.80947,  0.63701,  0.73456
8393, 2941,  0.0445,  0.05063,  0.12045,  0.17213,  0.83472,  0.63701,  0.79001
8394, 2944,  0.02441,  0.05943,  0.11442,  0.28913,  0.78177,  0.75401,  0.68895
8395, 2943,  0.038,  0.05034,  0.12394,  0.17213,  0.80947,  0.63701,  0.73456
8396, 2942,  0.03193,  0.06093,  0.11173,  0.28913,  0.80947,  0.75401,  0.73456
8397, 2944,  0.02441,  0.05943,  0.11442,  0.28913,  0.78177,  0.75401,  0.68895
8398, 2945,  0.03135,  0.04876,  0.12708,  0.17213,  0.78177,  0.63701,  0.68895
8399, 2943,  0.038,  0.05034,  0.12394,  0.17213,  0.80947,  0.63701,  0.73456
8400, 2946,  0.01716,  0.05657,  0.11712,  0.28913,  0.74998,  0.75401,  0.64234
8401, 2945,  0.03135,  0.04876,  0.12708,  0.17213,  0.78177,  0.63701,  0.68895
8402, 2944,  0.02441,  0.05943,  0.11442,  0.28913,  0.78177,  0.75401,  0.68895
8403, 2946,  0.01716,  0.05657,  0.11712,  0.28913,  0.74998,  0.75401,  0.64234
8404, 2947,  0.0245,  0.0464,  0.12984,  0.17213,  0.74998,  0.63701,  0.64234
8405, 2945,  0.03135,  0.04876,  0.12708,  0.17213,  0.78177,  0.63701,  0.68895
8406, 2948,  0.01025,  0.05268,  0.11963,  0.28913,  0.71618,  0.75401,  0.59525
8407, 2947,  0.0245,  0.0464,  0.12984,  0.17213,  0.74998,  0.63701,  0.64234
8408, 2946,  0.01716,  0.05657,  0.11712,  0.28913,  0.74998,  0.75401,  0.64234
8409, 2948,  0.01025,  0.05268,  0.11963,  0.28913,  0.71618,  0.75401,  0.59525
8410, 2949,  0.01771,  0.04314,  0.13214,  0.17213,  0.71618,  0.63701,  0.59525
8411, 2947,  0.0245,  0.0464,  0.12984,  0.17213,  0.74998,  0.63701,  0.64234
8412, 2950,  0.00375,  0.04808,  0.12173,  0.28913,  0.68244,  0.75401,  0.54826
8413, 2949,  0.01771,  0.04314,  0.13214,  0.17213,  0.71618,  0.63701,  0.59525
8414, 2948,  0.01025,  0.05268,  0.11963,  0.28913,  0.71618,  0.75401,  0.59525
8415, 2950,  0.00375,  0.04808,  0.12173,  0.28913,  0.68244,  0.75401,  0.54826
8416, 2951,  0.01124,  0.03886,  0.13392,  0.17213,  0.68244,  0.63701,  0.54826
8417, 2949,  0.01771,  0.04314,  0.13214,  0.17213,  0.71618,  0.63701,  0.59525
8418, 2952, -0.00234,  0.04251,  0.12355,  0.28913,  0.6484,  0.75401,  0.50083
8419, 2951,  0.01124,  0.03886,  0.13392,  0.17213,  0.68244,  0.63701,  0.54826
8420, 2950,  0.00375,  0.04808,  0.12173,  0.28913,  0.68244,  0.75401,  0.54826
8421, 2952, -0.00234,  0.04251,  0.12355,  0.28913,  0.6484,  0.75401,  0.50083
8422, 2953,  0.00504,  0.03381,  0.13514,  0.17213,  0.6484,  0.63701,  0.50083
8423, 2951,  0.01124,  0.03886,  0.13392,  0.17213,  0.68244,  0.63701,  0.54826
8424, 2954, -0.00801,  0.03568,  0.12521,  0.28913,  0.61369,  0.75401,  0.45248
8425, 2953,  0.00504,  0.03381,  0.13514,  0.17213,  0.6484,  0.63701,  0.50083
8426, 2952, -0.00234,  0.04251,  0.12355,  0.28913,  0.6484,  0.75401,  0.50083
8427, 2954, -0.00801,  0.03568,  0.12521,  0.28913,  0.61369,  0.75401,  0.45248
8428, 2955, -0.00095,  0.02819,  0.13578,  0.17213,  0.61369,  0.63701,  0.45248
8429, 2953,  0.00504,  0.03381,  0.13514,  0.17213,  0.6484,  0.63701,  0.50083
8430, 2956, -0.01334,  0.02815,  0.12681,  0.28913,  0.58551,  0.75401,  0.40325
8431, 2955, -0.00095,  0.02819,  0.13578,  0.17213,  0.61369,  0.63701,  0.45248
8432, 2954, -0.00801,  0.03568,  0.12521,  0.28913,  0.61369,  0.75401,  0.45248
8433, 2956, -0.01334,  0.02815,  0.12681,  0.28913,  0.58551,  0.75401,  0.40325
8434, 2957, -0.00666,  0.02204,  0.13592,  0.17213,  0.58551,  0.63701,  0.40325
8435, 2955, -0.00095,  0.02819,  0.13578,  0.17213,  0.61369,  0.63701,  0.45248
8436, 2958, -0.01839,  0.02046,  0.12841,  0.28913,  0.57106,  0.75401,  0.3532
8437, 2957, -0.00666,  0.02204,  0.13592,  0.17213,  0.58551,  0.63701,  0.40325
8438, 2956, -0.01334,  0.02815,  0.12681,  0.28913,  0.58551,  0.75401,  0.40325
8439, 2958, -0.01839,  0.02046,  0.12841,  0.28913,  0.57106,  0.75401,  0.3532
8440, 2959, -0.01198,  0.0154,  0.13565,  0.17213,  0.57106,  0.63701,  0.3532
8441, 2957, -0.00666,  0.02204,  0.13592,  0.17213,  0.58551,  0.63701,  0.40325
8442, 2960, -0.02331,  0.01269,  0.13003,  0.28913,  0.56348,  0.75401,  0.30275
8443, 2959, -0.01198,  0.0154,  0.13565,  0.17213,  0.57106,  0.63701,  0.3532
8444, 2958, -0.01839,  0.02046,  0.12841,  0.28913,  0.57106,  0.75401,  0.3532
8445, 2960, -0.02331,  0.01269,  0.13003,  0.28913,  0.56348,  0.75401,  0.30275
8446, 2961, -0.01711,  0.00851,  0.13517,  0.17213,  0.56348,  0.63701,  0.30275
8447, 2959, -0.01198,  0.0154,  0.13565,  0.17213,  0.57106,  0.63701,  0.3532
8448, 2962,  0.04745,  0.06398,  0.08946,  0.27765,  0.87807,  0.78533,  0.91202
8449, 2963,  0.05479,  0.05551,  0.10285,  0.16064,  0.87807,  0.66833,  0.91202
8450, 2964,  0.06003,  0.05125,  0.09883,  0.16064,  0.93103,  0.66833,  0.96371
8451, 2962,  0.04745,  0.06398,  0.08946,  0.27765,  0.87807,  0.78533,  0.91202
8452, 2964,  0.06003,  0.05125,  0.09883,  0.16064,  0.93103,  0.66833,  0.96371
8453, 2965,  0.05444,  0.06003,  0.08591,  0.27765,  0.93103,  0.78533,  0.96371
8454, 2965,  0.05444,  0.06003,  0.08591,  0.27765,  0.93103,  0.78533,  0.96371
8455, 2964,  0.06003,  0.05125,  0.09883,  0.16064,  0.93103,  0.66833,  0.96371
8456, 2966,  0.06437,  0.04638,  0.09458,  0.16064,  0.99444,  0.66833,  0.99635
8457, 2965,  0.05444,  0.06003,  0.08591,  0.27765,  0.93103,  0.78533,  0.96371
8458, 2966,  0.06437,  0.04638,  0.09458,  0.16064,  0.99444,  0.66833,  0.99635
8459, 2967,  0.06005,  0.05534,  0.08223,  0.27765,  0.99444,  0.78533,  0.99635
8460, 2968,  0.03769,  0.06645,  0.09277,  0.27765,  0.84603,  0.78533,  0.82224
8461, 2963,  0.05479,  0.05551,  0.10285,  0.16064,  0.87807,  0.66833,  0.91202
8462, 2962,  0.04745,  0.06398,  0.08946,  0.27765,  0.87807,  0.78533,  0.91202
8463, 2968,  0.03769,  0.06645,  0.09277,  0.27765,  0.84603,  0.78533,  0.82224
8464, 2969,  0.04773,  0.05853,  0.10643,  0.16064,  0.84603,  0.66833,  0.82224
8465, 2963,  0.05479,  0.05551,  0.10285,  0.16064,  0.87807,  0.66833,  0.91202
8466, 2970,  0.02729,  0.06747,  0.0959,  0.27765,  0.82432,  0.78533,  0.72955
8467, 2969,  0.04773,  0.05853,  0.10643,  0.16064,  0.84603,  0.66833,  0.82224
8468, 2968,  0.03769,  0.06645,  0.09277,  0.27765,  0.84603,  0.78533,  0.82224
8469, 2970,  0.02729,  0.06747,  0.0959,  0.27765,  0.82432,  0.78533,  0.72955
8470, 2971,  0.03986,  0.06014,  0.10959,  0.16064,  0.82432,  0.66833,  0.72955
8471, 2969,  0.04773,  0.05853,  0.10643,  0.16064,  0.84603,  0.66833,  0.82224
8472, 2972,  0.01838,  0.06709,  0.09892,  0.27765,  0.80237,  0.78533,  0.66908
8473, 2971,  0.03986,  0.06014,  0.10959,  0.16064,  0.82432,  0.66833,  0.72955
8474, 2970,  0.02729,  0.06747,  0.0959,  0.27765,  0.82432,  0.78533,  0.72955
8475, 2972,  0.01838,  0.06709,  0.09892,  0.27765,  0.80237,  0.78533,  0.66908
8476, 2973,  0.03216,  0.06018,  0.11237,  0.16064,  0.80237,  0.66833,  0.66908
8477, 2971,  0.03986,  0.06014,  0.10959,  0.16064,  0.82432,  0.66833,  0.72955
8478, 2974,  0.01091,  0.06563,  0.10196,  0.27765,  0.77811,  0.78533,  0.62396
8479, 2973,  0.03216,  0.06018,  0.11237,  0.16064,  0.80237,  0.66833,  0.66908
8480, 2972,  0.01838,  0.06709,  0.09892,  0.27765,  0.80237,  0.78533,  0.66908
8481, 2974,  0.01091,  0.06563,  0.10196,  0.27765,  0.77811,  0.78533,  0.62396
8482, 2975,  0.02477,  0.05875,  0.11497,  0.16064,  0.77811,  0.66833,  0.62396
8483, 2973,  0.03216,  0.06018,  0.11237,  0.16064,  0.80237,  0.66833,  0.66908
8484, 2976,  0.00484,  0.0634,  0.1052,  0.27765,  0.7495,  0.78533,  0.5773
8485, 2975,  0.02477,  0.05875,  0.11497,  0.16064,  0.77811,  0.66833,  0.62396
8486, 2974,  0.01091,  0.06563,  0.10196,  0.27765,  0.77811,  0.78533,  0.62396
8487, 2976,  0.00484,  0.0634,  0.1052,  0.27765,  0.7495,  0.78533,  0.5773
8488, 2977,  0.01781,  0.05595,  0.1176,  0.16064,  0.7495,  0.66833,  0.5773
8489, 2975,  0.02477,  0.05875,  0.11497,  0.16064,  0.77811,  0.66833,  0.62396
8490, 2978, -0.00059,  0.05992,  0.10842,  0.27765,  0.71849,  0.78533,  0.52953
8491, 2977,  0.01781,  0.05595,  0.1176,  0.16064,  0.7495,  0.66833,  0.5773
8492, 2976,  0.00484,  0.0634,  0.1052,  0.27765,  0.7495,  0.78533,  0.5773
8493, 2978, -0.00059,  0.05992,  0.10842,  0.27765,  0.71849,  0.78533,  0.52953
8494, 2979,  0.01116,  0.05208,  0.12014,  0.16064,  0.71849,  0.66833,  0.52953
8495, 2977,  0.01781,  0.05595,  0.1176,  0.16064,  0.7495,  0.66833,  0.5773
8496, 2980, -0.00614,  0.05472,  0.11144,  0.27765,  0.68707,  0.78533,  0.48112
8497, 2979,  0.01116,  0.05208,  0.12014,  0.16064,  0.71849,  0.66833,  0.52953
8498, 2978, -0.00059,  0.05992,  0.10842,  0.27765,  0.71849,  0.78533,  0.52953
8499, 2980, -0.00614,  0.05472,  0.11144,  0.27765,  0.68707,  0.78533,  0.48112
8500, 2981,  0.00467,  0.0474,  0.12251,  0.16064,  0.68707,  0.66833,  0.48112
8501, 2979,  0.01116,  0.05208,  0.12014,  0.16064,  0.71849,  0.66833,  0.52953
8502, 2982, -0.0114,  0.04833,  0.11425,  0.27765,  0.65541,  0.78533,  0.43234
8503, 2981,  0.00467,  0.0474,  0.12251,  0.16064,  0.68707,  0.66833,  0.48112
8504, 2980, -0.00614,  0.05472,  0.11144,  0.27765,  0.68707,  0.78533,  0.48112
8505, 2982, -0.0114,  0.04833,  0.11425,  0.27765,  0.65541,  0.78533,  0.43234
8506, 2983, -0.00133,  0.04178,  0.1246,  0.16064,  0.65541,  0.66833,  0.43234
8507, 2981,  0.00467,  0.0474,  0.12251,  0.16064,  0.68707,  0.66833,  0.48112
8508, 2984, -0.01594,  0.04123,  0.11685,  0.27765,  0.62371,  0.78533,  0.38351
8509, 2983, -0.00133,  0.04178,  0.1246,  0.16064,  0.65541,  0.66833,  0.43234
8510, 2982, -0.0114,  0.04833,  0.11425,  0.27765,  0.65541,  0.78533,  0.43234
8511, 2984, -0.01594,  0.04123,  0.11685,  0.27765,  0.62371,  0.78533,  0.38351
8512, 2985, -0.0065,  0.03507,  0.12635,  0.16064,  0.62371,  0.66833,  0.38351
8513, 2983, -0.00133,  0.04178,  0.1246,  0.16064,  0.65541,  0.66833,  0.43234
8514, 2986, -0.0202,  0.03363,  0.11914,  0.27765,  0.59635,  0.78533,  0.33459
8515, 2985, -0.0065,  0.03507,  0.12635,  0.16064,  0.62371,  0.66833,  0.38351
8516, 2984, -0.01594,  0.04123,  0.11685,  0.27765,  0.62371,  0.78533,  0.38351
8517, 2986, -0.0202,  0.03363,  0.11914,  0.27765,  0.59635,  0.78533,  0.33459
8518, 2987, -0.01137,  0.02786,  0.1278,  0.16064,  0.59635,  0.66833,  0.33459
8519, 2985, -0.0065,  0.03507,  0.12635,  0.16064,  0.62371,  0.66833,  0.38351
8520, 2988, -0.02458,  0.02572,  0.12105,  0.27765,  0.57773,  0.78533,  0.2856
8521, 2987, -0.01137,  0.02786,  0.1278,  0.16064,  0.59635,  0.66833,  0.33459
8522, 2986, -0.0202,  0.03363,  0.11914,  0.27765,  0.59635,  0.78533,  0.33459
8523, 2988, -0.02458,  0.02572,  0.12105,  0.27765,  0.57773,  0.78533,  0.2856
8524, 2989, -0.01648,  0.02076,  0.12899,  0.16064,  0.57773,  0.66833,  0.2856
8525, 2987, -0.01137,  0.02786,  0.1278,  0.16064,  0.59635,  0.66833,  0.33459
8526, 2990, -0.02903,  0.01766,  0.12277,  0.27765,  0.56348,  0.78533,  0.23656
8527, 2989, -0.01648,  0.02076,  0.12899,  0.16064,  0.57773,  0.66833,  0.2856
8528, 2988, -0.02458,  0.02572,  0.12105,  0.27765,  0.57773,  0.78533,  0.2856
8529, 2990, -0.02903,  0.01766,  0.12277,  0.27765,  0.56348,  0.78533,  0.23656
8530, 2991, -0.02169,  0.01371,  0.13004,  0.16064,  0.56348,  0.66833,  0.23656
8531, 2989, -0.01648,  0.02076,  0.12899,  0.16064,  0.57773,  0.66833,  0.2856
8532, 2992, -0.03422, -0.03648,  0.00554,  0.21076,  0.84129,  0.20377,  0.80085
8533, 2993, -0.02793, -0.03247, -0.00471,  0.21076,  0.87931,  0.20377,  0.84697
8534, 2994, -0.02289, -0.04308,  0.00079,  0.32776,  0.87931,  0.32077,  0.84697
8535, 2992, -0.03422, -0.03648,  0.00554,  0.21076,  0.84129,  0.20377,  0.80085
8536, 2994, -0.02289, -0.04308,  0.00079,  0.32776,  0.87931,  0.32077,  0.84697
8537, 2995, -0.0292, -0.04636,  0.01056,  0.32776,  0.84129,  0.32077,  0.80085
8538, 2996, -0.02183, -0.028, -0.01301,  0.21076,  0.91701,  0.20377,  0.89191
8539, 2994, -0.02289, -0.04308,  0.00079,  0.32776,  0.87931,  0.32077,  0.84697
8540, 2993, -0.02793, -0.03247, -0.00471,  0.21076,  0.87931,  0.20377,  0.84697
8541, 2996, -0.02183, -0.028, -0.01301,  0.21076,  0.91701,  0.20377,  0.89191
8542, 2997, -0.01647, -0.03885, -0.00701,  0.32776,  0.91701,  0.32077,  0.89191
8543, 2994, -0.02289, -0.04308,  0.00079,  0.32776,  0.87931,  0.32077,  0.84697
8544, 2992, -0.03422, -0.03648,  0.00554,  0.21076,  0.84129,  0.20377,  0.80085
8545, 2995, -0.0292, -0.04636,  0.01056,  0.32776,  0.84129,  0.32077,  0.80085
8546, 2998, -0.03435, -0.04801,  0.02182,  0.32776,  0.80169,  0.32077,  0.75341
8547, 2992, -0.03422, -0.03648,  0.00554,  0.21076,  0.84129,  0.20377,  0.80085
8548, 2998, -0.03435, -0.04801,  0.02182,  0.32776,  0.80169,  0.32077,  0.75341
8549, 2999, -0.03954, -0.03821,  0.01602,  0.21076,  0.80169,  0.20377,  0.75341
8550, 2999, -0.03954, -0.03821,  0.01602,  0.21076,  0.80169,  0.20377,  0.75341
8551, 2998, -0.03435, -0.04801,  0.02182,  0.32776,  0.80169,  0.32077,  0.75341
8552, 3000, -0.03798, -0.04841,  0.03415,  0.32776,  0.76082,  0.32077,  0.70475
8553, 2999, -0.03954, -0.03821,  0.01602,  0.21076,  0.80169,  0.20377,  0.75341
8554, 3000, -0.03798, -0.04841,  0.03415,  0.32776,  0.76082,  0.32077,  0.70475
8555, 3001, -0.04332, -0.03836,  0.02746,  0.21076,  0.76082,  0.20377,  0.70475
8556, 3001, -0.04332, -0.03836,  0.02746,  0.21076,  0.76082,  0.20377,  0.70475
8557, 3000, -0.03798, -0.04841,  0.03415,  0.32776,  0.76082,  0.32077,  0.70475
8558, 3002, -0.03975, -0.04797,  0.04711,  0.32776,  0.71901,  0.32077,  0.65495
8559, 3001, -0.04332, -0.03836,  0.02746,  0.21076,  0.76082,  0.20377,  0.70475
8560, 3002, -0.03975, -0.04797,  0.04711,  0.32776,  0.71901,  0.32077,  0.65495
8561, 3003, -0.04502, -0.03765,  0.04059,  0.21076,  0.71901,  0.20377,  0.65495
8562, 3003, -0.04502, -0.03765,  0.04059,  0.21076,  0.71901,  0.20377,  0.65495
8563, 3002, -0.03975, -0.04797,  0.04711,  0.32776,  0.71901,  0.32077,  0.65495
8564, 3004, -0.04028, -0.04673,  0.05971,  0.32776,  0.67575,  0.32077,  0.60345
8565, 3003, -0.04502, -0.03765,  0.04059,  0.21076,  0.71901,  0.20377,  0.65495
8566, 3004, -0.04028, -0.04673,  0.05971,  0.32776,  0.67575,  0.32077,  0.60345
8567, 3005, -0.04545, -0.03652,  0.05385,  0.21076,  0.67575,  0.20377,  0.60345
8568, 3005, -0.04545, -0.03652,  0.05385,  0.21076,  0.67575,  0.20377,  0.60345
8569, 3004, -0.04028, -0.04673,  0.05971,  0.32776,  0.67575,  0.32077,  0.60345
8570, 3006, -0.04022, -0.04477,  0.07093,  0.32776,  0.63059,  0.32077,  0.54967
8571, 3005, -0.04545, -0.03652,  0.05385,  0.21076,  0.67575,  0.20377,  0.60345
8572, 3006, -0.04022, -0.04477,  0.07093,  0.32776,  0.63059,  0.32077,  0.54967
8573, 3007, -0.04544, -0.03541,  0.06569,  0.21076,  0.63059,  0.20377,  0.54967
8574, 3007, -0.04544, -0.03541,  0.06569,  0.21076,  0.63059,  0.20377,  0.54967
8575, 3006, -0.04022, -0.04477,  0.07093,  0.32776,  0.63059,  0.32077,  0.54967
8576, 3008, -0.03934, -0.04217,  0.08059,  0.32776,  0.58513,  0.32077,  0.49553
8577, 3007, -0.04544, -0.03541,  0.06569,  0.21076,  0.63059,  0.20377,  0.54967
8578, 3008, -0.03934, -0.04217,  0.08059,  0.32776,  0.58513,  0.32077,  0.49553
8579, 3009, -0.04471, -0.03382,  0.07628,  0.21076,  0.58513,  0.20377,  0.49553
8580, 3009, -0.04471, -0.03382,  0.07628,  0.21076,  0.58513,  0.20377,  0.49553
8581, 3008, -0.03934, -0.04217,  0.08059,  0.32776,  0.58513,  0.32077,  0.49553
8582, 3010, -0.03742, -0.03903,  0.08854,  0.32776,  0.54096,  0.32077,  0.44294
8583, 3009, -0.04471, -0.03382,  0.07628,  0.21076,  0.58513,  0.20377,  0.49553
8584, 3010, -0.03742, -0.03903,  0.08854,  0.32776,  0.54096,  0.32077,  0.44294
8585, 3011, -0.04296, -0.03126,  0.08575,  0.21076,  0.54096,  0.20377,  0.44294
8586, 3011, -0.04296, -0.03126,  0.08575,  0.21076,  0.54096,  0.20377,  0.44294
8587, 3010, -0.03742, -0.03903,  0.08854,  0.32776,  0.54096,  0.32077,  0.44294
8588, 3012, -0.03498, -0.03562,  0.09563,  0.32776,  0.49744,  0.32077,  0.39112
8589, 3011, -0.04296, -0.03126,  0.08575,  0.21076,  0.54096,  0.20377,  0.44294
8590, 3012, -0.03498, -0.03562,  0.09563,  0.32776,  0.49744,  0.32077,  0.39112
8591, 3013, -0.0407, -0.02822,  0.09466,  0.21076,  0.49744,  0.20377,  0.39112
8592, 2996, -0.02183, -0.028, -0.01301,  0.21076,  0.91701,  0.20377,  0.89191
8593, 3014, -0.0171, -0.02492, -0.01764,  0.21076,  0.95562,  0.20377,  0.9358
8594, 3015, -0.01101, -0.03433, -0.01235,  0.32776,  0.95562,  0.32077,  0.9358
8595, 2996, -0.02183, -0.028, -0.01301,  0.21076,  0.91701,  0.20377,  0.89191
8596, 3015, -0.01101, -0.03433, -0.01235,  0.32776,  0.95562,  0.32077,  0.9358
8597, 2997, -0.01647, -0.03885, -0.00701,  0.32776,  0.91701,  0.32077,  0.89191
8598, 3016, -0.01307, -0.02253, -0.02044,  0.21076,  0.99469,  0.20377,  0.97917
8599, 3015, -0.01101, -0.03433, -0.01235,  0.32776,  0.95562,  0.32077,  0.9358
8600, 3014, -0.0171, -0.02492, -0.01764,  0.21076,  0.95562,  0.20377,  0.9358
8601, 3016, -0.01307, -0.02253, -0.02044,  0.21076,  0.99469,  0.20377,  0.97917
8602, 3017, -0.00604, -0.02968, -0.01646,  0.32776,  0.99469,  0.32077,  0.97917
8603, 3015, -0.01101, -0.03433, -0.01235,  0.32776,  0.95562,  0.32077,  0.9358
8604, 3018, -0.03098, -0.04387,  0.00964,  0.21076,  0.80788,  0.20377,  0.78817
8605, 3019, -0.02428, -0.04071, -0.00002,  0.21076,  0.85215,  0.20377,  0.83378
8606, 3020, -0.01692, -0.05242,  0.00803,  0.32776,  0.85215,  0.32077,  0.83378
8607, 3018, -0.03098, -0.04387,  0.00964,  0.21076,  0.80788,  0.20377,  0.78817
8608, 3020, -0.01692, -0.05242,  0.00803,  0.32776,  0.85215,  0.32077,  0.83378
8609, 3021, -0.02347, -0.0553,  0.01772,  0.32776,  0.80788,  0.32077,  0.78817
8610, 3022, -0.01754, -0.037, -0.00786,  0.21076,  0.90198,  0.20377,  0.88042
8611, 3020, -0.01692, -0.05242,  0.00803,  0.32776,  0.85215,  0.32077,  0.83378
8612, 3019, -0.02428, -0.04071, -0.00002,  0.21076,  0.85215,  0.20377,  0.83378
8613, 3022, -0.01754, -0.037, -0.00786,  0.21076,  0.90198,  0.20377,  0.88042
8614, 3023, -0.00974, -0.04838,  0.00024,  0.32776,  0.90198,  0.32077,  0.88042
8615, 3020, -0.01692, -0.05242,  0.00803,  0.32776,  0.85215,  0.32077,  0.83378
8616, 3018, -0.03098, -0.04387,  0.00964,  0.21076,  0.80788,  0.20377,  0.78817
8617, 3021, -0.02347, -0.0553,  0.01772,  0.32776,  0.80788,  0.32077,  0.78817
8618, 3024, -0.02827, -0.05686,  0.02842,  0.32776,  0.77746,  0.32077,  0.74242
8619, 3018, -0.03098, -0.04387,  0.00964,  0.21076,  0.80788,  0.20377,  0.78817
8620, 3024, -0.02827, -0.05686,  0.02842,  0.32776,  0.77746,  0.32077,  0.74242
8621, 3025, -0.03641, -0.04622,  0.02058,  0.21076,  0.77746,  0.20377,  0.74242
8622, 3025, -0.03641, -0.04622,  0.02058,  0.21076,  0.77746,  0.20377,  0.74242
8623, 3024, -0.02827, -0.05686,  0.02842,  0.32776,  0.77746,  0.32077,  0.74242
8624, 3026, -0.03159, -0.05723,  0.03997,  0.32776,  0.74971,  0.32077,  0.69598
8625, 3025, -0.03641, -0.04622,  0.02058,  0.21076,  0.77746,  0.20377,  0.74242
8626, 3026, -0.03159, -0.05723,  0.03997,  0.32776,  0.74971,  0.32077,  0.69598
8627, 3027, -0.04014, -0.04755,  0.03269,  0.21076,  0.74971,  0.20377,  0.69598
8628, 3027, -0.04014, -0.04755,  0.03269,  0.21076,  0.74971,  0.20377,  0.69598
8629, 3026, -0.03159, -0.05723,  0.03997,  0.32776,  0.74971,  0.32077,  0.69598
8630, 3028, -0.03369, -0.0565,  0.05217,  0.32776,  0.71341,  0.32077,  0.6483
8631, 3027, -0.04014, -0.04755,  0.03269,  0.21076,  0.74971,  0.20377,  0.69598
8632, 3028, -0.03369, -0.0565,  0.05217,  0.32776,  0.71341,  0.32077,  0.6483
8633, 3029, -0.04177, -0.04763,  0.04588,  0.21076,  0.71341,  0.20377,  0.6483
8634, 3029, -0.04177, -0.04763,  0.04588,  0.21076,  0.71341,  0.20377,  0.6483
8635, 3028, -0.03369, -0.0565,  0.05217,  0.32776,  0.71341,  0.32077,  0.6483
8636, 3030, -0.03462, -0.05521,  0.06386,  0.32776,  0.67242,  0.32077,  0.59948
8637, 3029, -0.04177, -0.04763,  0.04588,  0.21076,  0.71341,  0.20377,  0.6483
8638, 3030, -0.03462, -0.05521,  0.06386,  0.32776,  0.67242,  0.32077,  0.59948
8639, 3031, -0.04191, -0.04661,  0.05917,  0.21076,  0.67242,  0.20377,  0.59948
8640, 3031, -0.04191, -0.04661,  0.05917,  0.21076,  0.67242,  0.20377,  0.59948
8641, 3030, -0.03462, -0.05521,  0.06386,  0.32776,  0.67242,  0.32077,  0.59948
8642, 3032, -0.03446, -0.05387,  0.07387,  0.32776,  0.63056,  0.32077,  0.54963
8643, 3031, -0.04191, -0.04661,  0.05917,  0.21076,  0.67242,  0.20377,  0.59948
8644, 3032, -0.03446, -0.05387,  0.07387,  0.32776,  0.63056,  0.32077,  0.54963
8645, 3033, -0.04121, -0.04463,  0.07158,  0.21076,  0.63056,  0.20377,  0.54963
8646, 3033, -0.04121, -0.04463,  0.07158,  0.21076,  0.63056,  0.20377,  0.54963
8647, 3032, -0.03446, -0.05387,  0.07387,  0.32776,  0.63056,  0.32077,  0.54963
8648, 3034, -0.03343, -0.05139,  0.08282,  0.32776,  0.58859,  0.32077,  0.49966
8649, 3033, -0.04121, -0.04463,  0.07158,  0.21076,  0.63056,  0.20377,  0.54963
8650, 3034, -0.03343, -0.05139,  0.08282,  0.32776,  0.58859,  0.32077,  0.49966
8651, 3035, -0.03972, -0.0419,  0.08261,  0.21076,  0.58859,  0.20377,  0.49966
8652, 3035, -0.03972, -0.0419,  0.08261,  0.21076,  0.58859,  0.20377,  0.49966
8653, 3034, -0.03343, -0.05139,  0.08282,  0.32776,  0.58859,  0.32077,  0.49966
8654, 3036, -0.03178, -0.04665,  0.09132,  0.32776,  0.54729,  0.32077,  0.45048
8655, 3035, -0.03972, -0.0419,  0.08261,  0.21076,  0.58859,  0.20377,  0.49966
8656, 3036, -0.03178, -0.04665,  0.09132,  0.32776,  0.54729,  0.32077,  0.45048
8657, 3037, -0.03753, -0.03864,  0.09174,  0.21076,  0.54729,  0.20377,  0.45048
8658, 3037, -0.03753, -0.03864,  0.09174,  0.21076,  0.54729,  0.20377,  0.45048
8659, 3036, -0.03178, -0.04665,  0.09132,  0.32776,  0.54729,  0.32077,  0.45048
8660, 3038, -0.02981, -0.04078,  0.0996,  0.32776,  0.50631,  0.32077,  0.40168
8661, 3037, -0.03753, -0.03864,  0.09174,  0.21076,  0.54729,  0.20377,  0.45048
8662, 3038, -0.02981, -0.04078,  0.0996,  0.32776,  0.50631,  0.32077,  0.40168
8663, 3039, -0.03498, -0.0351,  0.09992,  0.21076,  0.50631,  0.20377,  0.40168
8664, 3022, -0.01754, -0.037, -0.00786,  0.21076,  0.90198,  0.20377,  0.88042
8665, 3040, -0.01203, -0.033, -0.01331,  0.21076,  0.94903,  0.20377,  0.92924
8666, 3041, -0.00301, -0.04329, -0.00479,  0.32776,  0.94903,  0.32077,  0.92924
8667, 3022, -0.01754, -0.037, -0.00786,  0.21076,  0.90198,  0.20377,  0.88042
8668, 3041, -0.00301, -0.04329, -0.00479,  0.32776,  0.94903,  0.32077,  0.92924
8669, 3023, -0.00974, -0.04838,  0.00024,  0.32776,  0.90198,  0.32077,  0.88042
8670, 3042, -0.00713, -0.02885, -0.01757,  0.21076,  0.99469,  0.20377,  0.97917
8671, 3041, -0.00301, -0.04329, -0.00479,  0.32776,  0.94903,  0.32077,  0.92924
8672, 3040, -0.01203, -0.033, -0.01331,  0.21076,  0.94903,  0.20377,  0.92924
8673, 3042, -0.00713, -0.02885, -0.01757,  0.21076,  0.99469,  0.20377,  0.97917
8674, 3043,  0.0035, -0.03768, -0.00844,  0.32776,  0.99469,  0.32077,  0.97917
8675, 3041, -0.00301, -0.04329, -0.00479,  0.32776,  0.94903,  0.32077,  0.92924
8676, 3044, -0.02331, -0.05516,  0.01838,  0.21076,  0.83353,  0.63343,  0.79552
8677, 3045, -0.01561, -0.05424,  0.01107,  0.21076,  0.86165,  0.63343,  0.84158
8678, 3046, -0.00804, -0.06515,  0.02738,  0.32776,  0.86165,  0.75043,  0.84158
8679, 3044, -0.02331, -0.05516,  0.01838,  0.21076,  0.83353,  0.63343,  0.79552
8680, 3046, -0.00804, -0.06515,  0.02738,  0.32776,  0.86165,  0.75043,  0.84158
8681, 3047, -0.01489, -0.06583,  0.03499,  0.32776,  0.83353,  0.75043,  0.79552
8682, 3048, -0.00685, -0.05155,  0.00554,  0.21076,  0.89356,  0.63343,  0.88745
8683, 3046, -0.00804, -0.06515,  0.02738,  0.32776,  0.86165,  0.75043,  0.84158
8684, 3045, -0.01561, -0.05424,  0.01107,  0.21076,  0.86165,  0.63343,  0.84158
8685, 3048, -0.00685, -0.05155,  0.00554,  0.21076,  0.89356,  0.63343,  0.88745
8686, 3049, -0.00065, -0.0625,  0.02127,  0.32776,  0.89356,  0.75043,  0.88745
8687, 3046, -0.00804, -0.06515,  0.02738,  0.32776,  0.86165,  0.75043,  0.84158
8688, 3048, -0.00685, -0.05155,  0.00554,  0.21076,  0.89356,  0.63343,  0.88745
8689, 3050,  0.00673, -0.05743,  0.01672,  0.32776,  0.94039,  0.75043,  0.93331
8690, 3049, -0.00065, -0.0625,  0.02127,  0.32776,  0.89356,  0.75043,  0.88745
8691, 3048, -0.00685, -0.05155,  0.00554,  0.21076,  0.89356,  0.63343,  0.88745
8692, 3051,  0.00223, -0.04627,  0.00153,  0.21076,  0.94039,  0.63343,  0.93331
8693, 3050,  0.00673, -0.05743,  0.01672,  0.32776,  0.94039,  0.75043,  0.93331
8694, 3052,  0.01147, -0.03969, -0.0017,  0.21076,  0.99469,  0.63343,  0.97917
8695, 3050,  0.00673, -0.05743,  0.01672,  0.32776,  0.94039,  0.75043,  0.93331
8696, 3051,  0.00223, -0.04627,  0.00153,  0.21076,  0.94039,  0.63343,  0.93331
8697, 3052,  0.01147, -0.03969, -0.0017,  0.21076,  0.99469,  0.63343,  0.97917
8698, 3053,  0.01412, -0.05115,  0.01295,  0.32776,  0.99469,  0.75043,  0.97917
8699, 3050,  0.00673, -0.05743,  0.01672,  0.32776,  0.94039,  0.75043,  0.93331
8700, 3047, -0.01489, -0.06583,  0.03499,  0.32776,  0.83353,  0.75043,  0.79552
8701, 3054, -0.02925, -0.05512,  0.0277,  0.21076,  0.79805,  0.63343,  0.74908
8702, 3044, -0.02331, -0.05516,  0.01838,  0.21076,  0.83353,  0.63343,  0.79552
8703, 3047, -0.01489, -0.06583,  0.03499,  0.32776,  0.83353,  0.75043,  0.79552
8704, 3055, -0.02066, -0.06499,  0.04403,  0.32776,  0.79805,  0.75043,  0.74908
8705, 3054, -0.02925, -0.05512,  0.0277,  0.21076,  0.79805,  0.63343,  0.74908
8706, 3056, -0.03371, -0.05405,  0.03857,  0.21076,  0.75905,  0.63343,  0.70264
8707, 3054, -0.02925, -0.05512,  0.0277,  0.21076,  0.79805,  0.63343,  0.74908
8708, 3055, -0.02066, -0.06499,  0.04403,  0.32776,  0.79805,  0.75043,  0.74908
8709, 3056, -0.03371, -0.05405,  0.03857,  0.21076,  0.75905,  0.63343,  0.70264
8710, 3055, -0.02066, -0.06499,  0.04403,  0.32776,  0.79805,  0.75043,  0.74908
8711, 3057, -0.02517, -0.06319,  0.05388,  0.32776,  0.75905,  0.75043,  0.70264
8712, 3056, -0.03371, -0.05405,  0.03857,  0.21076,  0.75905,  0.63343,  0.70264
8713, 3057, -0.02517, -0.06319,  0.05388,  0.32776,  0.75905,  0.75043,  0.70264
8714, 3058, -0.02823, -0.061,  0.06393,  0.32776,  0.72039,  0.75043,  0.6566
8715, 3056, -0.03371, -0.05405,  0.03857,  0.21076,  0.75905,  0.63343,  0.70264
8716, 3058, -0.02823, -0.061,  0.06393,  0.32776,  0.72039,  0.75043,  0.6566
8717, 3059, -0.03695, -0.05187,  0.05053,  0.21076,  0.72039,  0.63343,  0.6566
8718, 3060, -0.03909, -0.04885,  0.06231,  0.21076,  0.68049,  0.63343,  0.60909
8719, 3059, -0.03695, -0.05187,  0.05053,  0.21076,  0.72039,  0.63343,  0.6566
8720, 3058, -0.02823, -0.061,  0.06393,  0.32776,  0.72039,  0.75043,  0.6566
8721, 3060, -0.03909, -0.04885,  0.06231,  0.21076,  0.68049,  0.63343,  0.60909
8722, 3058, -0.02823, -0.061,  0.06393,  0.32776,  0.72039,  0.75043,  0.6566
8723, 3061, -0.03029, -0.05785,  0.07318,  0.32776,  0.68049,  0.75043,  0.60909
8724, 3061, -0.03029, -0.05785,  0.07318,  0.32776,  0.68049,  0.75043,  0.60909
8725, 3062, -0.04025, -0.04524,  0.07264,  0.21076,  0.63779,  0.63343,  0.55825
8726, 3060, -0.03909, -0.04885,  0.06231,  0.21076,  0.68049,  0.63343,  0.60909
8727, 3061, -0.03029, -0.05785,  0.07318,  0.32776,  0.68049,  0.75043,  0.60909
8728, 3063, -0.03181, -0.0532,  0.08063,  0.32776,  0.63779,  0.75043,  0.55825
8729, 3062, -0.04025, -0.04524,  0.07264,  0.21076,  0.63779,  0.63343,  0.55825
8730, 3064, -0.04033, -0.04063,  0.08218,  0.21076,  0.59415,  0.63343,  0.50627
8731, 3062, -0.04025, -0.04524,  0.07264,  0.21076,  0.63779,  0.63343,  0.55825
8732, 3063, -0.03181, -0.0532,  0.08063,  0.32776,  0.63779,  0.75043,  0.55825
8733, 3064, -0.04033, -0.04063,  0.08218,  0.21076,  0.59415,  0.63343,  0.50627
8734, 3063, -0.03181, -0.0532,  0.08063,  0.32776,  0.63779,  0.75043,  0.55825
8735, 3065, -0.03269, -0.0476,  0.08727,  0.32776,  0.59415,  0.75043,  0.50627
8736, 3065, -0.03269, -0.0476,  0.08727,  0.32776,  0.59415,  0.75043,  0.50627
8737, 3066, -0.03925, -0.03463,  0.09158,  0.21076,  0.5514,  0.63343,  0.45538
8738, 3064, -0.04033, -0.04063,  0.08218,  0.21076,  0.59415,  0.63343,  0.50627
8739, 3065, -0.03269, -0.0476,  0.08727,  0.32776,  0.59415,  0.75043,  0.50627
8740, 3067, -0.03283, -0.0416,  0.09411,  0.32776,  0.5514,  0.75043,  0.45538
8741, 3066, -0.03925, -0.03463,  0.09158,  0.21076,  0.5514,  0.63343,  0.45538
8742, 3068, -0.03758, -0.02793,  0.1009,  0.21076,  0.50911,  0.63343,  0.40502
8743, 3066, -0.03925, -0.03463,  0.09158,  0.21076,  0.5514,  0.63343,  0.45538
8744, 3067, -0.03283, -0.0416,  0.09411,  0.32776,  0.5514,  0.75043,  0.45538
8745, 3068, -0.03758, -0.02793,  0.1009,  0.21076,  0.50911,  0.63343,  0.40502
8746, 3067, -0.03283, -0.0416,  0.09411,  0.32776,  0.5514,  0.75043,  0.45538
8747, 3069, -0.03259, -0.03539,  0.10106,  0.32776,  0.50911,  0.75043,  0.40502
8748, 3070, -0.0342, -0.02633,  0.00064,  0.17195,  0.87179,  0.67113,  0.88873
8749, 3071, -0.02862, -0.02361, -0.00794,  0.17144,  0.89957,  0.67113,  0.92643
8750, 3072, -0.02559, -0.03587, -0.00298,  0.28845,  0.89957,  0.78813,  0.92643
8751, 3070, -0.0342, -0.02633,  0.00064,  0.17195,  0.87179,  0.67113,  0.88873
8752, 3072, -0.02559, -0.03587, -0.00298,  0.28845,  0.89957,  0.78813,  0.92643
8753, 3073, -0.03165, -0.03957,  0.00664,  0.28896,  0.87179,  0.78813,  0.88873
8754, 3074, -0.02368, -0.02039, -0.01466,  0.1711,  0.92747,  0.67113,  0.95755
8755, 3072, -0.02559, -0.03587, -0.00298,  0.28845,  0.89957,  0.78813,  0.92643
8756, 3071, -0.02862, -0.02361, -0.00794,  0.17144,  0.89957,  0.67113,  0.92643
8757, 3074, -0.02368, -0.02039, -0.01466,  0.1711,  0.92747,  0.67113,  0.95755
8758, 3075, -0.01982, -0.03171, -0.01091,  0.28811,  0.92747,  0.78813,  0.95755
8759, 3072, -0.02559, -0.03587, -0.00298,  0.28845,  0.89957,  0.78813,  0.92643
8760, 3073, -0.03165, -0.03957,  0.00664,  0.28896,  0.87179,  0.78813,  0.88873
8761, 3076, -0.03992, -0.02747,  0.01044,  0.17213,  0.83967,  0.67113,  0.84898
8762, 3070, -0.0342, -0.02633,  0.00064,  0.17195,  0.87179,  0.67113,  0.88873
8763, 3073, -0.03165, -0.03957,  0.00664,  0.28896,  0.87179,  0.78813,  0.88873
8764, 3077, -0.03718, -0.0418,  0.01697,  0.28913,  0.83967,  0.78813,  0.84898
8765, 3076, -0.03992, -0.02747,  0.01044,  0.17213,  0.83967,  0.67113,  0.84898
8766, 3078, -0.04456, -0.02741,  0.02154,  0.17213,  0.80455,  0.67113,  0.80596
8767, 3076, -0.03992, -0.02747,  0.01044,  0.17213,  0.83967,  0.67113,  0.84898
8768, 3077, -0.03718, -0.0418,  0.01697,  0.28913,  0.83967,  0.78813,  0.84898
8769, 3078, -0.04456, -0.02741,  0.02154,  0.17213,  0.80455,  0.67113,  0.80596
8770, 3077, -0.03718, -0.0418,  0.01697,  0.28913,  0.83967,  0.78813,  0.84898
8771, 3079, -0.04136, -0.04227,  0.02838,  0.28913,  0.80455,  0.78813,  0.80596
8772, 3079, -0.04136, -0.04227,  0.02838,  0.28913,  0.80455,  0.78813,  0.80596
8773, 3080, -0.04689, -0.02656,  0.034,  0.17213,  0.76772,  0.67113,  0.75846
8774, 3078, -0.04456, -0.02741,  0.02154,  0.17213,  0.80455,  0.67113,  0.80596
8775, 3079, -0.04136, -0.04227,  0.02838,  0.28913,  0.80455,  0.78813,  0.80596
8776, 3081, -0.04332, -0.04072,  0.04123,  0.28913,  0.76772,  0.78813,  0.75846
8777, 3080, -0.04689, -0.02656,  0.034,  0.17213,  0.76772,  0.67113,  0.75846
8778, 3082, -0.04803, -0.02547,  0.04707,  0.17213,  0.72984,  0.67113,  0.70144
8779, 3080, -0.04689, -0.02656,  0.034,  0.17213,  0.76772,  0.67113,  0.75846
8780, 3081, -0.04332, -0.04072,  0.04123,  0.28913,  0.76772,  0.78813,  0.75846
8781, 3082, -0.04803, -0.02547,  0.04707,  0.17213,  0.72984,  0.67113,  0.70144
8782, 3081, -0.04332, -0.04072,  0.04123,  0.28913,  0.76772,  0.78813,  0.75846
8783, 3083, -0.04405, -0.03837,  0.05417,  0.28913,  0.72984,  0.78813,  0.70144
8784, 3083, -0.04405, -0.03837,  0.05417,  0.28913,  0.72984,  0.78813,  0.70144
8785, 3084, -0.04909, -0.02475,  0.05997,  0.17213,  0.69155,  0.67113,  0.62987
8786, 3082, -0.04803, -0.02547,  0.04707,  0.17213,  0.72984,  0.67113,  0.70144
8787, 3083, -0.04405, -0.03837,  0.05417,  0.28913,  0.72984,  0.78813,  0.70144
8788, 3085, -0.04453, -0.03644,  0.06587,  0.28913,  0.69155,  0.78813,  0.62987
8789, 3084, -0.04909, -0.02475,  0.05997,  0.17213,  0.69155,  0.67113,  0.62987
8790, 3086, -0.04919, -0.02432,  0.07212,  0.17213,  0.65309,  0.67113,  0.56231
8791, 3084, -0.04909, -0.02475,  0.05997,  0.17213,  0.69155,  0.67113,  0.62987
8792, 3085, -0.04453, -0.03644,  0.06587,  0.28913,  0.69155,  0.78813,  0.62987
8793, 3086, -0.04919, -0.02432,  0.07212,  0.17213,  0.65309,  0.67113,  0.56231
8794, 3085, -0.04453, -0.03644,  0.06587,  0.28913,  0.69155,  0.78813,  0.62987
8795, 3087, -0.04423, -0.03467,  0.0758,  0.28913,  0.65309,  0.78813,  0.56231
8796, 3087, -0.04423, -0.03467,  0.0758,  0.28913,  0.65309,  0.78813,  0.56231
8797, 3088, -0.04745, -0.02414,  0.08288,  0.17213,  0.61471,  0.67113,  0.51731
8798, 3086, -0.04919, -0.02432,  0.07212,  0.17213,  0.65309,  0.67113,  0.56231
8799, 3087, -0.04423, -0.03467,  0.0758,  0.28913,  0.65309,  0.78813,  0.56231
8800, 3089, -0.04261, -0.0328,  0.08347,  0.28913,  0.61471,  0.78813,  0.51731
8801, 3088, -0.04745, -0.02414,  0.08288,  0.17213,  0.61471,  0.67113,  0.51731
8802, 3090, -0.04475, -0.02417,  0.09167,  0.17213,  0.57719,  0.67113,  0.48659
8803, 3088, -0.04745, -0.02414,  0.08288,  0.17213,  0.61471,  0.67113,  0.51731
8804, 3089, -0.04261, -0.0328,  0.08347,  0.28913,  0.61471,  0.78813,  0.51731
8805, 3090, -0.04475, -0.02417,  0.09167,  0.17213,  0.57719,  0.67113,  0.48659
8806, 3089, -0.04261, -0.0328,  0.08347,  0.28913,  0.61471,  0.78813,  0.51731
8807, 3091, -0.04049, -0.03132,  0.08987,  0.28913,  0.57719,  0.78813,  0.48659
8808, 3091, -0.04049, -0.03132,  0.08987,  0.28913,  0.57719,  0.78813,  0.48659
8809, 3092, -0.04194, -0.02439,  0.09788,  0.17213,  0.54129,  0.67113,  0.46188
8810, 3090, -0.04475, -0.02417,  0.09167,  0.17213,  0.57719,  0.67113,  0.48659
8811, 3091, -0.04049, -0.03132,  0.08987,  0.28913,  0.57719,  0.78813,  0.48659
8812, 3093, -0.03868, -0.03071,  0.09601,  0.28913,  0.54129,  0.78813,  0.46188
8813, 3092, -0.04194, -0.02439,  0.09788,  0.17213,  0.54129,  0.67113,  0.46188
8814, 3094, -0.03909, -0.02472,  0.1028,  0.17213,  0.5062,  0.67113,  0.44017
8815, 3092, -0.04194, -0.02439,  0.09788,  0.17213,  0.54129,  0.67113,  0.46188
8816, 3093, -0.03868, -0.03071,  0.09601,  0.28913,  0.54129,  0.78813,  0.46188
8817, 3094, -0.03909, -0.02472,  0.1028,  0.17213,  0.5062,  0.67113,  0.44017
8818, 3093, -0.03868, -0.03071,  0.09601,  0.28913,  0.54129,  0.78813,  0.46188
8819, 3095, -0.03703, -0.03055,  0.10201,  0.28913,  0.5062,  0.78813,  0.44017
8820, 3074, -0.02368, -0.02039, -0.01466,  0.1711,  0.92747,  0.67113,  0.95755
8821, 3096, -0.01991, -0.01776, -0.0189,  0.17144,  0.95994,  0.67113,  0.97757
8822, 3097, -0.01512, -0.0281, -0.01617,  0.28845,  0.95994,  0.78813,  0.97757
8823, 3074, -0.02368, -0.02039, -0.01466,  0.1711,  0.92747,  0.67113,  0.95755
8824, 3097, -0.01512, -0.0281, -0.01617,  0.28845,  0.95994,  0.78813,  0.97757
8825, 3075, -0.01982, -0.03171, -0.01091,  0.28811,  0.92747,  0.78813,  0.95755
8826, 3098, -0.01671, -0.01542, -0.02188,  0.17213,  0.99469,  0.67113,  0.99204
8827, 3097, -0.01512, -0.0281, -0.01617,  0.28845,  0.95994,  0.78813,  0.97757
8828, 3096, -0.01991, -0.01776, -0.0189,  0.17144,  0.95994,  0.67113,  0.97757
8829, 3098, -0.01671, -0.01542, -0.02188,  0.17213,  0.99469,  0.67113,  0.99204
8830, 3099, -0.01097, -0.02476, -0.02009,  0.28913,  0.99469,  0.78813,  0.99204
8831, 3097, -0.01512, -0.0281, -0.01617,  0.28845,  0.95994,  0.78813,  0.97757
8832, 3100, -0.0487, -0.01687,  0.09172,  0.17631,  0.61284,  0.77098,  0.32943
8833, 3101, -0.04977, -0.01808,  0.08265,  0.17631,  0.66598,  0.77098,  0.39114
8834, 3102, -0.04466, -0.02832,  0.08349,  0.30576,  0.66598,  0.88798,  0.39114
8835, 3100, -0.0487, -0.01687,  0.09172,  0.17631,  0.61284,  0.77098,  0.32943
8836, 3102, -0.04466, -0.02832,  0.08349,  0.30576,  0.66598,  0.88798,  0.39114
8837, 3103, -0.04293, -0.02652,  0.09166,  0.30576,  0.61284,  0.88798,  0.32943
8838, 3104, -0.04954, -0.01886,  0.07279,  0.17631,  0.71875,  0.77098,  0.43767
8839, 3102, -0.04466, -0.02832,  0.08349,  0.30576,  0.66598,  0.88798,  0.39114
8840, 3101, -0.04977, -0.01808,  0.08265,  0.17631,  0.66598,  0.77098,  0.39114
8841, 3104, -0.04954, -0.01886,  0.07279,  0.17631,  0.71875,  0.77098,  0.43767
8842, 3105, -0.04511, -0.02978,  0.07491,  0.30576,  0.71875,  0.88798,  0.43767
8843, 3102, -0.04466, -0.02832,  0.08349,  0.30576,  0.66598,  0.88798,  0.39114
8844, 3100, -0.0487, -0.01687,  0.09172,  0.17631,  0.61284,  0.77098,  0.32943
8845, 3103, -0.04293, -0.02652,  0.09166,  0.30576,  0.61284,  0.88798,  0.32943
8846, 3106, -0.04076, -0.02568,  0.09875,  0.30576,  0.57358,  0.88798,  0.26709
8847, 3100, -0.0487, -0.01687,  0.09172,  0.17631,  0.61284,  0.77098,  0.32943
8848, 3106, -0.04076, -0.02568,  0.09875,  0.30576,  0.57358,  0.88798,  0.26709
8849, 3107, -0.04691, -0.0161,  0.09851,  0.17631,  0.57358,  0.77098,  0.26709
8850, 3107, -0.04691, -0.0161,  0.09851,  0.17631,  0.57358,  0.77098,  0.26709
8851, 3106, -0.04076, -0.02568,  0.09875,  0.30576,  0.57358,  0.88798,  0.26709
8852, 3108, -0.03838, -0.02531,  0.10531,  0.30576,  0.54126,  0.88798,  0.20443
8853, 3107, -0.04691, -0.0161,  0.09851,  0.17631,  0.57358,  0.77098,  0.26709
8854, 3108, -0.03838, -0.02531,  0.10531,  0.30576,  0.54126,  0.88798,  0.20443
8855, 3109, -0.04476, -0.01556,  0.10417,  0.17631,  0.54126,  0.77098,  0.20443
8856, 3104, -0.04954, -0.01886,  0.07279,  0.17631,  0.71875,  0.77098,  0.43767
8857, 3110, -0.0434, -0.02961,  0.06658,  0.30576,  0.75693,  0.88798,  0.45447
8858, 3105, -0.04511, -0.02978,  0.07491,  0.30576,  0.71875,  0.88798,  0.43767
8859, 3104, -0.04954, -0.01886,  0.07279,  0.17631,  0.71875,  0.77098,  0.43767
8860, 3111, -0.04743, -0.01836,  0.06364,  0.17631,  0.75693,  0.77098,  0.45447
8861, 3110, -0.0434, -0.02961,  0.06658,  0.30576,  0.75693,  0.88798,  0.45447
8862, 3112, -0.04437, -0.01722,  0.05483,  0.17631,  0.7878,  0.77098,  0.4564
8863, 3110, -0.0434, -0.02961,  0.06658,  0.30576,  0.75693,  0.88798,  0.45447
8864, 3111, -0.04743, -0.01836,  0.06364,  0.17631,  0.75693,  0.77098,  0.45447
8865, 3112, -0.04437, -0.01722,  0.05483,  0.17631,  0.7878,  0.77098,  0.4564
8866, 3113, -0.04062, -0.02863,  0.05837,  0.30576,  0.7878,  0.88798,  0.4564
8867, 3110, -0.0434, -0.02961,  0.06658,  0.30576,  0.75693,  0.88798,  0.45447
8868, 3114, -0.03466, -0.03603,  0.00416,  0.14528,  0.84594,  0.04875,  0.76668
8869, 3115, -0.02972, -0.02822, -0.00636,  0.14528,  0.88935,  0.04875,  0.82049
8870, 3116, -0.02553, -0.03826, -0.00207,  0.26228,  0.88361,  0.16576,  0.82049
8871, 3114, -0.03466, -0.03603,  0.00416,  0.14528,  0.84594,  0.04875,  0.76668
8872, 3116, -0.02553, -0.03826, -0.00207,  0.26228,  0.88361,  0.16576,  0.82049
8873, 3117, -0.02962, -0.04697,  0.01077,  0.26228,  0.84451,  0.16576,  0.76668
8874, 3118, -0.02535, -0.0202, -0.01408,  0.14528,  0.93043,  0.04875,  0.87292
8875, 3116, -0.02553, -0.03826, -0.00207,  0.26228,  0.88361,  0.16576,  0.82049
8876, 3115, -0.02972, -0.02822, -0.00636,  0.14528,  0.88935,  0.04875,  0.82049
8877, 3118, -0.02535, -0.0202, -0.01408,  0.14528,  0.93043,  0.04875,  0.87292
8878, 3119, -0.02174, -0.02867, -0.01258,  0.26228,  0.92181,  0.16576,  0.87292
8879, 3116, -0.02553, -0.03826, -0.00207,  0.26228,  0.88361,  0.16576,  0.82049
8880, 3114, -0.03466, -0.03603,  0.00416,  0.14528,  0.84594,  0.04875,  0.76668
8881, 3117, -0.02962, -0.04697,  0.01077,  0.26228,  0.84451,  0.16576,  0.76668
8882, 3120, -0.03329, -0.05162,  0.02331,  0.26228,  0.80501,  0.16576,  0.71134
8883, 3114, -0.03466, -0.03603,  0.00416,  0.14528,  0.84594,  0.04875,  0.76668
8884, 3120, -0.03329, -0.05162,  0.02331,  0.26228,  0.80501,  0.16576,  0.71134
8885, 3121, -0.03948, -0.04102,  0.01691,  0.14528,  0.80501,  0.04875,  0.71134
8886, 3121, -0.03948, -0.04102,  0.01691,  0.14528,  0.80501,  0.04875,  0.71134
8887, 3120, -0.03329, -0.05162,  0.02331,  0.26228,  0.80501,  0.16576,  0.71134
8888, 3122, -0.03594, -0.05358,  0.03611,  0.26228,  0.76484,  0.16576,  0.65456
8889, 3121, -0.03948, -0.04102,  0.01691,  0.14528,  0.80501,  0.04875,  0.71134
8890, 3122, -0.03594, -0.05358,  0.03611,  0.26228,  0.76484,  0.16576,  0.65456
8891, 3123, -0.04311, -0.0437,  0.03068,  0.14528,  0.76484,  0.04875,  0.65456
8892, 3123, -0.04311, -0.0437,  0.03068,  0.14528,  0.76484,  0.04875,  0.65456
8893, 3122, -0.03594, -0.05358,  0.03611,  0.26228,  0.76484,  0.16576,  0.65456
8894, 3124, -0.03694, -0.05421,  0.04972,  0.26228,  0.72374,  0.16576,  0.59646
8895, 3123, -0.04311, -0.0437,  0.03068,  0.14528,  0.76484,  0.04875,  0.65456
8896, 3124, -0.03694, -0.05421,  0.04972,  0.26228,  0.72374,  0.16576,  0.59646
8897, 3125, -0.04444, -0.04455,  0.04425,  0.14528,  0.72374,  0.04875,  0.59646
8898, 3125, -0.04444, -0.04455,  0.04425,  0.14528,  0.72374,  0.04875,  0.59646
8899, 3124, -0.03694, -0.05421,  0.04972,  0.26228,  0.72374,  0.16576,  0.59646
8900, 3126, -0.03718, -0.05327,  0.06283,  0.26228,  0.68124,  0.16576,  0.53637
8901, 3125, -0.04444, -0.04455,  0.04425,  0.14528,  0.72374,  0.04875,  0.59646
8902, 3126, -0.03718, -0.05327,  0.06283,  0.26228,  0.68124,  0.16576,  0.53637
8903, 3127, -0.04455, -0.04375,  0.05712,  0.14528,  0.68124,  0.04875,  0.53637
8904, 3127, -0.04455, -0.04375,  0.05712,  0.14528,  0.68124,  0.04875,  0.53637
8905, 3126, -0.03718, -0.05327,  0.06283,  0.26228,  0.68124,  0.16576,  0.53637
8906, 3128, -0.03753, -0.05056,  0.07417,  0.26228,  0.63685,  0.16576,  0.47363
8907, 3127, -0.04455, -0.04375,  0.05712,  0.14528,  0.68124,  0.04875,  0.53637
8908, 3128, -0.03753, -0.05056,  0.07417,  0.26228,  0.63685,  0.16576,  0.47363
8909, 3129, -0.04451, -0.04149,  0.06878,  0.14528,  0.63685,  0.04875,  0.47363
8910, 3129, -0.04451, -0.04149,  0.06878,  0.14528,  0.63685,  0.04875,  0.47363
8911, 3128, -0.03753, -0.05056,  0.07417,  0.26228,  0.63685,  0.16576,  0.47363
8912, 3130, -0.03741, -0.04639,  0.08411,  0.26228,  0.59217,  0.16576,  0.41046
8913, 3129, -0.04451, -0.04149,  0.06878,  0.14528,  0.63685,  0.04875,  0.47363
8914, 3130, -0.03741, -0.04639,  0.08411,  0.26228,  0.59217,  0.16576,  0.41046
8915, 3131, -0.04369, -0.03805,  0.0795,  0.14528,  0.59217,  0.04875,  0.41046
8916, 3131, -0.04369, -0.03805,  0.0795,  0.14528,  0.59217,  0.04875,  0.41046
8917, 3130, -0.03741, -0.04639,  0.08411,  0.26228,  0.59217,  0.16576,  0.41046
8918, 3132, -0.03624, -0.04104,  0.09306,  0.26228,  0.54876,  0.16576,  0.34909
8919, 3131, -0.04369, -0.03805,  0.0795,  0.14528,  0.59217,  0.04875,  0.41046
8920, 3132, -0.03624, -0.04104,  0.09306,  0.26228,  0.54876,  0.16576,  0.34909
8921, 3133, -0.04148, -0.03374,  0.08954,  0.14528,  0.54876,  0.04875,  0.34909
8922, 3133, -0.04148, -0.03374,  0.08954,  0.14528,  0.54876,  0.04875,  0.34909
8923, 3132, -0.03624, -0.04104,  0.09306,  0.26228,  0.54876,  0.16576,  0.34909
8924, 3134, -0.03456, -0.0351,  0.10152,  0.26228,  0.50599,  0.16576,  0.28864
8925, 3133, -0.04148, -0.03374,  0.08954,  0.14528,  0.54876,  0.04875,  0.34909
8926, 3134, -0.03456, -0.0351,  0.10152,  0.26228,  0.50599,  0.16576,  0.28864
8927, 3135, -0.03856, -0.02899,  0.09922,  0.14528,  0.50599,  0.04875,  0.28864
8928, 3118, -0.02535, -0.0202, -0.01408,  0.14528,  0.93043,  0.04875,  0.87292
8929, 3136, -0.02219, -0.01455, -0.01845,  0.14528,  0.96435,  0.04875,  0.92414
8930, 3137, -0.019, -0.02138, -0.01812,  0.26228,  0.9586,  0.16576,  0.92414
8931, 3118, -0.02535, -0.0202, -0.01408,  0.14528,  0.93043,  0.04875,  0.87292
8932, 3137, -0.019, -0.02138, -0.01812,  0.26228,  0.9586,  0.16576,  0.92414
8933, 3119, -0.02174, -0.02867, -0.01258,  0.26228,  0.92181,  0.16576,  0.87292
8934, 3138, -0.01964, -0.0101, -0.02113,  0.14528,  0.99469,  0.04875,  0.97474
8935, 3137, -0.019, -0.02138, -0.01812,  0.26228,  0.9586,  0.16576,  0.92414
8936, 3136, -0.02219, -0.01455, -0.01845,  0.14528,  0.96435,  0.04875,  0.92414
8937, 3138, -0.01964, -0.0101, -0.02113,  0.14528,  0.99469,  0.04875,  0.97474
8938, 3139, -0.01677, -0.01523, -0.02118,  0.26228,  0.99469,  0.16576,  0.97474
8939, 3137, -0.019, -0.02138, -0.01812,  0.26228,  0.9586,  0.16576,  0.92414
8940, 3140,  0.05392, -0.05974,  0.10147,  0.14703,  0.83245,  0.63183,  0.89782
8941, 3141,  0.06106, -0.05622,  0.09751,  0.14703,  0.9086,  0.63183,  0.94839
8942, 3142,  0.065, -0.0457,  0.10874,  0.26404,  0.9086,  0.74883,  0.94839
8943, 3140,  0.05392, -0.05974,  0.10147,  0.14703,  0.83245,  0.63183,  0.89782
8944, 3142,  0.065, -0.0457,  0.10874,  0.26404,  0.9086,  0.74883,  0.94839
8945, 3143,  0.05984, -0.04827,  0.11335,  0.26404,  0.83245,  0.74883,  0.89782
8946, 3144,  0.06806, -0.05185,  0.09319,  0.14703,  0.99469,  0.63183,  0.99635
8947, 3142,  0.065, -0.0457,  0.10874,  0.26404,  0.9086,  0.74883,  0.94839
8948, 3141,  0.06106, -0.05622,  0.09751,  0.14703,  0.9086,  0.63183,  0.94839
8949, 3144,  0.06806, -0.05185,  0.09319,  0.14703,  0.99469,  0.63183,  0.99635
8950, 3145,  0.06954, -0.04282,  0.10356,  0.26404,  0.99469,  0.74883,  0.99635
8951, 3142,  0.065, -0.0457,  0.10874,  0.26404,  0.9086,  0.74883,  0.94839
8952, 3143,  0.05984, -0.04827,  0.11335,  0.26404,  0.83245,  0.74883,  0.89782
8953, 3146,  0.04654, -0.06152,  0.10474,  0.14703,  0.77618,  0.63183,  0.84205
8954, 3140,  0.05392, -0.05974,  0.10147,  0.14703,  0.83245,  0.63183,  0.89782
8955, 3143,  0.05984, -0.04827,  0.11335,  0.26404,  0.83245,  0.74883,  0.89782
8956, 3147,  0.05345, -0.05021,  0.11683,  0.26404,  0.77618,  0.74883,  0.84205
8957, 3146,  0.04654, -0.06152,  0.10474,  0.14703,  0.77618,  0.63183,  0.84205
8958, 3148,  0.03869, -0.06193,  0.10759,  0.14703,  0.73637,  0.63183,  0.78682
8959, 3146,  0.04654, -0.06152,  0.10474,  0.14703,  0.77618,  0.63183,  0.84205
8960, 3147,  0.05345, -0.05021,  0.11683,  0.26404,  0.77618,  0.74883,  0.84205
8961, 3148,  0.03869, -0.06193,  0.10759,  0.14703,  0.73637,  0.63183,  0.78682
8962, 3147,  0.05345, -0.05021,  0.11683,  0.26404,  0.77618,  0.74883,  0.84205
8963, 3149,  0.04605, -0.05125,  0.1196,  0.26404,  0.73637,  0.74883,  0.78682
8964, 3149,  0.04605, -0.05125,  0.1196,  0.26404,  0.73637,  0.74883,  0.78682
8965, 3150,  0.0302, -0.0613,  0.11033,  0.14703,  0.70957,  0.63183,  0.73785
8966, 3148,  0.03869, -0.06193,  0.10759,  0.14703,  0.73637,  0.63183,  0.78682
8967, 3149,  0.04605, -0.05125,  0.1196,  0.26404,  0.73637,  0.74883,  0.78682
8968, 3151,  0.03789, -0.05111,  0.12206,  0.26404,  0.70957,  0.74883,  0.73785
8969, 3150,  0.0302, -0.0613,  0.11033,  0.14703,  0.70957,  0.63183,  0.73785
8970, 3152,  0.02155, -0.05951,  0.11302,  0.14703,  0.6888,  0.63183,  0.69195
8971, 3150,  0.0302, -0.0613,  0.11033,  0.14703,  0.70957,  0.63183,  0.73785
8972, 3151,  0.03789, -0.05111,  0.12206,  0.26404,  0.70957,  0.74883,  0.73785
8973, 3152,  0.02155, -0.05951,  0.11302,  0.14703,  0.6888,  0.63183,  0.69195
8974, 3151,  0.03789, -0.05111,  0.12206,  0.26404,  0.70957,  0.74883,  0.73785
8975, 3153,  0.02945, -0.04984,  0.12408,  0.26404,  0.6888,  0.74883,  0.69195
8976, 3152,  0.02155, -0.05951,  0.11302,  0.14703,  0.6888,  0.63183,  0.69195
8977, 3153,  0.02945, -0.04984,  0.12408,  0.26404,  0.6888,  0.74883,  0.69195
8978, 3154,  0.02122, -0.04746,  0.12551,  0.26404,  0.66706,  0.74883,  0.64589
8979, 3152,  0.02155, -0.05951,  0.11302,  0.14703,  0.6888,  0.63183,  0.69195
8980, 3154,  0.02122, -0.04746,  0.12551,  0.26404,  0.66706,  0.74883,  0.64589
8981, 3155,  0.01325, -0.05645,  0.1157,  0.14703,  0.66706,  0.63183,  0.64589
8982, 3156,  0.00551, -0.05233,  0.11807,  0.14703,  0.64561,  0.63183,  0.5993
8983, 3155,  0.01325, -0.05645,  0.1157,  0.14703,  0.66706,  0.63183,  0.64589
8984, 3154,  0.02122, -0.04746,  0.12551,  0.26404,  0.66706,  0.74883,  0.64589
8985, 3156,  0.00551, -0.05233,  0.11807,  0.14703,  0.64561,  0.63183,  0.5993
8986, 3154,  0.02122, -0.04746,  0.12551,  0.26404,  0.66706,  0.74883,  0.64589
8987, 3157,  0.01326, -0.04425,  0.12655,  0.26404,  0.64561,  0.74883,  0.5993
8988, 3157,  0.01326, -0.04425,  0.12655,  0.26404,  0.64561,  0.74883,  0.5993
8989, 3158, -0.00144, -0.04736,  0.11982,  0.14703,  0.62574,  0.63183,  0.55179
8990, 3156,  0.00551, -0.05233,  0.11807,  0.14703,  0.64561,  0.63183,  0.5993
8991, 3157,  0.01326, -0.04425,  0.12655,  0.26404,  0.64561,  0.74883,  0.5993
8992, 3159,  0.00566, -0.0405,  0.12738,  0.26404,  0.62574,  0.74883,  0.55179
8993, 3158, -0.00144, -0.04736,  0.11982,  0.14703,  0.62574,  0.63183,  0.55179
8994, 3160, -0.00793, -0.04174,  0.12067,  0.14703,  0.60602,  0.63183,  0.50411
8995, 3158, -0.00144, -0.04736,  0.11982,  0.14703,  0.62574,  0.63183,  0.55179
8996, 3159,  0.00566, -0.0405,  0.12738,  0.26404,  0.62574,  0.74883,  0.55179
8997, 3160, -0.00793, -0.04174,  0.12067,  0.14703,  0.60602,  0.63183,  0.50411
8998, 3159,  0.00566, -0.0405,  0.12738,  0.26404,  0.62574,  0.74883,  0.55179
8999, 3161, -0.00156, -0.03604,  0.12781,  0.26404,  0.60602,  0.74883,  0.50411
9000, 3161, -0.00156, -0.03604,  0.12781,  0.26404,  0.60602,  0.74883,  0.50411
9001, 3162, -0.01427, -0.03571,  0.12036,  0.14703,  0.58506,  0.63183,  0.45696
9002, 3160, -0.00793, -0.04174,  0.12067,  0.14703,  0.60602,  0.63183,  0.50411
9003, 3161, -0.00156, -0.03604,  0.12781,  0.26404,  0.60602,  0.74883,  0.50411
9004, 3163, -0.00834, -0.03071,  0.12766,  0.26404,  0.58506,  0.74883,  0.45696
9005, 3162, -0.01427, -0.03571,  0.12036,  0.14703,  0.58506,  0.63183,  0.45696
9006, 3164, -0.02053, -0.02946,  0.11946,  0.14703,  0.56348,  0.63183,  0.41008
9007, 3162, -0.01427, -0.03571,  0.12036,  0.14703,  0.58506,  0.63183,  0.45696
9008, 3163, -0.00834, -0.03071,  0.12766,  0.26404,  0.58506,  0.74883,  0.45696
9009, 3164, -0.02053, -0.02946,  0.11946,  0.14703,  0.56348,  0.63183,  0.41008
9010, 3163, -0.00834, -0.03071,  0.12766,  0.26404,  0.58506,  0.74883,  0.45696
9011, 3165, -0.0149, -0.02495,  0.12723,  0.26404,  0.56348,  0.74883,  0.41008
9012, 3166,  0.05989, -0.04907,  0.11289,  0.21267,  0.83203,  0.70432,  0.95096
9013, 3167,  0.06536, -0.04564,  0.10811,  0.21267,  0.90609,  0.70432,  0.97633
9014, 3168,  0.0666, -0.03877,  0.11128,  0.27364,  0.90609,  0.76283,  0.97633
9015, 3166,  0.05989, -0.04907,  0.11289,  0.21267,  0.83203,  0.70432,  0.95096
9016, 3168,  0.0666, -0.03877,  0.11128,  0.27364,  0.90609,  0.76283,  0.97633
9017, 3169,  0.06179, -0.04074,  0.11488,  0.27179,  0.83203,  0.76283,  0.95096
9018, 3170,  0.07024, -0.04146,  0.10279,  0.21267,  0.99469,  0.70432,  0.99635
9019, 3168,  0.0666, -0.03877,  0.11128,  0.27364,  0.90609,  0.76283,  0.97633
9020, 3167,  0.06536, -0.04564,  0.10811,  0.21267,  0.90609,  0.70432,  0.97633
9021, 3170,  0.07024, -0.04146,  0.10279,  0.21267,  0.99469,  0.70432,  0.99635
9022, 3171,  0.07054, -0.03652,  0.10763,  0.2761,  0.99469,  0.76283,  0.99635
9023, 3168,  0.0666, -0.03877,  0.11128,  0.27364,  0.90609,  0.76283,  0.97633
9024, 3169,  0.06179, -0.04074,  0.11488,  0.27179,  0.83203,  0.76283,  0.95096
9025, 3172,  0.05323, -0.051,  0.11658,  0.21267,  0.7871,  0.70432,  0.91492
9026, 3166,  0.05989, -0.04907,  0.11289,  0.21267,  0.83203,  0.70432,  0.95096
9027, 3169,  0.06179, -0.04074,  0.11488,  0.27179,  0.83203,  0.76283,  0.95096
9028, 3173,  0.05526, -0.04215,  0.11841,  0.27118,  0.7871,  0.76283,  0.91492
9029, 3172,  0.05323, -0.051,  0.11658,  0.21267,  0.7871,  0.70432,  0.91492
9030, 3174,  0.04774, -0.04279,  0.12151,  0.27118,  0.76025,  0.76283,  0.86969
9031, 3172,  0.05323, -0.051,  0.11658,  0.21267,  0.7871,  0.70432,  0.91492
9032, 3173,  0.05526, -0.04215,  0.11841,  0.27118,  0.7871,  0.76283,  0.91492
9033, 3174,  0.04774, -0.04279,  0.12151,  0.27118,  0.76025,  0.76283,  0.86969
9034, 3175,  0.04573, -0.05168,  0.11953,  0.21267,  0.76025,  0.70432,  0.86969
9035, 3172,  0.05323, -0.051,  0.11658,  0.21267,  0.7871,  0.70432,  0.91492
9036, 3176,  0.03997, -0.04242,  0.12381,  0.27118,  0.74049,  0.76283,  0.81677
9037, 3175,  0.04573, -0.05168,  0.11953,  0.21267,  0.76025,  0.70432,  0.86969
9038, 3174,  0.04774, -0.04279,  0.12151,  0.27118,  0.76025,  0.76283,  0.86969
9039, 3176,  0.03997, -0.04242,  0.12381,  0.27118,  0.74049,  0.76283,  0.81677
9040, 3177,  0.03771, -0.05134,  0.12207,  0.21267,  0.74049,  0.70432,  0.81677
9041, 3175,  0.04573, -0.05168,  0.11953,  0.21267,  0.76025,  0.70432,  0.86969
9042, 3178,  0.03211, -0.04121,  0.12557,  0.27118,  0.7245,  0.76283,  0.75662
9043, 3177,  0.03771, -0.05134,  0.12207,  0.21267,  0.74049,  0.70432,  0.81677
9044, 3176,  0.03997, -0.04242,  0.12381,  0.27118,  0.74049,  0.76283,  0.81677
9045, 3178,  0.03211, -0.04121,  0.12557,  0.27118,  0.7245,  0.76283,  0.75662
9046, 3179,  0.02944, -0.05002,  0.1241,  0.21267,  0.7245,  0.70432,  0.75662
9047, 3177,  0.03771, -0.05134,  0.12207,  0.21267,  0.74049,  0.70432,  0.81677
9048, 3180,  0.02434, -0.0393,  0.12704,  0.27118,  0.70897,  0.76283,  0.68975
9049, 3179,  0.02944, -0.05002,  0.1241,  0.21267,  0.7245,  0.70432,  0.75662
9050, 3178,  0.03211, -0.04121,  0.12557,  0.27118,  0.7245,  0.76283,  0.75662
9051, 3180,  0.02434, -0.0393,  0.12704,  0.27118,  0.70897,  0.76283,  0.68975
9052, 3181,  0.02114, -0.04776,  0.12551,  0.21267,  0.70897,  0.70432,  0.68975
9053, 3179,  0.02944, -0.05002,  0.1241,  0.21267,  0.7245,  0.70432,  0.75662
9054, 3182,  0.01679, -0.0366,  0.12814,  0.27118,  0.69209,  0.76283,  0.62469
9055, 3181,  0.02114, -0.04776,  0.12551,  0.21267,  0.70897,  0.70432,  0.68975
9056, 3180,  0.02434, -0.0393,  0.12704,  0.27118,  0.70897,  0.76283,  0.68975
9057, 3182,  0.01679, -0.0366,  0.12814,  0.27118,  0.69209,  0.76283,  0.62469
9058, 3183,  0.01307, -0.04466,  0.12652,  0.21267,  0.69209,  0.70432,  0.62469
9059, 3181,  0.02114, -0.04776,  0.12551,  0.21267,  0.70897,  0.70432,  0.68975
9060, 3183,  0.01307, -0.04466,  0.12652,  0.21267,  0.69209,  0.70432,  0.62469
9061, 3182,  0.01679, -0.0366,  0.12814,  0.27118,  0.69209,  0.76283,  0.62469
9062, 3184,  0.0096, -0.03304,  0.12879,  0.27118,  0.67203,  0.76283,  0.57
9063, 3183,  0.01307, -0.04466,  0.12652,  0.21267,  0.69209,  0.70432,  0.62469
9064, 3184,  0.0096, -0.03304,  0.12879,  0.27118,  0.67203,  0.76283,  0.57
9065, 3185,  0.0055, -0.04084,  0.12734,  0.21267,  0.67203,  0.70432,  0.57
9066, 3186, -0.00148, -0.03637,  0.12779,  0.21267,  0.65097,  0.70432,  0.51902
9067, 3185,  0.0055, -0.04084,  0.12734,  0.21267,  0.67203,  0.70432,  0.57
9068, 3184,  0.0096, -0.03304,  0.12879,  0.27118,  0.67203,  0.76283,  0.57
9069, 3186, -0.00148, -0.03637,  0.12779,  0.21267,  0.65097,  0.70432,  0.51902
9070, 3184,  0.0096, -0.03304,  0.12879,  0.27118,  0.67203,  0.76283,  0.57
9071, 3187,  0.00272, -0.02905,  0.12917,  0.27118,  0.65097,  0.76283,  0.51902
9072, 3187,  0.00272, -0.02905,  0.12917,  0.27118,  0.65097,  0.76283,  0.51902
9073, 3188, -0.00776, -0.03135,  0.12767,  0.21267,  0.63111,  0.70432,  0.46511
9074, 3186, -0.00148, -0.03637,  0.12779,  0.21267,  0.65097,  0.70432,  0.51902
9075, 3187,  0.00272, -0.02905,  0.12917,  0.27118,  0.65097,  0.76283,  0.51902
9076, 3189, -0.0039, -0.02505,  0.12945,  0.27118,  0.63111,  0.76283,  0.46511
9077, 3188, -0.00776, -0.03135,  0.12767,  0.21267,  0.63111,  0.70432,  0.46511
9078, 3190, -0.01041, -0.02063,  0.12907,  0.27118,  0.61062,  0.76283,  0.4102
9079, 3188, -0.00776, -0.03135,  0.12767,  0.21267,  0.63111,  0.70432,  0.46511
9080, 3189, -0.0039, -0.02505,  0.12945,  0.27118,  0.63111,  0.76283,  0.46511
9081, 3190, -0.01041, -0.02063,  0.12907,  0.27118,  0.61062,  0.76283,  0.4102
9082, 3191, -0.01356, -0.02604,  0.12699,  0.21267,  0.61062,  0.70432,  0.4102
9083, 3188, -0.00776, -0.03135,  0.12767,  0.21267,  0.63111,  0.70432,  0.46511
9084, 3192, -0.01696, -0.01538,  0.12748,  0.27118,  0.58766,  0.76283,  0.35624
9085, 3191, -0.01356, -0.02604,  0.12699,  0.21267,  0.61062,  0.70432,  0.4102
9086, 3190, -0.01041, -0.02063,  0.12907,  0.27118,  0.61062,  0.76283,  0.4102
9087, 3192, -0.01696, -0.01538,  0.12748,  0.27118,  0.58766,  0.76283,  0.35624
9088, 3193, -0.01906, -0.02073,  0.12578,  0.21267,  0.58766,  0.70432,  0.35624
9089, 3191, -0.01356, -0.02604,  0.12699,  0.21267,  0.61062,  0.70432,  0.4102
9090, 3194, -0.02353, -0.0097,  0.12528,  0.27118,  0.56348,  0.76283,  0.30275
9091, 3193, -0.01906, -0.02073,  0.12578,  0.21267,  0.58766,  0.70432,  0.35624
9092, 3192, -0.01696, -0.01538,  0.12748,  0.27118,  0.58766,  0.76283,  0.35624
9093, 3194, -0.02353, -0.0097,  0.12528,  0.27118,  0.56348,  0.76283,  0.30275
9094, 3195, -0.02442, -0.01542,  0.1243,  0.21267,  0.56348,  0.70432,  0.30275
9095, 3193, -0.01906, -0.02073,  0.12578,  0.21267,  0.58766,  0.70432,  0.35624
9096, 3196,  0.05342,  0.06123,  0.07755,  0.27482,  0.99425,  0.32077,  0.94117
9097, 3197,  0.04696,  0.06526,  0.07925,  0.27482,  0.90987,  0.32077,  0.88779
9098, 3198,  0.05474,  0.05793,  0.09311,  0.18776,  0.90987,  0.23371,  0.88779
9099, 3196,  0.05342,  0.06123,  0.07755,  0.27482,  0.99425,  0.32077,  0.94117
9100, 3198,  0.05474,  0.05793,  0.09311,  0.18776,  0.90987,  0.23371,  0.88779
9101, 3199,  0.0577,  0.05491,  0.09151,  0.18776,  0.99425,  0.23371,  0.94117
9102, 3200,  0.03963,  0.06839,  0.08123,  0.27482,  0.8334,  0.32077,  0.83616
9103, 3198,  0.05474,  0.05793,  0.09311,  0.18776,  0.90987,  0.23371,  0.88779
9104, 3197,  0.04696,  0.06526,  0.07925,  0.27482,  0.90987,  0.32077,  0.88779
9105, 3200,  0.03963,  0.06839,  0.08123,  0.27482,  0.8334,  0.32077,  0.83616
9106, 3201,  0.04966,  0.06091,  0.0948,  0.18776,  0.8334,  0.23371,  0.83616
9107, 3198,  0.05474,  0.05793,  0.09311,  0.18776,  0.90987,  0.23371,  0.88779
9108, 3200,  0.03963,  0.06839,  0.08123,  0.27482,  0.8334,  0.32077,  0.83616
9109, 3202,  0.04032,  0.06385,  0.09665,  0.18776,  0.77273,  0.23371,  0.78801
9110, 3201,  0.04966,  0.06091,  0.0948,  0.18776,  0.8334,  0.23371,  0.83616
9111, 3200,  0.03963,  0.06839,  0.08123,  0.27482,  0.8334,  0.32077,  0.83616
9112, 3203,  0.03056,  0.06972,  0.08377,  0.27482,  0.77273,  0.32077,  0.78801
9113, 3202,  0.04032,  0.06385,  0.09665,  0.18776,  0.77273,  0.23371,  0.78801
9114, 3204,  0.02095,  0.0697,  0.08619,  0.27482,  0.72056,  0.32077,  0.74212
9115, 3202,  0.04032,  0.06385,  0.09665,  0.18776,  0.77273,  0.23371,  0.78801
9116, 3203,  0.03056,  0.06972,  0.08377,  0.27482,  0.77273,  0.32077,  0.78801
9117, 3204,  0.02095,  0.0697,  0.08619,  0.27482,  0.72056,  0.32077,  0.74212
9118, 3205,  0.02963,  0.06577,  0.0987,  0.18776,  0.72056,  0.23371,  0.74212
9119, 3202,  0.04032,  0.06385,  0.09665,  0.18776,  0.77273,  0.23371,  0.78801
9120, 3204,  0.02095,  0.0697,  0.08619,  0.27482,  0.72056,  0.32077,  0.74212
9121, 3206,  0.02048,  0.06574,  0.10098,  0.18776,  0.66955,  0.23371,  0.69726
9122, 3205,  0.02963,  0.06577,  0.0987,  0.18776,  0.72056,  0.23371,  0.74212
9123, 3204,  0.02095,  0.0697,  0.08619,  0.27482,  0.72056,  0.32077,  0.74212
9124, 3207,  0.01198,  0.06876,  0.0878,  0.27482,  0.66955,  0.32077,  0.69726
9125, 3206,  0.02048,  0.06574,  0.10098,  0.18776,  0.66955,  0.23371,  0.69726
9126, 3208,  0.00399,  0.06689,  0.08973,  0.27482,  0.62478,  0.32077,  0.65214
9127, 3206,  0.02048,  0.06574,  0.10098,  0.18776,  0.66955,  0.23371,  0.69726
9128, 3207,  0.01198,  0.06876,  0.0878,  0.27482,  0.66955,  0.32077,  0.69726
9129, 3208,  0.00399,  0.06689,  0.08973,  0.27482,  0.62478,  0.32077,  0.65214
9130, 3209,  0.01262,  0.0643,  0.10362,  0.18776,  0.62478,  0.23371,  0.65214
9131, 3206,  0.02048,  0.06574,  0.10098,  0.18776,  0.66955,  0.23371,  0.69726
9132, 3209,  0.01262,  0.0643,  0.10362,  0.18776,  0.62478,  0.23371,  0.65214
9133, 3208,  0.00399,  0.06689,  0.08973,  0.27482,  0.62478,  0.32077,  0.65214
9134, 3210, -0.00272,  0.06405,  0.0931,  0.27482,  0.59131,  0.32077,  0.60548
9135, 3209,  0.01262,  0.0643,  0.10362,  0.18776,  0.62478,  0.23371,  0.65214
9136, 3210, -0.00272,  0.06405,  0.0931,  0.27482,  0.59131,  0.32077,  0.60548
9137, 3211,  0.00583,  0.06203,  0.10675,  0.18776,  0.59131,  0.23371,  0.60548
9138, 3211,  0.00583,  0.06203,  0.10675,  0.18776,  0.59131,  0.23371,  0.60548
9139, 3210, -0.00272,  0.06405,  0.0931,  0.27482,  0.59131,  0.32077,  0.60548
9140, 3212, -0.00879,  0.06073,  0.09719,  0.27482,  0.56348,  0.32077,  0.55804
9141, 3211,  0.00583,  0.06203,  0.10675,  0.18776,  0.59131,  0.23371,  0.60548
9142, 3212, -0.00879,  0.06073,  0.09719,  0.27482,  0.56348,  0.32077,  0.55804
9143, 3213, -0.00045,  0.05935,  0.11013,  0.18776,  0.56348,  0.23371,  0.55804
9144, 3214,  0.01032, -0.06359,  0.03309,  0.17271,  0.90916,  0.20377,  0.94904
9145, 3215,  0.01582, -0.06147,  0.03009,  0.17271,  0.95358,  0.20377,  0.97076
9146, 3216,  0.0244, -0.06427,  0.04212,  0.28972,  0.96221,  0.32077,  0.97076
9147, 3214,  0.01032, -0.06359,  0.03309,  0.17271,  0.90916,  0.20377,  0.94904
9148, 3216,  0.0244, -0.06427,  0.04212,  0.28972,  0.96221,  0.32077,  0.97076
9149, 3217,  0.01878, -0.06513,  0.04526,  0.28972,  0.92211,  0.32077,  0.94904
9150, 3218,  0.02008, -0.05921,  0.0286,  0.17271,  0.99469,  0.20377,  0.99184
9151, 3216,  0.0244, -0.06427,  0.04212,  0.28972,  0.96221,  0.32077,  0.97076
9152, 3215,  0.01582, -0.06147,  0.03009,  0.17271,  0.95358,  0.20377,  0.97076
9153, 3218,  0.02008, -0.05921,  0.0286,  0.17271,  0.99469,  0.20377,  0.99184
9154, 3219,  0.02839, -0.06325,  0.03998,  0.28972,  0.99469,  0.32077,  0.99184
9155, 3216,  0.0244, -0.06427,  0.04212,  0.28972,  0.96221,  0.32077,  0.97076
9156, 3214,  0.01032, -0.06359,  0.03309,  0.17271,  0.90916,  0.20377,  0.94904
9157, 3217,  0.01878, -0.06513,  0.04526,  0.28972,  0.92211,  0.32077,  0.94904
9158, 3220,  0.00994, -0.06568,  0.0504,  0.28972,  0.86678,  0.32077,  0.92604
9159, 3214,  0.01032, -0.06359,  0.03309,  0.17271,  0.90916,  0.20377,  0.94904
9160, 3220,  0.00994, -0.06568,  0.0504,  0.28972,  0.86678,  0.32077,  0.92604
9161, 3221,  0.00232, -0.06542,  0.0391,  0.17271,  0.85814,  0.20377,  0.92604
9162, 3221,  0.00232, -0.06542,  0.0391,  0.17271,  0.85814,  0.20377,  0.92604
9163, 3220,  0.00994, -0.06568,  0.0504,  0.28972,  0.86678,  0.32077,  0.92604
9164, 3222,  0.00053, -0.06586,  0.05673,  0.28972,  0.80691,  0.32077,  0.90223
9165, 3221,  0.00232, -0.06542,  0.0391,  0.17271,  0.85814,  0.20377,  0.92604
9166, 3222,  0.00053, -0.06586,  0.05673,  0.28972,  0.80691,  0.32077,  0.90223
9167, 3223, -0.00621, -0.06615,  0.04682,  0.17271,  0.80475,  0.20377,  0.90223
9168, 3223, -0.00621, -0.06615,  0.04682,  0.17271,  0.80475,  0.20377,  0.90223
9169, 3222,  0.00053, -0.06586,  0.05673,  0.28972,  0.80691,  0.32077,  0.90223
9170, 3224, -0.0068, -0.0656,  0.06342,  0.28972,  0.75319,  0.32077,  0.87807
9171, 3223, -0.00621, -0.06615,  0.04682,  0.17271,  0.80475,  0.20377,  0.90223
9172, 3224, -0.0068, -0.0656,  0.06342,  0.28972,  0.75319,  0.32077,  0.87807
9173, 3225, -0.01333, -0.06496,  0.05499,  0.17271,  0.75319,  0.20377,  0.87807
9174, 3225, -0.01333, -0.06496,  0.05499,  0.17271,  0.75319,  0.20377,  0.87807
9175, 3224, -0.0068, -0.0656,  0.06342,  0.28972,  0.75319,  0.32077,  0.87807
9176, 3226, -0.01309, -0.06511,  0.07028,  0.28972,  0.70255,  0.32077,  0.85375
9177, 3225, -0.01333, -0.06496,  0.05499,  0.17271,  0.75319,  0.20377,  0.87807
9178, 3226, -0.01309, -0.06511,  0.07028,  0.28972,  0.70255,  0.32077,  0.85375
9179, 3227, -0.01974, -0.06281,  0.06337,  0.17271,  0.70255,  0.20377,  0.85375
9180, 3228,  0.00665, -0.06506,  0.02937,  0.57547,  0.88843,  0.7895,  0.94275
9181, 3229,  0.01205, -0.05971,  0.02359,  0.57547,  0.9416,  0.7895,  0.96745
9182, 3230,  0.01976, -0.06313,  0.03247,  0.65079,  0.9416,  0.86482,  0.96745
9183, 3228,  0.00665, -0.06506,  0.02937,  0.57547,  0.88843,  0.7895,  0.94275
9184, 3230,  0.01976, -0.06313,  0.03247,  0.65079,  0.9416,  0.86482,  0.96745
9185, 3231,  0.0161, -0.06593,  0.03754,  0.65079,  0.88843,  0.86482,  0.94275
9186, 3232,  0.0171, -0.05311,  0.01944,  0.57547,  0.99469,  0.7895,  0.99184
9187, 3230,  0.01976, -0.06313,  0.03247,  0.65079,  0.9416,  0.86482,  0.96745
9188, 3229,  0.01205, -0.05971,  0.02359,  0.57547,  0.9416,  0.7895,  0.96745
9189, 3232,  0.0171, -0.05311,  0.01944,  0.57547,  0.99469,  0.7895,  0.99184
9190, 3233,  0.02196, -0.05946,  0.02831,  0.65079,  0.99469,  0.86482,  0.99184
9191, 3230,  0.01976, -0.06313,  0.03247,  0.65079,  0.9416,  0.86482,  0.96745
9192, 3231,  0.0161, -0.06593,  0.03754,  0.65079,  0.88843,  0.86482,  0.94275
9193, 3234,  0.00056, -0.0679,  0.0384,  0.57547,  0.83509,  0.7895,  0.91741
9194, 3228,  0.00665, -0.06506,  0.02937,  0.57547,  0.88843,  0.7895,  0.94275
9195, 3231,  0.0161, -0.06593,  0.03754,  0.65079,  0.88843,  0.86482,  0.94275
9196, 3235,  0.00955, -0.067,  0.04441,  0.65079,  0.83509,  0.86482,  0.91741
9197, 3234,  0.00056, -0.0679,  0.0384,  0.57547,  0.83509,  0.7895,  0.91741
9198, 3236, -0.00501, -0.06858,  0.04851,  0.57547,  0.78187,  0.7895,  0.89185
9199, 3234,  0.00056, -0.0679,  0.0384,  0.57547,  0.83509,  0.7895,  0.91741
9200, 3235,  0.00955, -0.067,  0.04441,  0.65079,  0.83509,  0.86482,  0.91741
9201, 3236, -0.00501, -0.06858,  0.04851,  0.57547,  0.78187,  0.7895,  0.89185
9202, 3235,  0.00955, -0.067,  0.04441,  0.65079,  0.83509,  0.86482,  0.91741
9203, 3237,  0.00265, -0.06715,  0.05217,  0.65079,  0.78187,  0.86482,  0.89185
9204, 3236, -0.00501, -0.06858,  0.04851,  0.57547,  0.78187,  0.7895,  0.89185
9205, 3237,  0.00265, -0.06715,  0.05217,  0.65079,  0.78187,  0.86482,  0.89185
9206, 3238, -0.00206, -0.06721,  0.05985,  0.65079,  0.72905,  0.86482,  0.86648
9207, 3236, -0.00501, -0.06858,  0.04851,  0.57547,  0.78187,  0.7895,  0.89185
9208, 3238, -0.00206, -0.06721,  0.05985,  0.65079,  0.72905,  0.86482,  0.86648
9209, 3239, -0.00883, -0.06743,  0.05755,  0.57547,  0.72905,  0.7895,  0.86648
9210, 3240, -0.01178, -0.06535,  0.06606,  0.57547,  0.67644,  0.7895,  0.84121
9211, 3239, -0.00883, -0.06743,  0.05755,  0.57547,  0.72905,  0.7895,  0.86648
9212, 3238, -0.00206, -0.06721,  0.05985,  0.65079,  0.72905,  0.86482,  0.86648
9213, 3240, -0.01178, -0.06535,  0.06606,  0.57547,  0.67644,  0.7895,  0.84121
9214, 3238, -0.00206, -0.06721,  0.05985,  0.65079,  0.72905,  0.86482,  0.86648
9215, 3241, -0.00568, -0.06721,  0.06751,  0.65079,  0.67644,  0.86482,  0.84121
9216, 3242, -0.03644,  0.00981, -0.00983,  0.67495,  0.87987,  0.65966,  0.75603
9217, 3243, -0.03299,  0.02544, -0.0067,  0.55795,  0.87987,  0.54265,  0.75603
9218, 3244, -0.02439,  0.02994, -0.01204,  0.55744,  0.90939,  0.54265,  0.80251
9219, 3242, -0.03644,  0.00981, -0.00983,  0.67495,  0.87987,  0.65966,  0.75603
9220, 3244, -0.02439,  0.02994, -0.01204,  0.55744,  0.90939,  0.54265,  0.80251
9221, 3245, -0.02919,  0.01645, -0.01592,  0.67444,  0.90939,  0.65966,  0.80251
9222, 3245, -0.02919,  0.01645, -0.01592,  0.67444,  0.90939,  0.65966,  0.80251
9223, 3244, -0.02439,  0.02994, -0.01204,  0.55744,  0.90939,  0.54265,  0.80251
9224, 3246, -0.01659,  0.03257, -0.01506,  0.55709,  0.93767,  0.54265,  0.84556
9225, 3245, -0.02919,  0.01645, -0.01592,  0.67444,  0.90939,  0.65966,  0.80251
9226, 3246, -0.01659,  0.03257, -0.01506,  0.55709,  0.93767,  0.54265,  0.84556
9227, 3247, -0.02235,  0.0217, -0.0196,  0.6741,  0.93767,  0.65966,  0.84556
9228, 3248, -0.04316,  0.0039, -0.00113,  0.67512,  0.84769,  0.65966,  0.70753
9229, 3243, -0.03299,  0.02544, -0.0067,  0.55795,  0.87987,  0.54265,  0.75603
9230, 3242, -0.03644,  0.00981, -0.00983,  0.67495,  0.87987,  0.65966,  0.75603
9231, 3248, -0.04316,  0.0039, -0.00113,  0.67512,  0.84769,  0.65966,  0.70753
9232, 3249, -0.04226,  0.01965,  0.00245,  0.55812,  0.84769,  0.54265,  0.70753
9233, 3243, -0.03299,  0.02544, -0.0067,  0.55795,  0.87987,  0.54265,  0.75603
9234, 3250, -0.04866, -0.00099,  0.00993,  0.67512,  0.81425,  0.65966,  0.6581
9235, 3249, -0.04226,  0.01965,  0.00245,  0.55812,  0.84769,  0.54265,  0.70753
9236, 3248, -0.04316,  0.0039, -0.00113,  0.67512,  0.84769,  0.65966,  0.70753
9237, 3250, -0.04866, -0.00099,  0.00993,  0.67512,  0.81425,  0.65966,  0.6581
9238, 3251, -0.05068,  0.01407,  0.01402,  0.55812,  0.81425,  0.54265,  0.6581
9239, 3249, -0.04226,  0.01965,  0.00245,  0.55812,  0.84769,  0.54265,  0.70753
9240, 3252, -0.05227, -0.00457,  0.02309,  0.67512,  0.78092,  0.65966,  0.60885
9241, 3251, -0.05068,  0.01407,  0.01402,  0.55812,  0.81425,  0.54265,  0.6581
9242, 3250, -0.04866, -0.00099,  0.00993,  0.67512,  0.81425,  0.65966,  0.6581
9243, 3252, -0.05227, -0.00457,  0.02309,  0.67512,  0.78092,  0.65966,  0.60885
9244, 3253, -0.0567,  0.01017,  0.02662,  0.55812,  0.78092,  0.54265,  0.60885
9245, 3251, -0.05068,  0.01407,  0.01402,  0.55812,  0.81425,  0.54265,  0.6581
9246, 3254, -0.05434, -0.00696,  0.03767,  0.67512,  0.74704,  0.65966,  0.55878
9247, 3253, -0.0567,  0.01017,  0.02662,  0.55812,  0.78092,  0.54265,  0.60885
9248, 3252, -0.05227, -0.00457,  0.02309,  0.67512,  0.78092,  0.65966,  0.60885
9249, 3254, -0.05434, -0.00696,  0.03767,  0.67512,  0.74704,  0.65966,  0.55878
9250, 3255, -0.06,  0.00755,  0.04009,  0.55812,  0.74704,  0.54265,  0.55878
9251, 3253, -0.0567,  0.01017,  0.02662,  0.55812,  0.78092,  0.54265,  0.60885
9252, 3256, -0.05525, -0.00827,  0.053,  0.67512,  0.71195,  0.65966,  0.50693
9253, 3255, -0.06,  0.00755,  0.04009,  0.55812,  0.74704,  0.54265,  0.55878
9254, 3254, -0.05434, -0.00696,  0.03767,  0.67512,  0.74704,  0.65966,  0.55878
9255, 3256, -0.05525, -0.00827,  0.053,  0.67512,  0.71195,  0.65966,  0.50693
9256, 3257, -0.06024,  0.00579,  0.05427,  0.55812,  0.71195,  0.54265,  0.50693
9257, 3255, -0.06,  0.00755,  0.04009,  0.55812,  0.74704,  0.54265,  0.55878
9258, 3258, -0.05538, -0.00858,  0.06733,  0.67512,  0.67673,  0.65966,  0.45488
9259, 3257, -0.06024,  0.00579,  0.05427,  0.55812,  0.71195,  0.54265,  0.50693
9260, 3256, -0.05525, -0.00827,  0.053,  0.67512,  0.71195,  0.65966,  0.50693
9261, 3258, -0.05538, -0.00858,  0.06733,  0.67512,  0.67673,  0.65966,  0.45488
9262, 3259, -0.05866,  0.00485,  0.06793,  0.55812,  0.67673,  0.54265,  0.45488
9263, 3257, -0.06024,  0.00579,  0.05427,  0.55812,  0.71195,  0.54265,  0.50693
9264, 3260, -0.05514, -0.00795,  0.07889,  0.67512,  0.64245,  0.65966,  0.40422
9265, 3259, -0.05866,  0.00485,  0.06793,  0.55812,  0.67673,  0.54265,  0.45488
9266, 3258, -0.05538, -0.00858,  0.06733,  0.67512,  0.67673,  0.65966,  0.45488
9267, 3260, -0.05514, -0.00795,  0.07889,  0.67512,  0.64245,  0.65966,  0.40422
9268, 3261, -0.05651,  0.00469,  0.07979,  0.55812,  0.64245,  0.54265,  0.40422
9269, 3259, -0.05866,  0.00485,  0.06793,  0.55812,  0.67673,  0.54265,  0.45488
9270, 3262, -0.05399, -0.00644,  0.08806,  0.67512,  0.60901,  0.65966,  0.35479
9271, 3261, -0.05651,  0.00469,  0.07979,  0.55812,  0.64245,  0.54265,  0.40422
9272, 3260, -0.05514, -0.00795,  0.07889,  0.67512,  0.64245,  0.65966,  0.40422
9273, 3262, -0.05399, -0.00644,  0.08806,  0.67512,  0.60901,  0.65966,  0.35479
9274, 3263, -0.05359,  0.00561,  0.08952,  0.55812,  0.60901,  0.54265,  0.35479
9275, 3261, -0.05651,  0.00469,  0.07979,  0.55812,  0.64245,  0.54265,  0.40422
9276, 3264, -0.05144, -0.00413,  0.09522,  0.67512,  0.57629,  0.65966,  0.30644
9277, 3263, -0.05359,  0.00561,  0.08952,  0.55812,  0.60901,  0.54265,  0.35479
9278, 3262, -0.05399, -0.00644,  0.08806,  0.67512,  0.60901,  0.65966,  0.35479
9279, 3264, -0.05144, -0.00413,  0.09522,  0.67512,  0.57629,  0.65966,  0.30644
9280, 3265, -0.04967,  0.00793,  0.09679,  0.55812,  0.57629,  0.54265,  0.30644
9281, 3263, -0.05359,  0.00561,  0.08952,  0.55812,  0.60901,  0.54265,  0.35479
9282, 3266, -0.04818, -0.00142,  0.10137,  0.67512,  0.54393,  0.65966,  0.25862
9283, 3265, -0.04967,  0.00793,  0.09679,  0.55812,  0.57629,  0.54265,  0.30644
9284, 3264, -0.05144, -0.00413,  0.09522,  0.67512,  0.57629,  0.65966,  0.30644
9285, 3266, -0.04818, -0.00142,  0.10137,  0.67512,  0.54393,  0.65966,  0.25862
9286, 3267, -0.04527,  0.01094,  0.10282,  0.55812,  0.54393,  0.54265,  0.25862
9287, 3265, -0.04967,  0.00793,  0.09679,  0.55812,  0.57629,  0.54265,  0.30644
9288, 3247, -0.02235,  0.0217, -0.0196,  0.6741,  0.93767,  0.65966,  0.84556
9289, 3246, -0.01659,  0.03257, -0.01506,  0.55709,  0.93767,  0.54265,  0.84556
9290, 3268, -0.00973,  0.03273, -0.01722,  0.55744,  0.96614,  0.54265,  0.88376
9291, 3247, -0.02235,  0.0217, -0.0196,  0.6741,  0.93767,  0.65966,  0.84556
9292, 3268, -0.00973,  0.03273, -0.01722,  0.55744,  0.96614,  0.54265,  0.88376
9293, 3269, -0.01685,  0.02347, -0.0211,  0.67444,  0.96614,  0.65966,  0.88376
9294, 3269, -0.01685,  0.02347, -0.0211,  0.67444,  0.96614,  0.65966,  0.88376
9295, 3268, -0.00973,  0.03273, -0.01722,  0.55744,  0.96614,  0.54265,  0.88376
9296, 3270, -0.00334,  0.03166, -0.01894,  0.55812,  0.99469,  0.54265,  0.91953
9297, 3269, -0.01685,  0.02347, -0.0211,  0.67444,  0.96614,  0.65966,  0.88376
9298, 3270, -0.00334,  0.03166, -0.01894,  0.55812,  0.99469,  0.54265,  0.91953
9299, 3271, -0.01202,  0.02349, -0.02151,  0.67512,  0.99469,  0.65966,  0.91953
9300, 3272, -0.03014,  0.04616,  0.00714,  0.64482,  0.85282,  0.86482,  0.78669
9301, 3273, -0.02046,  0.05313,  0.0167,  0.52782,  0.85282,  0.74782,  0.78669
9302, 3274, -0.01538,  0.04852,  0.00461,  0.52782,  0.88324,  0.74782,  0.83233
9303, 3272, -0.03014,  0.04616,  0.00714,  0.64482,  0.85282,  0.86482,  0.78669
9304, 3274, -0.01538,  0.04852,  0.00461,  0.52782,  0.88324,  0.74782,  0.83233
9305, 3275, -0.02497,  0.04058, -0.00444,  0.64482,  0.88324,  0.86482,  0.83233
9306, 3275, -0.02497,  0.04058, -0.00444,  0.64482,  0.88324,  0.86482,  0.83233
9307, 3274, -0.01538,  0.04852,  0.00461,  0.52782,  0.88324,  0.74782,  0.83233
9308, 3276, -0.01035,  0.04328, -0.00541,  0.52782,  0.91543,  0.74782,  0.87884
9309, 3275, -0.02497,  0.04058, -0.00444,  0.64482,  0.88324,  0.86482,  0.83233
9310, 3276, -0.01035,  0.04328, -0.00541,  0.52782,  0.91543,  0.74782,  0.87884
9311, 3277, -0.01962,  0.03439, -0.01366,  0.64482,  0.91543,  0.86482,  0.87884
9312, 3277, -0.01962,  0.03439, -0.01366,  0.64482,  0.91543,  0.86482,  0.87884
9313, 3276, -0.01035,  0.04328, -0.00541,  0.52782,  0.91543,  0.74782,  0.87884
9314, 3278, -0.00604,  0.03817, -0.01264,  0.52782,  0.95358,  0.74782,  0.92828
9315, 3277, -0.01962,  0.03439, -0.01366,  0.64482,  0.91543,  0.86482,  0.87884
9316, 3278, -0.00604,  0.03817, -0.01264,  0.52782,  0.95358,  0.74782,  0.92828
9317, 3279, -0.01452,  0.02965, -0.01892,  0.64482,  0.95358,  0.86482,  0.92828
9318, 3279, -0.01452,  0.02965, -0.01892,  0.64482,  0.95358,  0.86482,  0.92828
9319, 3278, -0.00604,  0.03817, -0.01264,  0.52782,  0.95358,  0.74782,  0.92828
9320, 3280, -0.00208,  0.03313, -0.01847,  0.52782,  0.99469,  0.74782,  0.97917
9321, 3279, -0.01452,  0.02965, -0.01892,  0.64482,  0.95358,  0.86482,  0.92828
9322, 3280, -0.00208,  0.03313, -0.01847,  0.52782,  0.99469,  0.74782,  0.97917
9323, 3281, -0.00955,  0.02563, -0.02219,  0.64482,  0.99469,  0.86482,  0.97917
9324, 3282, -0.0347,  0.04907,  0.01945,  0.64482,  0.81998,  0.86482,  0.73985
9325, 3273, -0.02046,  0.05313,  0.0167,  0.52782,  0.85282,  0.74782,  0.78669
9326, 3272, -0.03014,  0.04616,  0.00714,  0.64482,  0.85282,  0.86482,  0.78669
9327, 3282, -0.0347,  0.04907,  0.01945,  0.64482,  0.81998,  0.86482,  0.73985
9328, 3283, -0.02493,  0.05637,  0.03013,  0.52782,  0.81998,  0.74782,  0.73985
9329, 3273, -0.02046,  0.05313,  0.0167,  0.52782,  0.85282,  0.74782,  0.78669
9330, 3284, -0.03854,  0.0499,  0.03256,  0.64482,  0.78582,  0.86482,  0.69226
9331, 3283, -0.02493,  0.05637,  0.03013,  0.52782,  0.81998,  0.74782,  0.73985
9332, 3282, -0.0347,  0.04907,  0.01945,  0.64482,  0.81998,  0.86482,  0.73985
9333, 3284, -0.03854,  0.0499,  0.03256,  0.64482,  0.78582,  0.86482,  0.69226
9334, 3285, -0.02896,  0.05767,  0.04383,  0.52782,  0.78582,  0.74782,  0.69226
9335, 3283, -0.02493,  0.05637,  0.03013,  0.52782,  0.81998,  0.74782,  0.73985
9336, 3286, -0.04155,  0.04922,  0.0465,  0.64482,  0.75143,  0.86482,  0.64436
9337, 3285, -0.02896,  0.05767,  0.04383,  0.52782,  0.78582,  0.74782,  0.69226
9338, 3284, -0.03854,  0.0499,  0.03256,  0.64482,  0.78582,  0.86482,  0.69226
9339, 3286, -0.04155,  0.04922,  0.0465,  0.64482,  0.75143,  0.86482,  0.64436
9340, 3287, -0.03272,  0.05645,  0.05673,  0.52782,  0.75143,  0.74782,  0.64436
9341, 3285, -0.02896,  0.05767,  0.04383,  0.52782,  0.78582,  0.74782,  0.69226
9342, 3288, -0.04395,  0.04665,  0.05984,  0.64482,  0.71701,  0.86482,  0.59642
9343, 3287, -0.03272,  0.05645,  0.05673,  0.52782,  0.75143,  0.74782,  0.64436
9344, 3286, -0.04155,  0.04922,  0.0465,  0.64482,  0.75143,  0.86482,  0.64436
9345, 3288, -0.04395,  0.04665,  0.05984,  0.64482,  0.71701,  0.86482,  0.59642
9346, 3289, -0.036,  0.05305,  0.06834,  0.52782,  0.71701,  0.74782,  0.59642
9347, 3287, -0.03272,  0.05645,  0.05673,  0.52782,  0.75143,  0.74782,  0.64436
9348, 3290, -0.04595,  0.04185,  0.07116,  0.64482,  0.68277,  0.86482,  0.54871
9349, 3289, -0.036,  0.05305,  0.06834,  0.52782,  0.71701,  0.74782,  0.59642
9350, 3288, -0.04395,  0.04665,  0.05984,  0.64482,  0.71701,  0.86482,  0.59642
9351, 3290, -0.04595,  0.04185,  0.07116,  0.64482,  0.68277,  0.86482,  0.54871
9352, 3291, -0.03859,  0.0478,  0.07821,  0.52782,  0.68277,  0.74782,  0.54871
9353, 3289, -0.036,  0.05305,  0.06834,  0.52782,  0.71701,  0.74782,  0.59642
9354, 3292, -0.04741,  0.03577,  0.08064,  0.64482,  0.64779,  0.86482,  0.49998
9355, 3291, -0.03859,  0.0478,  0.07821,  0.52782,  0.68277,  0.74782,  0.54871
9356, 3290, -0.04595,  0.04185,  0.07116,  0.64482,  0.68277,  0.86482,  0.54871
9357, 3292, -0.04741,  0.03577,  0.08064,  0.64482,  0.64779,  0.86482,  0.49998
9358, 3293, -0.0408,  0.04138,  0.08653,  0.52782,  0.64779,  0.74782,  0.49998
9359, 3291, -0.03859,  0.0478,  0.07821,  0.52782,  0.68277,  0.74782,  0.54871
9360, 3294, -0.04819,  0.02937,  0.08848,  0.64482,  0.61116,  0.86482,  0.44896
9361, 3293, -0.0408,  0.04138,  0.08653,  0.52782,  0.64779,  0.74782,  0.49998
9362, 3292, -0.04741,  0.03577,  0.08064,  0.64482,  0.64779,  0.86482,  0.49998
9363, 3294, -0.04819,  0.02937,  0.08848,  0.64482,  0.61116,  0.86482,  0.44896
9364, 3295, -0.04296,  0.03447,  0.09349,  0.52782,  0.61116,  0.74782,  0.44896
9365, 3293, -0.0408,  0.04138,  0.08653,  0.52782,  0.64779,  0.74782,  0.49998
9366, 3296, -0.04818,  0.02233,  0.09524,  0.64482,  0.57463,  0.86482,  0.39807
9367, 3295, -0.04296,  0.03447,  0.09349,  0.52782,  0.61116,  0.74782,  0.44896
9368, 3294, -0.04819,  0.02937,  0.08848,  0.64482,  0.61116,  0.86482,  0.44896
9369, 3296, -0.04818,  0.02233,  0.09524,  0.64482,  0.57463,  0.86482,  0.39807
9370, 3297, -0.04443,  0.02675,  0.09937,  0.52782,  0.57463,  0.74782,  0.39807
9371, 3295, -0.04296,  0.03447,  0.09349,  0.52782,  0.61116,  0.74782,  0.44896
9372, 3298, -0.04723,  0.01431,  0.10152,  0.64482,  0.53995,  0.86482,  0.34976
9373, 3297, -0.04443,  0.02675,  0.09937,  0.52782,  0.57463,  0.74782,  0.39807
9374, 3296, -0.04818,  0.02233,  0.09524,  0.64482,  0.57463,  0.86482,  0.39807
9375, 3298, -0.04723,  0.01431,  0.10152,  0.64482,  0.53995,  0.86482,  0.34976
9376, 3299, -0.04457,  0.01791,  0.10445,  0.52782,  0.53995,  0.74782,  0.34976
9377, 3297, -0.04443,  0.02675,  0.09937,  0.52782,  0.57463,  0.74782,  0.39807
9378, 3300, -0.04582,  0.0058,  0.10754,  0.64482,  0.5062,  0.86482,  0.30275
9379, 3299, -0.04457,  0.01791,  0.10445,  0.52782,  0.53995,  0.74782,  0.34976
9380, 3298, -0.04723,  0.01431,  0.10152,  0.64482,  0.53995,  0.86482,  0.34976
9381, 3300, -0.04582,  0.0058,  0.10754,  0.64482,  0.5062,  0.86482,  0.30275
9382, 3301, -0.04405,  0.0085,  0.10914,  0.52782,  0.5062,  0.74782,  0.30275
9383, 3299, -0.04457,  0.01791,  0.10445,  0.52782,  0.53995,  0.74782,  0.34976
9384, 3302,  0.06178,  0.00969,  0.12645,  0.36461,  0.90608,  0.28446,  0.85929
9385, 3303,  0.06333, -0.00749,  0.12702,  0.28391,  0.90608,  0.20377,  0.85929
9386, 3304,  0.0661, -0.00757,  0.12088,  0.28391,  0.94781,  0.20377,  0.91589
9387, 3302,  0.06178,  0.00969,  0.12645,  0.36461,  0.90608,  0.28446,  0.85929
9388, 3304,  0.0661, -0.00757,  0.12088,  0.28391,  0.94781,  0.20377,  0.91589
9389, 3305,  0.06396,  0.00967,  0.12077,  0.36461,  0.94781,  0.28446,  0.91589
9390, 3305,  0.06396,  0.00967,  0.12077,  0.36461,  0.94781,  0.28446,  0.91589
9391, 3304,  0.0661, -0.00757,  0.12088,  0.28391,  0.94781,  0.20377,  0.91589
9392, 3306,  0.06822, -0.00787,  0.11368,  0.28391,  0.99469,  0.20377,  0.97917
9393, 3305,  0.06396,  0.00967,  0.12077,  0.36461,  0.94781,  0.28446,  0.91589
9394, 3306,  0.06822, -0.00787,  0.11368,  0.28391,  0.99469,  0.20377,  0.97917
9395, 3307,  0.06537,  0.00959,  0.11415,  0.36461,  0.99469,  0.28446,  0.97917
9396, 3308,  0.05803,  0.00956,  0.13024,  0.36461,  0.87469,  0.28446,  0.81607
9397, 3303,  0.06333, -0.00749,  0.12702,  0.28391,  0.90608,  0.20377,  0.85929
9398, 3302,  0.06178,  0.00969,  0.12645,  0.36461,  0.90608,  0.28446,  0.85929
9399, 3308,  0.05803,  0.00956,  0.13024,  0.36461,  0.87469,  0.28446,  0.81607
9400, 3309,  0.05929, -0.00782,  0.13102,  0.28391,  0.87469,  0.20377,  0.81607
9401, 3303,  0.06333, -0.00749,  0.12702,  0.28391,  0.90608,  0.20377,  0.85929
9402, 3310,  0.053,  0.00932,  0.13285,  0.36461,  0.84773,  0.28446,  0.77851
9403, 3309,  0.05929, -0.00782,  0.13102,  0.28391,  0.87469,  0.20377,  0.81607
9404, 3308,  0.05803,  0.00956,  0.13024,  0.36461,  0.87469,  0.28446,  0.81607
9405, 3310,  0.053,  0.00932,  0.13285,  0.36461,  0.84773,  0.28446,  0.77851
9406, 3311,  0.05409, -0.00819,  0.13369,  0.28391,  0.84773,  0.20377,  0.77851
9407, 3309,  0.05929, -0.00782,  0.13102,  0.28391,  0.87469,  0.20377,  0.81607
9408, 3311,  0.05409, -0.00819,  0.13369,  0.28391,  0.84773,  0.20377,  0.77851
9409, 3310,  0.053,  0.00932,  0.13285,  0.36461,  0.84773,  0.28446,  0.77851
9410, 3312,  0.04698,  0.00896,  0.13495,  0.36461,  0.8193,  0.28446,  0.7389
9411, 3311,  0.05409, -0.00819,  0.13369,  0.28391,  0.84773,  0.20377,  0.77851
9412, 3312,  0.04698,  0.00896,  0.13495,  0.36461,  0.8193,  0.28446,  0.7389
9413, 3313,  0.04788, -0.00819,  0.13583,  0.28391,  0.8193,  0.20377,  0.7389
9414, 3314,  0.04096, -0.00792,  0.13757,  0.28391,  0.78988,  0.20377,  0.69792
9415, 3313,  0.04788, -0.00819,  0.13583,  0.28391,  0.8193,  0.20377,  0.7389
9416, 3312,  0.04698,  0.00896,  0.13495,  0.36461,  0.8193,  0.28446,  0.7389
9417, 3314,  0.04096, -0.00792,  0.13757,  0.28391,  0.78988,  0.20377,  0.69792
9418, 3312,  0.04698,  0.00896,  0.13495,  0.36461,  0.8193,  0.28446,  0.7389
9419, 3315,  0.0403,  0.00853,  0.13671,  0.36461,  0.78988,  0.28446,  0.69792
9420, 3316,  0.03328,  0.00803,  0.13831,  0.36461,  0.75995,  0.28446,  0.65623
9421, 3314,  0.04096, -0.00792,  0.13757,  0.28391,  0.78988,  0.20377,  0.69792
9422, 3315,  0.0403,  0.00853,  0.13671,  0.36461,  0.78988,  0.28446,  0.69792
9423, 3316,  0.03328,  0.00803,  0.13831,  0.36461,  0.75995,  0.28446,  0.65623
9424, 3317,  0.03367, -0.00748,  0.13903,  0.28391,  0.75995,  0.20377,  0.65623
9425, 3314,  0.04096, -0.00792,  0.13757,  0.28391,  0.78988,  0.20377,  0.69792
9426, 3318,  0.02611,  0.00751,  0.13974,  0.36461,  0.72853,  0.28446,  0.61246
9427, 3317,  0.03367, -0.00748,  0.13903,  0.28391,  0.75995,  0.20377,  0.65623
9428, 3316,  0.03328,  0.00803,  0.13831,  0.36461,  0.75995,  0.28446,  0.65623
9429, 3318,  0.02611,  0.00751,  0.13974,  0.36461,  0.72853,  0.28446,  0.61246
9430, 3319,  0.02625, -0.00693,  0.1402,  0.28391,  0.72853,  0.20377,  0.61246
9431, 3317,  0.03367, -0.00748,  0.13903,  0.28391,  0.75995,  0.20377,  0.65623
9432, 3320,  0.01896,  0.00698,  0.14095,  0.36461,  0.69463,  0.28446,  0.56524
9433, 3319,  0.02625, -0.00693,  0.1402,  0.28391,  0.72853,  0.20377,  0.61246
9434, 3318,  0.02611,  0.00751,  0.13974,  0.36461,  0.72853,  0.28446,  0.61246
9435, 3320,  0.01896,  0.00698,  0.14095,  0.36461,  0.69463,  0.28446,  0.56524
9436, 3321,  0.01896, -0.0063,  0.14104,  0.28391,  0.69463,  0.20377,  0.56524
9437, 3319,  0.02625, -0.00693,  0.1402,  0.28391,  0.72853,  0.20377,  0.61246
9438, 3322,  0.01162,  0.0064,  0.14158,  0.36461,  0.65884,  0.28446,  0.51538
9439, 3321,  0.01896, -0.0063,  0.14104,  0.28391,  0.69463,  0.20377,  0.56524
9440, 3320,  0.01896,  0.00698,  0.14095,  0.36461,  0.69463,  0.28446,  0.56524
9441, 3322,  0.01162,  0.0064,  0.14158,  0.36461,  0.65884,  0.28446,  0.51538
9442, 3323,  0.01164, -0.00561,  0.14145,  0.28391,  0.65884,  0.20377,  0.51538
9443, 3321,  0.01896, -0.0063,  0.14104,  0.28391,  0.69463,  0.20377,  0.56524
9444, 3323,  0.01164, -0.00561,  0.14145,  0.28391,  0.65884,  0.20377,  0.51538
9445, 3322,  0.01162,  0.0064,  0.14158,  0.36461,  0.65884,  0.28446,  0.51538
9446, 3324,  0.00384,  0.00571,  0.14124,  0.36461,  0.62175,  0.28446,  0.46371
9447, 3323,  0.01164, -0.00561,  0.14145,  0.28391,  0.65884,  0.20377,  0.51538
9448, 3324,  0.00384,  0.00571,  0.14124,  0.36461,  0.62175,  0.28446,  0.46371
9449, 3325,  0.00418, -0.00482,  0.14129,  0.28391,  0.62175,  0.20377,  0.46371
9450, 3326, -0.00375, -0.00395,  0.13977,  0.28391,  0.59087,  0.20377,  0.41072
9451, 3325,  0.00418, -0.00482,  0.14129,  0.28391,  0.62175,  0.20377,  0.46371
9452, 3324,  0.00384,  0.00571,  0.14124,  0.36461,  0.62175,  0.28446,  0.46371
9453, 3326, -0.00375, -0.00395,  0.13977,  0.28391,  0.59087,  0.20377,  0.41072
9454, 3324,  0.00384,  0.00571,  0.14124,  0.36461,  0.62175,  0.28446,  0.46371
9455, 3327, -0.00434,  0.00482,  0.13962,  0.36461,  0.59087,  0.28446,  0.41072
9456, 3327, -0.00434,  0.00482,  0.13962,  0.36461,  0.59087,  0.28446,  0.41072
9457, 3328, -0.01245, -0.00298,  0.13607,  0.28391,  0.57374,  0.20377,  0.35694
9458, 3326, -0.00375, -0.00395,  0.13977,  0.28391,  0.59087,  0.20377,  0.41072
9459, 3327, -0.00434,  0.00482,  0.13962,  0.36461,  0.59087,  0.28446,  0.41072
9460, 3329, -0.01288,  0.00363,  0.1364,  0.36461,  0.57374,  0.28446,  0.35694
9461, 3328, -0.01245, -0.00298,  0.13607,  0.28391,  0.57374,  0.20377,  0.35694
9462, 3330, -0.02153, -0.00195,  0.1313,  0.28391,  0.56348,  0.20377,  0.30275
9463, 3328, -0.01245, -0.00298,  0.13607,  0.28391,  0.57374,  0.20377,  0.35694
9464, 3329, -0.01288,  0.00363,  0.1364,  0.36461,  0.57374,  0.28446,  0.35694
9465, 3330, -0.02153, -0.00195,  0.1313,  0.28391,  0.56348,  0.20377,  0.30275
9466, 3329, -0.01288,  0.00363,  0.1364,  0.36461,  0.57374,  0.28446,  0.35694
9467, 3331, -0.0216,  0.00229,  0.13239,  0.36461,  0.56348,  0.28446,  0.30275
9468, 3332,  0.04215, -0.06491,  0.08177,  0.37135,  0.89789,  0.64204,  0.82667
9469, 3333,  0.03436, -0.06679,  0.07187,  0.25475,  0.89789,  0.58354,  0.82667
9470, 3334,  0.04529, -0.06316,  0.0698,  0.25475,  0.94572,  0.58354,  0.87229
9471, 3332,  0.04215, -0.06491,  0.08177,  0.37135,  0.89789,  0.64204,  0.82667
9472, 3334,  0.04529, -0.06316,  0.0698,  0.25475,  0.94572,  0.58354,  0.87229
9473, 3335,  0.05175, -0.06092,  0.07981,  0.37135,  0.94572,  0.64204,  0.87229
9474, 3335,  0.05175, -0.06092,  0.07981,  0.37135,  0.94572,  0.64204,  0.87229
9475, 3334,  0.04529, -0.06316,  0.0698,  0.25475,  0.94572,  0.58354,  0.87229
9476, 3336,  0.05664, -0.05927,  0.06789,  0.25475,  0.99739,  0.58354,  0.91803
9477, 3335,  0.05175, -0.06092,  0.07981,  0.37135,  0.94572,  0.64204,  0.87229
9478, 3336,  0.05664, -0.05927,  0.06789,  0.25475,  0.99739,  0.58354,  0.91803
9479, 3337,  0.06164, -0.05664,  0.07787,  0.37135,  0.99739,  0.64204,  0.91803
9480, 3338,  0.0331, -0.06834,  0.08373,  0.37135,  0.85774,  0.64204,  0.78127
9481, 3333,  0.03436, -0.06679,  0.07187,  0.25475,  0.89789,  0.58354,  0.82667
9482, 3332,  0.04215, -0.06491,  0.08177,  0.37135,  0.89789,  0.64204,  0.82667
9483, 3338,  0.0331, -0.06834,  0.08373,  0.37135,  0.85774,  0.64204,  0.78127
9484, 3339,  0.0243, -0.06989,  0.07427,  0.25475,  0.85774,  0.58354,  0.78127
9485, 3333,  0.03436, -0.06679,  0.07187,  0.25475,  0.89789,  0.58354,  0.82667
9486, 3340,  0.02413, -0.07062,  0.08619,  0.37135,  0.82562,  0.64204,  0.73588
9487, 3339,  0.0243, -0.06989,  0.07427,  0.25475,  0.85774,  0.58354,  0.78127
9488, 3338,  0.0331, -0.06834,  0.08373,  0.37135,  0.85774,  0.64204,  0.78127
9489, 3340,  0.02413, -0.07062,  0.08619,  0.37135,  0.82562,  0.64204,  0.73588
9490, 3341,  0.01514, -0.07165,  0.07726,  0.25475,  0.82562,  0.58354,  0.73588
9491, 3339,  0.0243, -0.06989,  0.07427,  0.25475,  0.85774,  0.58354,  0.78127
9492, 3342, -0.01361, -0.05918,  0.09738,  0.25475,  0.71644,  0.58354,  0.55307
9493, 3343, -0.00765, -0.06457,  0.0916,  0.25475,  0.7494,  0.58354,  0.59878
9494, 3344, -0.00132, -0.06598,  0.09875,  0.37135,  0.7494,  0.64204,  0.59878
9495, 3342, -0.01361, -0.05918,  0.09738,  0.25475,  0.71644,  0.58354,  0.55307
9496, 3344, -0.00132, -0.06598,  0.09875,  0.37135,  0.7494,  0.64204,  0.59878
9497, 3345, -0.00708, -0.06051,  0.10381,  0.37135,  0.71644,  0.64204,  0.55307
9498, 3346, -0.00062, -0.06881,  0.08592,  0.25475,  0.77906,  0.58354,  0.64456
9499, 3344, -0.00132, -0.06598,  0.09875,  0.37135,  0.7494,  0.64204,  0.59878
9500, 3343, -0.00765, -0.06457,  0.0916,  0.25475,  0.7494,  0.58354,  0.59878
9501, 3346, -0.00062, -0.06881,  0.08592,  0.25475,  0.77906,  0.58354,  0.64456
9502, 3347,  0.00595, -0.06971,  0.09388,  0.37135,  0.77906,  0.64204,  0.64456
9503, 3344, -0.00132, -0.06598,  0.09875,  0.37135,  0.7494,  0.64204,  0.59878
9504, 3345, -0.00708, -0.06051,  0.10381,  0.37135,  0.71644,  0.64204,  0.55307
9505, 3348, -0.01789, -0.0533,  0.10246,  0.25475,  0.68364,  0.58354,  0.50759
9506, 3342, -0.01361, -0.05918,  0.09738,  0.25475,  0.71644,  0.58354,  0.55307
9507, 3345, -0.00708, -0.06051,  0.10381,  0.37135,  0.71644,  0.64204,  0.55307
9508, 3349, -0.01138, -0.05381,  0.10865,  0.37135,  0.68364,  0.64204,  0.50759
9509, 3348, -0.01789, -0.0533,  0.10246,  0.25475,  0.68364,  0.58354,  0.50759
9510, 3350, -0.02081, -0.04672,  0.10714,  0.25475,  0.65531,  0.58354,  0.46135
9511, 3348, -0.01789, -0.0533,  0.10246,  0.25475,  0.68364,  0.58354,  0.50759
9512, 3349, -0.01138, -0.05381,  0.10865,  0.37135,  0.68364,  0.64204,  0.50759
9513, 3350, -0.02081, -0.04672,  0.10714,  0.25475,  0.65531,  0.58354,  0.46135
9514, 3349, -0.01138, -0.05381,  0.10865,  0.37135,  0.68364,  0.64204,  0.50759
9515, 3351, -0.01441, -0.04611,  0.11337,  0.37135,  0.65531,  0.64204,  0.46135
9516, 3351, -0.01441, -0.04611,  0.11337,  0.37135,  0.65531,  0.64204,  0.46135
9517, 3352, -0.02265, -0.03923,  0.11174,  0.25475,  0.63577,  0.58354,  0.41333
9518, 3350, -0.02081, -0.04672,  0.10714,  0.25475,  0.65531,  0.58354,  0.46135
9519, 3351, -0.01441, -0.04611,  0.11337,  0.37135,  0.65531,  0.64204,  0.46135
9520, 3353, -0.01636, -0.03765,  0.11811,  0.37135,  0.63577,  0.64204,  0.41333
9521, 3352, -0.02265, -0.03923,  0.11174,  0.25475,  0.63577,  0.58354,  0.41333
9522, 3354, -0.0245, -0.03026,  0.1161,  0.25475,  0.62167,  0.58354,  0.36356
9523, 3352, -0.02265, -0.03923,  0.11174,  0.25475,  0.63577,  0.58354,  0.41333
9524, 3353, -0.01636, -0.03765,  0.11811,  0.37135,  0.63577,  0.64204,  0.41333
9525, 3354, -0.0245, -0.03026,  0.1161,  0.25475,  0.62167,  0.58354,  0.36356
9526, 3353, -0.01636, -0.03765,  0.11811,  0.37135,  0.63577,  0.64204,  0.41333
9527, 3355, -0.01819, -0.02831,  0.12242,  0.37135,  0.62167,  0.64204,  0.36356
9528, 3355, -0.01819, -0.02831,  0.12242,  0.37135,  0.62167,  0.64204,  0.36356
9529, 3356, -0.02741, -0.01925,  0.12007,  0.25475,  0.60966,  0.58354,  0.31204
9530, 3354, -0.0245, -0.03026,  0.1161,  0.25475,  0.62167,  0.58354,  0.36356
9531, 3355, -0.01819, -0.02831,  0.12242,  0.37135,  0.62167,  0.64204,  0.36356
9532, 3357, -0.02087, -0.01802,  0.12586,  0.37135,  0.60966,  0.64204,  0.31204
9533, 3356, -0.02741, -0.01925,  0.12007,  0.25475,  0.60966,  0.58354,  0.31204
9534, 3358, -0.03085, -0.00723,  0.12383,  0.25475,  0.5987,  0.58354,  0.25965
9535, 3356, -0.02741, -0.01925,  0.12007,  0.25475,  0.60966,  0.58354,  0.31204
9536, 3357, -0.02087, -0.01802,  0.12586,  0.37135,  0.60966,  0.64204,  0.31204
9537, 3358, -0.03085, -0.00723,  0.12383,  0.25475,  0.5987,  0.58354,  0.25965
9538, 3357, -0.02087, -0.01802,  0.12586,  0.37135,  0.60966,  0.64204,  0.31204
9539, 3359, -0.02397, -0.00724,  0.12888,  0.37135,  0.5987,  0.64204,  0.25965
9540, 3360,  0.00595, -0.06971,  0.09388,  0.37135,  0.77906,  0.64204,  0.64456
9541, 3361, -0.00062, -0.06881,  0.08592,  0.25475,  0.77906,  0.58354,  0.64456
9542, 3362,  0.0069, -0.07123,  0.08115,  0.25475,  0.80193,  0.58354,  0.69029
9543, 3360,  0.00595, -0.06971,  0.09388,  0.37135,  0.77906,  0.64204,  0.64456
9544, 3362,  0.0069, -0.07123,  0.08115,  0.25475,  0.80193,  0.58354,  0.69029
9545, 3363,  0.01475, -0.07117,  0.08964,  0.37135,  0.80193,  0.64204,  0.69029
9546, 3363,  0.01475, -0.07117,  0.08964,  0.37135,  0.80193,  0.64204,  0.69029
9547, 3362,  0.0069, -0.07123,  0.08115,  0.25475,  0.80193,  0.58354,  0.69029
9548, 3364,  0.01514, -0.07165,  0.07726,  0.25475,  0.82562,  0.58354,  0.73588
9549, 3363,  0.01475, -0.07117,  0.08964,  0.37135,  0.80193,  0.64204,  0.69029
9550, 3364,  0.01514, -0.07165,  0.07726,  0.25475,  0.82562,  0.58354,  0.73588
9551, 3365,  0.02413, -0.07062,  0.08619,  0.37135,  0.82562,  0.64204,  0.73588
9552, 3366, -0.029, -0.03238,  0.11787,  0.57532,  0.61849,  0.29495,  0.40959
9553, 3367, -0.03197, -0.02716,  0.11549,  0.57532,  0.69693,  0.29495,  0.45735
9554, 3368, -0.03106, -0.02328,  0.11691,  0.69536,  0.69693,  0.35935,  0.45735
9555, 3366, -0.029, -0.03238,  0.11787,  0.57532,  0.61849,  0.29495,  0.40959
9556, 3368, -0.03106, -0.02328,  0.11691,  0.69536,  0.69693,  0.35935,  0.45735
9557, 3369, -0.0272, -0.02833,  0.12021,  0.69536,  0.61849,  0.35935,  0.40959
9558, 3370, -0.03522, -0.02247,  0.11349,  0.57532,  0.77519,  0.29495,  0.50501
9559, 3368, -0.03106, -0.02328,  0.11691,  0.69536,  0.69693,  0.35935,  0.45735
9560, 3367, -0.03197, -0.02716,  0.11549,  0.57532,  0.69693,  0.29495,  0.45735
9561, 3370, -0.03522, -0.02247,  0.11349,  0.57532,  0.77519,  0.29495,  0.50501
9562, 3371, -0.03523, -0.01865,  0.11392,  0.69536,  0.77519,  0.35935,  0.50501
9563, 3368, -0.03106, -0.02328,  0.11691,  0.69536,  0.69693,  0.35935,  0.45735
9564, 3369, -0.0272, -0.02833,  0.12021,  0.69536,  0.61849,  0.35935,  0.40959
9565, 3372, -0.0266, -0.03867,  0.12101,  0.57532,  0.53968,  0.29495,  0.36159
9566, 3366, -0.029, -0.03238,  0.11787,  0.57532,  0.61849,  0.29495,  0.40959
9567, 3369, -0.0272, -0.02833,  0.12021,  0.69536,  0.61849,  0.35935,  0.40959
9568, 3373, -0.02395, -0.03419,  0.12409,  0.69536,  0.53968,  0.35935,  0.36159
9569, 3372, -0.0266, -0.03867,  0.12101,  0.57532,  0.53968,  0.29495,  0.36159
9570, 3374, -0.0256, -0.04418,  0.12526,  0.57532,  0.4584,  0.29495,  0.31209
9571, 3372, -0.0266, -0.03867,  0.12101,  0.57532,  0.53968,  0.29495,  0.36159
9572, 3373, -0.02395, -0.03419,  0.12409,  0.69536,  0.53968,  0.35935,  0.36159
9573, 3374, -0.0256, -0.04418,  0.12526,  0.57532,  0.4584,  0.29495,  0.31209
9574, 3373, -0.02395, -0.03419,  0.12409,  0.69536,  0.53968,  0.35935,  0.36159
9575, 3375, -0.02234, -0.03938,  0.12881,  0.69536,  0.4584,  0.35935,  0.31209
9576, 3375, -0.02234, -0.03938,  0.12881,  0.69536,  0.4584,  0.35935,  0.31209
9577, 3376, -0.02687, -0.04708,  0.13097,  0.57532,  0.37254,  0.29495,  0.25981
9578, 3374, -0.0256, -0.04418,  0.12526,  0.57532,  0.4584,  0.29495,  0.31209
9579, 3375, -0.02234, -0.03938,  0.12881,  0.69536,  0.4584,  0.35935,  0.31209
9580, 3377, -0.02341, -0.0424,  0.13462,  0.69536,  0.37254,  0.35935,  0.25981
9581, 3376, -0.02687, -0.04708,  0.13097,  0.57532,  0.37254,  0.29495,  0.25981
9582, 3378, -0.02643, -0.04466,  0.14011,  0.69536,  0.28576,  0.35935,  0.20696
9583, 3376, -0.02687, -0.04708,  0.13097,  0.57532,  0.37254,  0.29495,  0.25981
9584, 3377, -0.02341, -0.0424,  0.13462,  0.69536,  0.37254,  0.35935,  0.25981
9585, 3378, -0.02643, -0.04466,  0.14011,  0.69536,  0.28576,  0.35935,  0.20696
9586, 3379, -0.02974, -0.04872,  0.13658,  0.57532,  0.28576,  0.29495,  0.20696
9587, 3376, -0.02687, -0.04708,  0.13097,  0.57532,  0.37254,  0.29495,  0.25981
9588, 3379, -0.02974, -0.04872,  0.13658,  0.57532,  0.28576,  0.29495,  0.20696
9589, 3378, -0.02643, -0.04466,  0.14011,  0.69536,  0.28576,  0.35935,  0.20696
9590, 3380, -0.03066, -0.04761,  0.14386,  0.69536,  0.20168,  0.35935,  0.15576
9591, 3379, -0.02974, -0.04872,  0.13658,  0.57532,  0.28576,  0.29495,  0.20696
9592, 3380, -0.03066, -0.04761,  0.14386,  0.69536,  0.20168,  0.35935,  0.15576
9593, 3381, -0.03356, -0.05049,  0.14051,  0.57532,  0.20168,  0.29495,  0.15576
9594, 3382, -0.03747, -0.05283,  0.14295,  0.57532,  0.12502,  0.29495,  0.10961
9595, 3381, -0.03356, -0.05049,  0.14051,  0.57532,  0.20168,  0.29495,  0.15576
9596, 3380, -0.03066, -0.04761,  0.14386,  0.69536,  0.20168,  0.35935,  0.15576
9597, 3382, -0.03747, -0.05283,  0.14295,  0.57532,  0.12502,  0.29495,  0.10961
9598, 3380, -0.03066, -0.04761,  0.14386,  0.69536,  0.20168,  0.35935,  0.15576
9599, 3383, -0.03517, -0.05121,  0.14588,  0.69536,  0.12502,  0.35935,  0.10961
9600, 3383, -0.03517, -0.05121,  0.14588,  0.69536,  0.12502,  0.35935,  0.10961
9601, 3384, -0.04062, -0.05618,  0.14409,  0.57532,  0.06049,  0.29495,  0.0719
9602, 3382, -0.03747, -0.05283,  0.14295,  0.57532,  0.12502,  0.29495,  0.10961
9603, 3383, -0.03517, -0.05121,  0.14588,  0.69536,  0.12502,  0.35935,  0.10961
9604, 3385, -0.03902, -0.05543,  0.14615,  0.69536,  0.06049,  0.35935,  0.0719
9605, 3384, -0.04062, -0.05618,  0.14409,  0.57532,  0.06049,  0.29495,  0.0719
9606, 3386, -0.04339, -0.06005,  0.14459,  0.57532,  0.00202,  0.29495,  0.03842
9607, 3384, -0.04062, -0.05618,  0.14409,  0.57532,  0.06049,  0.29495,  0.0719
9608, 3385, -0.03902, -0.05543,  0.14615,  0.69536,  0.06049,  0.35935,  0.0719
9609, 3386, -0.04339, -0.06005,  0.14459,  0.57532,  0.00202,  0.29495,  0.03842
9610, 3385, -0.03902, -0.05543,  0.14615,  0.69536,  0.06049,  0.35935,  0.0719
9611, 3387, -0.04254, -0.05996,  0.14556,  0.69536,  0.00202,  0.35935,  0.03842
9612, 3388, -0.01391,  0.02209,  0.14106,  0.56818,  0.71179,  0.6783,  0.39355
9613, 3389, -0.01749,  0.01593,  0.13502,  0.56818,  0.78609,  0.6783,  0.42629
9614, 3390, -0.02265,  0.02783,  0.12713,  0.43083,  0.78609,  0.78553,  0.42629
9615, 3388, -0.01391,  0.02209,  0.14106,  0.56818,  0.71179,  0.6783,  0.39355
9616, 3390, -0.02265,  0.02783,  0.12713,  0.43083,  0.78609,  0.78553,  0.42629
9617, 3391, -0.02107,  0.03386,  0.13217,  0.43083,  0.71179,  0.78553,  0.39355
9618, 3392, -0.02282,  0.00893,  0.12933,  0.56818,  0.86936,  0.6783,  0.46298
9619, 3390, -0.02265,  0.02783,  0.12713,  0.43083,  0.78609,  0.78553,  0.42629
9620, 3389, -0.01749,  0.01593,  0.13502,  0.56818,  0.78609,  0.6783,  0.42629
9621, 3392, -0.02282,  0.00893,  0.12933,  0.56818,  0.86936,  0.6783,  0.46298
9622, 3393, -0.02516,  0.02193,  0.12321,  0.43083,  0.86936,  0.78553,  0.46298
9623, 3390, -0.02265,  0.02783,  0.12713,  0.43083,  0.78609,  0.78553,  0.42629
9624, 3391, -0.02107,  0.03386,  0.13217,  0.43083,  0.71179,  0.78553,  0.39355
9625, 3394, -0.0138,  0.02655,  0.14779,  0.56818,  0.65543,  0.6783,  0.36872
9626, 3388, -0.01391,  0.02209,  0.14106,  0.56818,  0.71179,  0.6783,  0.39355
9627, 3391, -0.02107,  0.03386,  0.13217,  0.43083,  0.71179,  0.78553,  0.39355
9628, 3395, -0.0213,  0.04012,  0.13941,  0.43083,  0.65543,  0.78553,  0.36872
9629, 3394, -0.0138,  0.02655,  0.14779,  0.56818,  0.65543,  0.6783,  0.36872
9630, 3396, -0.01677,  0.02919,  0.15432,  0.56818,  0.60532,  0.6783,  0.34664
9631, 3394, -0.0138,  0.02655,  0.14779,  0.56818,  0.65543,  0.6783,  0.36872
9632, 3395, -0.0213,  0.04012,  0.13941,  0.43083,  0.65543,  0.78553,  0.36872
9633, 3396, -0.01677,  0.02919,  0.15432,  0.56818,  0.60532,  0.6783,  0.34664
9634, 3395, -0.0213,  0.04012,  0.13941,  0.43083,  0.65543,  0.78553,  0.36872
9635, 3397, -0.02337,  0.04448,  0.14687,  0.43083,  0.60532,  0.78553,  0.34664
9636, 3397, -0.02337,  0.04448,  0.14687,  0.43083,  0.60532,  0.78553,  0.34664
9637, 3398, -0.02244,  0.02988,  0.15979,  0.56818,  0.54978,  0.6783,  0.32217
9638, 3396, -0.01677,  0.02919,  0.15432,  0.56818,  0.60532,  0.6783,  0.34664
9639, 3397, -0.02337,  0.04448,  0.14687,  0.43083,  0.60532,  0.78553,  0.34664
9640, 3399, -0.02728,  0.04482,  0.15256,  0.43083,  0.54978,  0.78553,  0.32217
9641, 3398, -0.02244,  0.02988,  0.15979,  0.56818,  0.54978,  0.6783,  0.32217
9642, 3400, -0.03025,  0.02806,  0.16386,  0.56818,  0.49212,  0.6783,  0.29676
9643, 3398, -0.02244,  0.02988,  0.15979,  0.56818,  0.54978,  0.6783,  0.32217
9644, 3399, -0.02728,  0.04482,  0.15256,  0.43083,  0.54978,  0.78553,  0.32217
9645, 3400, -0.03025,  0.02806,  0.16386,  0.56818,  0.49212,  0.6783,  0.29676
9646, 3399, -0.02728,  0.04482,  0.15256,  0.43083,  0.54978,  0.78553,  0.32217
9647, 3401, -0.03361,  0.04141,  0.15675,  0.43083,  0.49212,  0.78553,  0.29676
9648, 3401, -0.03361,  0.04141,  0.15675,  0.43083,  0.49212,  0.78553,  0.29676
9649, 3402, -0.03966,  0.02313,  0.16616,  0.56818,  0.43562,  0.6783,  0.27186
9650, 3400, -0.03025,  0.02806,  0.16386,  0.56818,  0.49212,  0.6783,  0.29676
9651, 3401, -0.03361,  0.04141,  0.15675,  0.43083,  0.49212,  0.78553,  0.29676
9652, 3403, -0.04293,  0.03449,  0.15971,  0.43083,  0.43562,  0.78553,  0.27186
9653, 3402, -0.03966,  0.02313,  0.16616,  0.56818,  0.43562,  0.6783,  0.27186
9654, 3404, -0.04854,  0.01668,  0.16636,  0.56818,  0.38371,  0.6783,  0.24899
9655, 3402, -0.03966,  0.02313,  0.16616,  0.56818,  0.43562,  0.6783,  0.27186
9656, 3403, -0.04293,  0.03449,  0.15971,  0.43083,  0.43562,  0.78553,  0.27186
9657, 3404, -0.04854,  0.01668,  0.16636,  0.56818,  0.38371,  0.6783,  0.24899
9658, 3403, -0.04293,  0.03449,  0.15971,  0.43083,  0.43562,  0.78553,  0.27186
9659, 3405, -0.0522,  0.02602,  0.16065,  0.43083,  0.38371,  0.78553,  0.24899
9660, 3405, -0.0522,  0.02602,  0.16065,  0.43083,  0.38371,  0.78553,  0.24899
9661, 3406, -0.05478,  0.01027,  0.16412,  0.56818,  0.33981,  0.6783,  0.22964
9662, 3404, -0.04854,  0.01668,  0.16636,  0.56818,  0.38371,  0.6783,  0.24899
9663, 3405, -0.0522,  0.02602,  0.16065,  0.43083,  0.38371,  0.78553,  0.24899
9664, 3407, -0.05838,  0.01792,  0.1588,  0.43083,  0.33981,  0.78553,  0.22964
9665, 3406, -0.05478,  0.01027,  0.16412,  0.56818,  0.33981,  0.6783,  0.22964
9666, 3408, -0.05917,  0.00482,  0.16042,  0.56818,  0.29129,  0.6783,  0.19585
9667, 3406, -0.05478,  0.01027,  0.16412,  0.56818,  0.33981,  0.6783,  0.22964
9668, 3407, -0.05838,  0.01792,  0.1588,  0.43083,  0.33981,  0.78553,  0.22964
9669, 3408, -0.05917,  0.00482,  0.16042,  0.56818,  0.29129,  0.6783,  0.19585
9670, 3407, -0.05838,  0.01792,  0.1588,  0.43083,  0.33981,  0.78553,  0.22964
9671, 3409, -0.0623,  0.01099,  0.15515,  0.43083,  0.29129,  0.78553,  0.19585
9672, 3409, -0.0623,  0.01099,  0.15515,  0.43083,  0.29129,  0.78553,  0.19585
9673, 3410, -0.0625,  0.00125,  0.15622,  0.56818,  0.22557,  0.6783,  0.12964
9674, 3408, -0.05917,  0.00482,  0.16042,  0.56818,  0.29129,  0.6783,  0.19585
9675, 3409, -0.0623,  0.01099,  0.15515,  0.43083,  0.29129,  0.78553,  0.19585
9676, 3411, -0.06477,  0.00603,  0.15068,  0.43083,  0.22557,  0.78553,  0.12964
9677, 3410, -0.0625,  0.00125,  0.15622,  0.56818,  0.22557,  0.6783,  0.12964
9678, 3412, -0.06531, -0.00138,  0.15177,  0.56818,  0.15124,  0.6783,  0.04721
9679, 3410, -0.0625,  0.00125,  0.15622,  0.56818,  0.22557,  0.6783,  0.12964
9680, 3411, -0.06477,  0.00603,  0.15068,  0.43083,  0.22557,  0.78553,  0.12964
9681, 3412, -0.06531, -0.00138,  0.15177,  0.56818,  0.15124,  0.6783,  0.04721
9682, 3411, -0.06477,  0.00603,  0.15068,  0.43083,  0.22557,  0.78553,  0.12964
9683, 3413, -0.06651,  0.00205,  0.14582,  0.43083,  0.15124,  0.78553,  0.04721
9684, 3414, -0.02625, -0.01928,  0.12224,  0.35934,  0.75886,  0.72442,  0.50782
9685, 3415, -0.02957, -0.01341,  0.11791,  0.35934,  0.82052,  0.72442,  0.54898
9686, 3416, -0.02774, -0.01094,  0.12036,  0.21935,  0.82052,  0.66213,  0.54898
9687, 3414, -0.02625, -0.01928,  0.12224,  0.35934,  0.75886,  0.72442,  0.50782
9688, 3416, -0.02774, -0.01094,  0.12036,  0.21935,  0.82052,  0.66213,  0.54898
9689, 3417, -0.02411, -0.0164,  0.12533,  0.21935,  0.75886,  0.66213,  0.50782
9690, 3418, -0.03344, -0.00724,  0.11358,  0.35934,  0.88977,  0.72442,  0.59115
9691, 3416, -0.02774, -0.01094,  0.12036,  0.21935,  0.82052,  0.66213,  0.54898
9692, 3415, -0.02957, -0.01341,  0.11791,  0.35934,  0.82052,  0.72442,  0.54898
9693, 3418, -0.03344, -0.00724,  0.11358,  0.35934,  0.88977,  0.72442,  0.59115
9694, 3419, -0.03194, -0.00515,  0.11546,  0.21935,  0.88977,  0.66213,  0.59115
9695, 3416, -0.02774, -0.01094,  0.12036,  0.21935,  0.82052,  0.66213,  0.54898
9696, 3417, -0.02411, -0.0164,  0.12533,  0.21935,  0.75886,  0.66213,  0.50782
9697, 3420, -0.02404, -0.02458,  0.12656,  0.35934,  0.71237,  0.72442,  0.46869
9698, 3414, -0.02625, -0.01928,  0.12224,  0.35934,  0.75886,  0.72442,  0.50782
9699, 3417, -0.02411, -0.0164,  0.12533,  0.21935,  0.75886,  0.66213,  0.50782
9700, 3421, -0.02164, -0.02118,  0.1304,  0.21935,  0.71237,  0.66213,  0.46869
9701, 3420, -0.02404, -0.02458,  0.12656,  0.35934,  0.71237,  0.72442,  0.46869
9702, 3422, -0.02316, -0.02952,  0.13161,  0.35934,  0.67314,  0.72442,  0.42927
9703, 3420, -0.02404, -0.02458,  0.12656,  0.35934,  0.71237,  0.72442,  0.46869
9704, 3421, -0.02164, -0.02118,  0.1304,  0.21935,  0.71237,  0.66213,  0.46869
9705, 3422, -0.02316, -0.02952,  0.13161,  0.35934,  0.67314,  0.72442,  0.42927
9706, 3421, -0.02164, -0.02118,  0.1304,  0.21935,  0.71237,  0.66213,  0.46869
9707, 3423, -0.02042, -0.02544,  0.13628,  0.21935,  0.67314,  0.66213,  0.42927
9708, 3423, -0.02042, -0.02544,  0.13628,  0.21935,  0.67314,  0.66213,  0.42927
9709, 3424, -0.02388, -0.03431,  0.13815,  0.35934,  0.63326,  0.72442,  0.38726
9710, 3422, -0.02316, -0.02952,  0.13161,  0.35934,  0.67314,  0.72442,  0.42927
9711, 3423, -0.02042, -0.02544,  0.13628,  0.21935,  0.67314,  0.66213,  0.42927
9712, 3425, -0.02052, -0.02935,  0.14364,  0.21935,  0.63326,  0.66213,  0.38726
9713, 3424, -0.02388, -0.03431,  0.13815,  0.35934,  0.63326,  0.72442,  0.38726
9714, 3426, -0.02667, -0.03762,  0.14508,  0.35934,  0.59309,  0.72442,  0.34303
9715, 3424, -0.02388, -0.03431,  0.13815,  0.35934,  0.63326,  0.72442,  0.38726
9716, 3425, -0.02052, -0.02935,  0.14364,  0.21935,  0.63326,  0.66213,  0.38726
9717, 3426, -0.02667, -0.03762,  0.14508,  0.35934,  0.59309,  0.72442,  0.34303
9718, 3425, -0.02052, -0.02935,  0.14364,  0.21935,  0.63326,  0.66213,  0.38726
9719, 3427, -0.02303, -0.03192,  0.15103,  0.21935,  0.59309,  0.66213,  0.34303
9720, 3427, -0.02303, -0.03192,  0.15103,  0.21935,  0.59309,  0.66213,  0.34303
9721, 3428, -0.03202, -0.03813,  0.1513,  0.35934,  0.55298,  0.72442,  0.29696
9722, 3426, -0.02667, -0.03762,  0.14508,  0.35934,  0.59309,  0.72442,  0.34303
9723, 3427, -0.02303, -0.03192,  0.15103,  0.21935,  0.59309,  0.66213,  0.34303
9724, 3429, -0.02904, -0.03217,  0.15696,  0.21935,  0.55298,  0.66213,  0.29696
9725, 3428, -0.03202, -0.03813,  0.1513,  0.35934,  0.55298,  0.72442,  0.29696
9726, 3430, -0.03696, -0.02968,  0.16069,  0.21935,  0.50522,  0.66213,  0.25093
9727, 3428, -0.03202, -0.03813,  0.1513,  0.35934,  0.55298,  0.72442,  0.29696
9728, 3429, -0.02904, -0.03217,  0.15696,  0.21935,  0.55298,  0.66213,  0.29696
9729, 3430, -0.03696, -0.02968,  0.16069,  0.21935,  0.50522,  0.66213,  0.25093
9730, 3431, -0.03918, -0.03548,  0.15596,  0.35934,  0.50522,  0.72442,  0.25093
9731, 3428, -0.03202, -0.03813,  0.1513,  0.35934,  0.55298,  0.72442,  0.29696
9732, 3431, -0.03918, -0.03548,  0.15596,  0.35934,  0.50522,  0.72442,  0.25093
9733, 3430, -0.03696, -0.02968,  0.16069,  0.21935,  0.50522,  0.66213,  0.25093
9734, 3432, -0.0452, -0.02401,  0.16146,  0.21935,  0.4421,  0.66213,  0.20684
9735, 3431, -0.03918, -0.03548,  0.15596,  0.35934,  0.50522,  0.72442,  0.25093
9736, 3432, -0.0452, -0.02401,  0.16146,  0.21935,  0.4421,  0.66213,  0.20684
9737, 3433, -0.04741, -0.02933,  0.15822,  0.35934,  0.4421,  0.72442,  0.20684
9738, 3434, -0.0549, -0.02184,  0.15835,  0.35934,  0.37373,  0.72442,  0.16579
9739, 3433, -0.04741, -0.02933,  0.15822,  0.35934,  0.4421,  0.72442,  0.20684
9740, 3432, -0.0452, -0.02401,  0.16146,  0.21935,  0.4421,  0.66213,  0.20684
9741, 3434, -0.0549, -0.02184,  0.15835,  0.35934,  0.37373,  0.72442,  0.16579
9742, 3432, -0.0452, -0.02401,  0.16146,  0.21935,  0.4421,  0.66213,  0.20684
9743, 3435, -0.05249, -0.01712,  0.16028,  0.21935,  0.37373,  0.66213,  0.16579
9744, 3435, -0.05249, -0.01712,  0.16028,  0.21935,  0.37373,  0.66213,  0.16579
9745, 3436, -0.05988, -0.01516,  0.15661,  0.35934,  0.31023,  0.72442,  0.12885
9746, 3434, -0.0549, -0.02184,  0.15835,  0.35934,  0.37373,  0.72442,  0.16579
9747, 3435, -0.05249, -0.01712,  0.16028,  0.21935,  0.37373,  0.66213,  0.16579
9748, 3437, -0.05755, -0.01097,  0.15816,  0.21935,  0.31023,  0.66213,  0.12885
9749, 3436, -0.05988, -0.01516,  0.15661,  0.35934,  0.31023,  0.72442,  0.12885
9750, 3438, -0.06291, -0.00947,  0.15324,  0.35934,  0.24573,  0.72442,  0.09522
9751, 3436, -0.05988, -0.01516,  0.15661,  0.35934,  0.31023,  0.72442,  0.12885
9752, 3437, -0.05755, -0.01097,  0.15816,  0.21935,  0.31023,  0.66213,  0.12885
9753, 3438, -0.06291, -0.00947,  0.15324,  0.35934,  0.24573,  0.72442,  0.09522
9754, 3437, -0.05755, -0.01097,  0.15816,  0.21935,  0.31023,  0.66213,  0.12885
9755, 3439, -0.06078, -0.00575,  0.15496,  0.21935,  0.24573,  0.66213,  0.09522
9756, 3439, -0.06078, -0.00575,  0.15496,  0.21935,  0.24573,  0.66213,  0.09522
9757, 3440, -0.06454, -0.00496,  0.14846,  0.35934,  0.17433,  0.72442,  0.06407
9758, 3438, -0.06291, -0.00947,  0.15324,  0.35934,  0.24573,  0.72442,  0.09522
9759, 3439, -0.06078, -0.00575,  0.15496,  0.21935,  0.24573,  0.66213,  0.09522
9760, 3441, -0.06257, -0.00165,  0.1505,  0.21935,  0.17433,  0.66213,  0.06407
9761, 3440, -0.06454, -0.00496,  0.14846,  0.35934,  0.17433,  0.72442,  0.06407
9762, 3442, -0.06549, -0.00104,  0.14297,  0.35934,  0.09949,  0.72442,  0.03416
9763, 3440, -0.06454, -0.00496,  0.14846,  0.35934,  0.17433,  0.72442,  0.06407
9764, 3441, -0.06257, -0.00165,  0.1505,  0.21935,  0.17433,  0.66213,  0.06407
9765, 3442, -0.06549, -0.00104,  0.14297,  0.35934,  0.09949,  0.72442,  0.03416
9766, 3441, -0.06257, -0.00165,  0.1505,  0.21935,  0.17433,  0.66213,  0.06407
9767, 3443, -0.06364,  0.00188,  0.14542,  0.21935,  0.09949,  0.66213,  0.03416
9768, 3444, -0.01973, -0.01348,  0.14833,  0.33089,  0.79801,  0.14319,  0.48085
9769, 3445, -0.02269, -0.01887,  0.13802,  0.33089,  0.84875,  0.14319,  0.53643
9770, 3446, -0.02024, -0.00416,  0.13383,  0.12237,  0.84875,  0.3208,  0.53643
9771, 3444, -0.01973, -0.01348,  0.14833,  0.33089,  0.79801,  0.14319,  0.48085
9772, 3446, -0.02024, -0.00416,  0.13383,  0.12237,  0.84875,  0.3208,  0.53643
9773, 3447, -0.01638,  0.00198,  0.14159,  0.12237,  0.79801,  0.3208,  0.48085
9774, 3448, -0.02736, -0.02361,  0.12688,  0.33089,  0.89936,  0.14319,  0.59115
9775, 3446, -0.02024, -0.00416,  0.13383,  0.12237,  0.84875,  0.3208,  0.53643
9776, 3445, -0.02269, -0.01887,  0.13802,  0.33089,  0.84875,  0.14319,  0.53643
9777, 3448, -0.02736, -0.02361,  0.12688,  0.33089,  0.89936,  0.14319,  0.59115
9778, 3449, -0.02517, -0.01019,  0.12582,  0.12237,  0.89936,  0.3208,  0.59115
9779, 3446, -0.02024, -0.00416,  0.13383,  0.12237,  0.84875,  0.3208,  0.53643
9780, 3447, -0.01638,  0.00198,  0.14159,  0.12237,  0.79801,  0.3208,  0.48085
9781, 3450, -0.02022, -0.00683,  0.15696,  0.33089,  0.747,  0.14319,  0.42353
9782, 3444, -0.01973, -0.01348,  0.14833,  0.33089,  0.79801,  0.14319,  0.48085
9783, 3447, -0.01638,  0.00198,  0.14159,  0.12237,  0.79801,  0.3208,  0.48085
9784, 3451, -0.01459,  0.00838,  0.14875,  0.12237,  0.747,  0.3208,  0.42353
9785, 3450, -0.02022, -0.00683,  0.15696,  0.33089,  0.747,  0.14319,  0.42353
9786, 3452, -0.02378,  0.00037,  0.16339,  0.33089,  0.69239,  0.14319,  0.36647
9787, 3450, -0.02022, -0.00683,  0.15696,  0.33089,  0.747,  0.14319,  0.42353
9788, 3451, -0.01459,  0.00838,  0.14875,  0.12237,  0.747,  0.3208,  0.42353
9789, 3452, -0.02378,  0.00037,  0.16339,  0.33089,  0.69239,  0.14319,  0.36647
9790, 3451, -0.01459,  0.00838,  0.14875,  0.12237,  0.747,  0.3208,  0.42353
9791, 3453, -0.01577,  0.01514,  0.15434,  0.12237,  0.69239,  0.3208,  0.36647
9792, 3453, -0.01577,  0.01514,  0.15434,  0.12237,  0.69239,  0.3208,  0.36647
9793, 3454, -0.03001,  0.00737,  0.1671,  0.33089,  0.63085,  0.14319,  0.31164
9794, 3452, -0.02378,  0.00037,  0.16339,  0.33089,  0.69239,  0.14319,  0.36647
9795, 3453, -0.01577,  0.01514,  0.15434,  0.12237,  0.69239,  0.3208,  0.36647
9796, 3455, -0.02085,  0.02235,  0.15735,  0.12237,  0.63085,  0.3208,  0.31164
9797, 3454, -0.03001,  0.00737,  0.1671,  0.33089,  0.63085,  0.14319,  0.31164
9798, 3456, -0.03746,  0.01333,  0.16781,  0.33089,  0.56533,  0.14319,  0.26119
9799, 3454, -0.03001,  0.00737,  0.1671,  0.33089,  0.63085,  0.14319,  0.31164
9800, 3455, -0.02085,  0.02235,  0.15735,  0.12237,  0.63085,  0.3208,  0.31164
9801, 3456, -0.03746,  0.01333,  0.16781,  0.33089,  0.56533,  0.14319,  0.26119
9802, 3455, -0.02085,  0.02235,  0.15735,  0.12237,  0.63085,  0.3208,  0.31164
9803, 3457, -0.02828,  0.02826,  0.15788,  0.12237,  0.56533,  0.3208,  0.26119
9804, 3457, -0.02828,  0.02826,  0.15788,  0.12237,  0.56533,  0.3208,  0.26119
9805, 3458, -0.04467,  0.01742,  0.16522,  0.33089,  0.4988,  0.14319,  0.21726
9806, 3456, -0.03746,  0.01333,  0.16781,  0.33089,  0.56533,  0.14319,  0.26119
9807, 3457, -0.02828,  0.02826,  0.15788,  0.12237,  0.56533,  0.3208,  0.26119
9808, 3459, -0.0365,  0.03113,  0.15602,  0.12237,  0.4988,  0.3208,  0.21726
9809, 3458, -0.04467,  0.01742,  0.16522,  0.33089,  0.4988,  0.14319,  0.21726
9810, 3460, -0.0509,  0.01994,  0.16083,  0.33089,  0.42924,  0.14319,  0.17832
9811, 3458, -0.04467,  0.01742,  0.16522,  0.33089,  0.4988,  0.14319,  0.21726
9812, 3459, -0.0365,  0.03113,  0.15602,  0.12237,  0.4988,  0.3208,  0.21726
9813, 3460, -0.0509,  0.01994,  0.16083,  0.33089,  0.42924,  0.14319,  0.17832
9814, 3459, -0.0365,  0.03113,  0.15602,  0.12237,  0.4988,  0.3208,  0.21726
9815, 3461, -0.04393,  0.0323,  0.15301,  0.12237,  0.42924,  0.3208,  0.17832
9816, 3461, -0.04393,  0.0323,  0.15301,  0.12237,  0.42924,  0.3208,  0.17832
9817, 3462, -0.0554,  0.02118,  0.15611,  0.33089,  0.35466,  0.14319,  0.14285
9818, 3460, -0.0509,  0.01994,  0.16083,  0.33089,  0.42924,  0.14319,  0.17832
9819, 3461, -0.04393,  0.0323,  0.15301,  0.12237,  0.42924,  0.3208,  0.17832
9820, 3463, -0.049,  0.0331,  0.15009,  0.12237,  0.35466,  0.3208,  0.14285
9821, 3462, -0.0554,  0.02118,  0.15611,  0.33089,  0.35466,  0.14319,  0.14285
9822, 3464, -0.05887,  0.02209,  0.15101,  0.33089,  0.26239,  0.14319,  0.10818
9823, 3462, -0.0554,  0.02118,  0.15611,  0.33089,  0.35466,  0.14319,  0.14285
9824, 3463, -0.049,  0.0331,  0.15009,  0.12237,  0.35466,  0.3208,  0.14285
9825, 3464, -0.05887,  0.02209,  0.15101,  0.33089,  0.26239,  0.14319,  0.10818
9826, 3463, -0.049,  0.0331,  0.15009,  0.12237,  0.35466,  0.3208,  0.14285
9827, 3465, -0.05316,  0.03334,  0.14664,  0.12237,  0.26239,  0.3208,  0.10818
9828, 3465, -0.05316,  0.03334,  0.14664,  0.12237,  0.26239,  0.3208,  0.10818
9829, 3466, -0.06197,  0.02358,  0.14546,  0.33089,  0.13979,  0.14319,  0.07164
9830, 3464, -0.05887,  0.02209,  0.15101,  0.33089,  0.26239,  0.14319,  0.10818
9831, 3465, -0.05316,  0.03334,  0.14664,  0.12237,  0.26239,  0.3208,  0.10818
9832, 3467, -0.05784,  0.03282,  0.14208,  0.12237,  0.13979,  0.3208,  0.07164
9833, 3466, -0.06197,  0.02358,  0.14546,  0.33089,  0.13979,  0.14319,  0.07164
9834, 3468, -0.0649,  0.02538,  0.13969,  0.33089,  0.00202,  0.14319,  0.03416
9835, 3466, -0.06197,  0.02358,  0.14546,  0.33089,  0.13979,  0.14319,  0.07164
9836, 3467, -0.05784,  0.03282,  0.14208,  0.12237,  0.13979,  0.3208,  0.07164
9837, 3468, -0.0649,  0.02538,  0.13969,  0.33089,  0.00202,  0.14319,  0.03416
9838, 3467, -0.05784,  0.03282,  0.14208,  0.12237,  0.13979,  0.3208,  0.07164
9839, 3469, -0.06279,  0.03191,  0.13696,  0.12237,  0.00202,  0.3208,  0.03416
9840, 3470, -0.03213,  0.02471,  0.11784,  0.27634,  0.83451,  0.77224,  0.46842
9841, 3471, -0.03393,  0.01749,  0.11416,  0.27634,  0.86438,  0.77224,  0.5056
9842, 3472, -0.04079,  0.01971,  0.10684,  0.13508,  0.86438,  0.9135,  0.5056
9843, 3470, -0.03213,  0.02471,  0.11784,  0.27634,  0.83451,  0.77224,  0.46842
9844, 3472, -0.04079,  0.01971,  0.10684,  0.13508,  0.86438,  0.9135,  0.5056
9845, 3473, -0.04209,  0.02707,  0.10821,  0.13508,  0.83451,  0.9135,  0.46842
9846, 3474, -0.03656,  0.01029,  0.11019,  0.27634,  0.88977,  0.77224,  0.54349
9847, 3472, -0.04079,  0.01971,  0.10684,  0.13508,  0.86438,  0.9135,  0.5056
9848, 3471, -0.03393,  0.01749,  0.11416,  0.27634,  0.86438,  0.77224,  0.5056
9849, 3474, -0.03656,  0.01029,  0.11019,  0.27634,  0.88977,  0.77224,  0.54349
9850, 3475, -0.0399,  0.01182,  0.10572,  0.13508,  0.88977,  0.9135,  0.54349
9851, 3472, -0.04079,  0.01971,  0.10684,  0.13508,  0.86438,  0.9135,  0.5056
9852, 3473, -0.04209,  0.02707,  0.10821,  0.13508,  0.83451,  0.9135,  0.46842
9853, 3476, -0.03199,  0.03198,  0.12092,  0.27634,  0.79569,  0.77224,  0.43268
9854, 3470, -0.03213,  0.02471,  0.11784,  0.27634,  0.83451,  0.77224,  0.46842
9855, 3473, -0.04209,  0.02707,  0.10821,  0.13508,  0.83451,  0.9135,  0.46842
9856, 3477, -0.04423,  0.0334,  0.11005,  0.13508,  0.79569,  0.9135,  0.43268
9857, 3476, -0.03199,  0.03198,  0.12092,  0.27634,  0.79569,  0.77224,  0.43268
9858, 3478, -0.03361,  0.03896,  0.12393,  0.27634,  0.75107,  0.77224,  0.39659
9859, 3476, -0.03199,  0.03198,  0.12092,  0.27634,  0.79569,  0.77224,  0.43268
9860, 3477, -0.04423,  0.0334,  0.11005,  0.13508,  0.79569,  0.9135,  0.43268
9861, 3478, -0.03361,  0.03896,  0.12393,  0.27634,  0.75107,  0.77224,  0.39659
9862, 3477, -0.04423,  0.0334,  0.11005,  0.13508,  0.79569,  0.9135,  0.43268
9863, 3479, -0.04712,  0.03923,  0.11272,  0.13508,  0.75107,  0.9135,  0.39659
9864, 3479, -0.04712,  0.03923,  0.11272,  0.13508,  0.75107,  0.9135,  0.39659
9865, 3480, -0.03708,  0.04532,  0.12745,  0.27634,  0.7038,  0.77224,  0.35836
9866, 3478, -0.03361,  0.03896,  0.12393,  0.27634,  0.75107,  0.77224,  0.39659
9867, 3479, -0.04712,  0.03923,  0.11272,  0.13508,  0.75107,  0.9135,  0.39659
9868, 3481, -0.05062,  0.0451,  0.11656,  0.13508,  0.7038,  0.9135,  0.35836
9869, 3480, -0.03708,  0.04532,  0.12745,  0.27634,  0.7038,  0.77224,  0.35836
9870, 3482, -0.0413,  0.04916,  0.13141,  0.27634,  0.65401,  0.77224,  0.31808
9871, 3480, -0.03708,  0.04532,  0.12745,  0.27634,  0.7038,  0.77224,  0.35836
9872, 3481, -0.05062,  0.0451,  0.11656,  0.13508,  0.7038,  0.9135,  0.35836
9873, 3482, -0.0413,  0.04916,  0.13141,  0.27634,  0.65401,  0.77224,  0.31808
9874, 3481, -0.05062,  0.0451,  0.11656,  0.13508,  0.7038,  0.9135,  0.35836
9875, 3483, -0.0542,  0.04878,  0.12104,  0.13508,  0.65401,  0.9135,  0.31808
9876, 3483, -0.0542,  0.04878,  0.12104,  0.13508,  0.65401,  0.9135,  0.31808
9877, 3484, -0.04522,  0.04861,  0.13576,  0.27634,  0.60182,  0.77224,  0.27587
9878, 3482, -0.0413,  0.04916,  0.13141,  0.27634,  0.65401,  0.77224,  0.31808
9879, 3483, -0.0542,  0.04878,  0.12104,  0.13508,  0.65401,  0.9135,  0.31808
9880, 3485, -0.05727,  0.04806,  0.12565,  0.13508,  0.60182,  0.9135,  0.27587
9881, 3484, -0.04522,  0.04861,  0.13576,  0.27634,  0.60182,  0.77224,  0.27587
9882, 3486, -0.04915,  0.04406,  0.14055,  0.27634,  0.54808,  0.77224,  0.2324
9883, 3484, -0.04522,  0.04861,  0.13576,  0.27634,  0.60182,  0.77224,  0.27587
9884, 3485, -0.05727,  0.04806,  0.12565,  0.13508,  0.60182,  0.9135,  0.27587
9885, 3486, -0.04915,  0.04406,  0.14055,  0.27634,  0.54808,  0.77224,  0.2324
9886, 3485, -0.05727,  0.04806,  0.12565,  0.13508,  0.60182,  0.9135,  0.27587
9887, 3487, -0.05984,  0.04371,  0.13053,  0.13508,  0.54808,  0.9135,  0.2324
9888, 3487, -0.05984,  0.04371,  0.13053,  0.13508,  0.54808,  0.9135,  0.2324
9889, 3488, -0.0534,  0.03591,  0.14583,  0.27634,  0.49365,  0.77224,  0.18837
9890, 3486, -0.04915,  0.04406,  0.14055,  0.27634,  0.54808,  0.77224,  0.2324
9891, 3487, -0.05984,  0.04371,  0.13053,  0.13508,  0.54808,  0.9135,  0.2324
9892, 3489, -0.06186,  0.03649,  0.13579,  0.13508,  0.49365,  0.9135,  0.18837
9893, 3488, -0.0534,  0.03591,  0.14583,  0.27634,  0.49365,  0.77224,  0.18837
9894, 3490, -0.05739,  0.0265,  0.15008,  0.27634,  0.43304,  0.77224,  0.14769
9895, 3488, -0.0534,  0.03591,  0.14583,  0.27634,  0.49365,  0.77224,  0.18837
9896, 3489, -0.06186,  0.03649,  0.13579,  0.13508,  0.49365,  0.9135,  0.18837
9897, 3490, -0.05739,  0.0265,  0.15008,  0.27634,  0.43304,  0.77224,  0.14769
9898, 3489, -0.06186,  0.03649,  0.13579,  0.13508,  0.49365,  0.9135,  0.18837
9899, 3491, -0.06373,  0.02805,  0.14039,  0.13508,  0.43304,  0.9135,  0.14769
9900, 3491, -0.06373,  0.02805,  0.14039,  0.13508,  0.43304,  0.9135,  0.14769
9901, 3492, -0.06053,  0.01818,  0.1518,  0.27634,  0.36074,  0.77224,  0.11423
9902, 3490, -0.05739,  0.0265,  0.15008,  0.27634,  0.43304,  0.77224,  0.14769
9903, 3491, -0.06373,  0.02805,  0.14039,  0.13508,  0.43304,  0.9135,  0.14769
9904, 3493, -0.0658,  0.02001,  0.1433,  0.13508,  0.36074,  0.9135,  0.11423
9905, 3492, -0.06053,  0.01818,  0.1518,  0.27634,  0.36074,  0.77224,  0.11423
9906, 3494, -0.0626,  0.01074,  0.1513,  0.27634,  0.26706,  0.77224,  0.08576
9907, 3492, -0.06053,  0.01818,  0.1518,  0.27634,  0.36074,  0.77224,  0.11423
9908, 3493, -0.0658,  0.02001,  0.1433,  0.13508,  0.36074,  0.9135,  0.11423
9909, 3494, -0.0626,  0.01074,  0.1513,  0.27634,  0.26706,  0.77224,  0.08576
9910, 3493, -0.0658,  0.02001,  0.1433,  0.13508,  0.36074,  0.9135,  0.11423
9911, 3495, -0.0673,  0.01249,  0.14421,  0.13508,  0.26706,  0.9135,  0.08576
9912, 3495, -0.0673,  0.01249,  0.14421,  0.13508,  0.26706,  0.9135,  0.08576
9913, 3496, -0.06341,  0.00393,  0.14887,  0.27634,  0.14231,  0.77224,  0.06002
9914, 3494, -0.0626,  0.01074,  0.1513,  0.27634,  0.26706,  0.77224,  0.08576
9915, 3495, -0.0673,  0.01249,  0.14421,  0.13508,  0.26706,  0.9135,  0.08576
9916, 3497, -0.06746,  0.00559,  0.14281,  0.13508,  0.14231,  0.9135,  0.06002
9917, 3496, -0.06341,  0.00393,  0.14887,  0.27634,  0.14231,  0.77224,  0.06002
9918, 3498, -0.06359, -0.00255,  0.14549,  0.27634,  0.00202,  0.77224,  0.03565
9919, 3496, -0.06341,  0.00393,  0.14887,  0.27634,  0.14231,  0.77224,  0.06002
9920, 3497, -0.06746,  0.00559,  0.14281,  0.13508,  0.14231,  0.9135,  0.06002
9921, 3498, -0.06359, -0.00255,  0.14549,  0.27634,  0.00202,  0.77224,  0.03565
9922, 3497, -0.06746,  0.00559,  0.14281,  0.13508,  0.14231,  0.9135,  0.06002
9923, 3499, -0.06694, -0.001,  0.14025,  0.13508,  0.00202,  0.9135,  0.03565
9924, 3500, -0.06122, -0.00037,  0.09121,  0.34994,  0.57473,  0.22363,  0.14097
9925, 3501, -0.05478, -0.0004,  0.0933,  0.34994,  0.53682,  0.22363,  0.08787
9926, 3502, -0.05167, -0.01697,  0.09742,  0.16144,  0.53682,  0.05326,  0.08787
9927, 3500, -0.06122, -0.00037,  0.09121,  0.34994,  0.57473,  0.22363,  0.14097
9928, 3502, -0.05167, -0.01697,  0.09742,  0.16144,  0.53682,  0.05326,  0.08787
9929, 3503, -0.05702, -0.0221,  0.09742,  0.16144,  0.57473,  0.05326,  0.14097
9930, 3504, -0.04806, -0.00041,  0.0962,  0.34994,  0.49859,  0.22363,  0.03416
9931, 3502, -0.05167, -0.01697,  0.09742,  0.16144,  0.53682,  0.05326,  0.08787
9932, 3501, -0.05478, -0.0004,  0.0933,  0.34994,  0.53682,  0.22363,  0.08787
9933, 3504, -0.04806, -0.00041,  0.0962,  0.34994,  0.49859,  0.22363,  0.03416
9934, 3505, -0.04619, -0.01074,  0.09789,  0.16144,  0.49859,  0.05326,  0.03416
9935, 3502, -0.05167, -0.01697,  0.09742,  0.16144,  0.53682,  0.05326,  0.08787
9936, 3503, -0.05702, -0.0221,  0.09742,  0.16144,  0.57473,  0.05326,  0.14097
9937, 3506, -0.06709, -0.00028,  0.09071,  0.34994,  0.61199,  0.22363,  0.19287
9938, 3500, -0.06122, -0.00037,  0.09121,  0.34994,  0.57473,  0.22363,  0.14097
9939, 3503, -0.05702, -0.0221,  0.09742,  0.16144,  0.57473,  0.05326,  0.14097
9940, 3507, -0.06216, -0.02502,  0.0984,  0.16144,  0.61199,  0.05326,  0.19287
9941, 3506, -0.06709, -0.00028,  0.09071,  0.34994,  0.61199,  0.22363,  0.19287
9942, 3508, -0.07228, -0.00028,  0.09217,  0.34994,  0.64943,  0.22363,  0.24486
9943, 3506, -0.06709, -0.00028,  0.09071,  0.34994,  0.61199,  0.22363,  0.19287
9944, 3507, -0.06216, -0.02502,  0.0984,  0.16144,  0.61199,  0.05326,  0.19287
9945, 3508, -0.07228, -0.00028,  0.09217,  0.34994,  0.64943,  0.22363,  0.24486
9946, 3507, -0.06216, -0.02502,  0.0984,  0.16144,  0.61199,  0.05326,  0.19287
9947, 3509, -0.06661, -0.02627,  0.10058,  0.16144,  0.64943,  0.05326,  0.24486
9948, 3509, -0.06661, -0.02627,  0.10058,  0.16144,  0.64943,  0.05326,  0.24486
9949, 3510, -0.07651, -0.00051,  0.09578,  0.34994,  0.68788,  0.22363,  0.29826
9950, 3508, -0.07228, -0.00028,  0.09217,  0.34994,  0.64943,  0.22363,  0.24486
9951, 3509, -0.06661, -0.02627,  0.10058,  0.16144,  0.64943,  0.05326,  0.24486
9952, 3511, -0.06985, -0.02636,  0.10412,  0.16144,  0.68788,  0.05326,  0.29826
9953, 3510, -0.07651, -0.00051,  0.09578,  0.34994,  0.68788,  0.22363,  0.29826
9954, 3512, -0.07892, -0.00067,  0.1016,  0.34994,  0.72694,  0.22363,  0.35251
9955, 3510, -0.07651, -0.00051,  0.09578,  0.34994,  0.68788,  0.22363,  0.29826
9956, 3511, -0.06985, -0.02636,  0.10412,  0.16144,  0.68788,  0.05326,  0.29826
9957, 3512, -0.07892, -0.00067,  0.1016,  0.34994,  0.72694,  0.22363,  0.35251
9958, 3511, -0.06985, -0.02636,  0.10412,  0.16144,  0.68788,  0.05326,  0.29826
9959, 3513, -0.07173, -0.02498,  0.10941,  0.16144,  0.72694,  0.05326,  0.35251
9960, 3513, -0.07173, -0.02498,  0.10941,  0.16144,  0.72694,  0.05326,  0.35251
9961, 3514, -0.07862, -0.00043,  0.10966,  0.34994,  0.76622,  0.22363,  0.40707
9962, 3512, -0.07892, -0.00067,  0.1016,  0.34994,  0.72694,  0.22363,  0.35251
9963, 3513, -0.07173, -0.02498,  0.10941,  0.16144,  0.72694,  0.05326,  0.35251
9964, 3515, -0.0721, -0.0218,  0.11685,  0.16144,  0.76622,  0.05326,  0.40707
9965, 3514, -0.07862, -0.00043,  0.10966,  0.34994,  0.76622,  0.22363,  0.40707
9966, 3516, -0.07677, -9.84271E-6,  0.11861,  0.34994,  0.80421,  0.22363,  0.45983
9967, 3514, -0.07862, -0.00043,  0.10966,  0.34994,  0.76622,  0.22363,  0.40707
9968, 3515, -0.0721, -0.0218,  0.11685,  0.16144,  0.76622,  0.05326,  0.40707
9969, 3516, -0.07677, -9.84271E-6,  0.11861,  0.34994,  0.80421,  0.22363,  0.45983
9970, 3515, -0.0721, -0.0218,  0.11685,  0.16144,  0.76622,  0.05326,  0.40707
9971, 3517, -0.07165, -0.01744,  0.12483,  0.16144,  0.80421,  0.05326,  0.45983
9972, 3517, -0.07165, -0.01744,  0.12483,  0.16144,  0.80421,  0.05326,  0.45983
9973, 3518, -0.07451,  0.00037,  0.12709,  0.34994,  0.8394,  0.22363,  0.5087
9974, 3516, -0.07677, -9.84271E-6,  0.11861,  0.34994,  0.80421,  0.22363,  0.45983
9975, 3517, -0.07165, -0.01744,  0.12483,  0.16144,  0.80421,  0.05326,  0.45983
9976, 3519, -0.07106, -0.01254,  0.13171,  0.16144,  0.8394,  0.05326,  0.5087
9977, 3518, -0.07451,  0.00037,  0.12709,  0.34994,  0.8394,  0.22363,  0.5087
9978, 3520, -0.07148,  0.0009,  0.13378,  0.34994,  0.86615,  0.22363,  0.54585
9979, 3518, -0.07451,  0.00037,  0.12709,  0.34994,  0.8394,  0.22363,  0.5087
9980, 3519, -0.07106, -0.01254,  0.13171,  0.16144,  0.8394,  0.05326,  0.5087
9981, 3520, -0.07148,  0.0009,  0.13378,  0.34994,  0.86615,  0.22363,  0.54585
9982, 3519, -0.07106, -0.01254,  0.13171,  0.16144,  0.8394,  0.05326,  0.5087
9983, 3521, -0.06939, -0.00768,  0.1368,  0.16144,  0.86615,  0.05326,  0.54585
9984, 3521, -0.06939, -0.00768,  0.1368,  0.16144,  0.86615,  0.05326,  0.54585
9985, 3522, -0.06733,  0.00174,  0.13739,  0.34994,  0.87879,  0.22363,  0.56341
9986, 3520, -0.07148,  0.0009,  0.13378,  0.34994,  0.86615,  0.22363,  0.54585
9987, 3521, -0.06939, -0.00768,  0.1368,  0.16144,  0.86615,  0.05326,  0.54585
9988, 3523, -0.06571, -0.00344,  0.13942,  0.16144,  0.87879,  0.05326,  0.56341
9989, 3522, -0.06733,  0.00174,  0.13739,  0.34994,  0.87879,  0.22363,  0.56341
9990, 3524, -0.06102,  0.0005,  0.14079,  0.16144,  0.88439,  0.05326,  0.57118
9991, 3522, -0.06733,  0.00174,  0.13739,  0.34994,  0.87879,  0.22363,  0.56341
9992, 3523, -0.06571, -0.00344,  0.13942,  0.16144,  0.87879,  0.05326,  0.56341
9993, 3524, -0.06102,  0.0005,  0.14079,  0.16144,  0.88439,  0.05326,  0.57118
9994, 3525, -0.06261,  0.00273,  0.13945,  0.34994,  0.88439,  0.22363,  0.57118
9995, 3522, -0.06733,  0.00174,  0.13739,  0.34994,  0.87879,  0.22363,  0.56341
9996, 3526, -0.05434,  0.02182,  0.09616,  0.34994,  0.57473,  0.22363,  0.14097
9997, 3527, -0.0502,  0.01664,  0.09687,  0.34994,  0.53682,  0.22363,  0.08787
9998, 3528, -0.05478, -0.0004,  0.0933,  0.16144,  0.53682,  0.05326,  0.08787
9999, 3526, -0.05434,  0.02182,  0.09616,  0.34994,  0.57473,  0.22363,  0.14097
10000, 3528, -0.05478, -0.0004,  0.0933,  0.16144,  0.53682,  0.05326,  0.08787
10001, 3529, -0.06122, -0.00037,  0.09121,  0.16144,  0.57473,  0.05326,  0.14097
10002, 3530, -0.04612,  0.01058,  0.09847,  0.34994,  0.49859,  0.22363,  0.03416
10003, 3528, -0.05478, -0.0004,  0.0933,  0.16144,  0.53682,  0.05326,  0.08787
10004, 3527, -0.0502,  0.01664,  0.09687,  0.34994,  0.53682,  0.22363,  0.08787
10005, 3530, -0.04612,  0.01058,  0.09847,  0.34994,  0.49859,  0.22363,  0.03416
10006, 3531, -0.04806, -0.00041,  0.0962,  0.16144,  0.49859,  0.05326,  0.03416
10007, 3528, -0.05478, -0.0004,  0.0933,  0.16144,  0.53682,  0.05326,  0.08787
10008, 3529, -0.06122, -0.00037,  0.09121,  0.16144,  0.57473,  0.05326,  0.14097
10009, 3532, -0.05859,  0.0252,  0.0972,  0.34994,  0.61199,  0.22363,  0.19287
10010, 3526, -0.05434,  0.02182,  0.09616,  0.34994,  0.57473,  0.22363,  0.14097
10011, 3529, -0.06122, -0.00037,  0.09121,  0.16144,  0.57473,  0.05326,  0.14097
10012, 3533, -0.06709, -0.00028,  0.09071,  0.16144,  0.61199,  0.05326,  0.19287
10013, 3532, -0.05859,  0.0252,  0.0972,  0.34994,  0.61199,  0.22363,  0.19287
10014, 3534, -0.0629,  0.02689,  0.09979,  0.34994,  0.64943,  0.22363,  0.24486
10015, 3532, -0.05859,  0.0252,  0.0972,  0.34994,  0.61199,  0.22363,  0.19287
10016, 3533, -0.06709, -0.00028,  0.09071,  0.16144,  0.61199,  0.05326,  0.19287
10017, 3534, -0.0629,  0.02689,  0.09979,  0.34994,  0.64943,  0.22363,  0.24486
10018, 3533, -0.06709, -0.00028,  0.09071,  0.16144,  0.61199,  0.05326,  0.19287
10019, 3535, -0.07228, -0.00028,  0.09217,  0.16144,  0.64943,  0.05326,  0.24486
10020, 3535, -0.07228, -0.00028,  0.09217,  0.16144,  0.64943,  0.05326,  0.24486
10021, 3536, -0.06707,  0.02696,  0.10366,  0.34994,  0.68788,  0.22363,  0.29826
10022, 3534, -0.0629,  0.02689,  0.09979,  0.34994,  0.64943,  0.22363,  0.24486
10023, 3535, -0.07228, -0.00028,  0.09217,  0.16144,  0.64943,  0.05326,  0.24486
10024, 3537, -0.07651, -0.00051,  0.09578,  0.16144,  0.68788,  0.05326,  0.29826
10025, 3536, -0.06707,  0.02696,  0.10366,  0.34994,  0.68788,  0.22363,  0.29826
10026, 3538, -0.07006,  0.02559,  0.10917,  0.34994,  0.72694,  0.22363,  0.35251
10027, 3536, -0.06707,  0.02696,  0.10366,  0.34994,  0.68788,  0.22363,  0.29826
10028, 3537, -0.07651, -0.00051,  0.09578,  0.16144,  0.68788,  0.05326,  0.29826
10029, 3538, -0.07006,  0.02559,  0.10917,  0.34994,  0.72694,  0.22363,  0.35251
10030, 3537, -0.07651, -0.00051,  0.09578,  0.16144,  0.68788,  0.05326,  0.29826
10031, 3539, -0.07892, -0.00067,  0.1016,  0.16144,  0.72694,  0.05326,  0.35251
10032, 3539, -0.07892, -0.00067,  0.1016,  0.16144,  0.72694,  0.05326,  0.35251
10033, 3540, -0.07085,  0.02294,  0.11667,  0.34994,  0.76622,  0.22363,  0.40707
10034, 3538, -0.07006,  0.02559,  0.10917,  0.34994,  0.72694,  0.22363,  0.35251
10035, 3539, -0.07892, -0.00067,  0.1016,  0.16144,  0.72694,  0.05326,  0.35251
10036, 3541, -0.07862, -0.00043,  0.10966,  0.16144,  0.76622,  0.05326,  0.40707
10037, 3540, -0.07085,  0.02294,  0.11667,  0.34994,  0.76622,  0.22363,  0.40707
10038, 3542, -0.07052,  0.01936,  0.12461,  0.34994,  0.80421,  0.22363,  0.45983
10039, 3540, -0.07085,  0.02294,  0.11667,  0.34994,  0.76622,  0.22363,  0.40707
10040, 3541, -0.07862, -0.00043,  0.10966,  0.16144,  0.76622,  0.05326,  0.40707
10041, 3542, -0.07052,  0.01936,  0.12461,  0.34994,  0.80421,  0.22363,  0.45983
10042, 3541, -0.07862, -0.00043,  0.10966,  0.16144,  0.76622,  0.05326,  0.40707
10043, 3543, -0.07677, -9.84286E-6,  0.11861,  0.16144,  0.80421,  0.05326,  0.45983
10044, 3543, -0.07677, -9.84286E-6,  0.11861,  0.16144,  0.80421,  0.05326,  0.45983
10045, 3544, -0.07014,  0.01519,  0.1314,  0.34994,  0.8394,  0.22363,  0.5087
10046, 3542, -0.07052,  0.01936,  0.12461,  0.34994,  0.80421,  0.22363,  0.45983
10047, 3543, -0.07677, -9.84286E-6,  0.11861,  0.16144,  0.80421,  0.05326,  0.45983
10048, 3545, -0.07451,  0.00037,  0.12709,  0.16144,  0.8394,  0.05326,  0.5087
10049, 3544, -0.07014,  0.01519,  0.1314,  0.34994,  0.8394,  0.22363,  0.5087
10050, 3546, -0.07169,  0.00072,  0.13367,  0.16144,  0.86615,  0.05326,  0.54585
10051, 3544, -0.07014,  0.01519,  0.1314,  0.34994,  0.8394,  0.22363,  0.5087
10052, 3545, -0.07451,  0.00037,  0.12709,  0.16144,  0.8394,  0.05326,  0.5087
10053, 3546, -0.07169,  0.00072,  0.13367,  0.16144,  0.86615,  0.05326,  0.54585
10054, 3547, -0.06909,  0.01116,  0.13634,  0.34994,  0.86615,  0.22363,  0.54585
10055, 3544, -0.07014,  0.01519,  0.1314,  0.34994,  0.8394,  0.22363,  0.5087
10056, 3548, -0.06816,  0.00101,  0.13692,  0.16144,  0.87879,  0.05326,  0.56341
10057, 3547, -0.06909,  0.01116,  0.13634,  0.34994,  0.86615,  0.22363,  0.54585
10058, 3546, -0.07169,  0.00072,  0.13367,  0.16144,  0.86615,  0.05326,  0.54585
10059, 3548, -0.06816,  0.00101,  0.13692,  0.16144,  0.87879,  0.05326,  0.56341
10060, 3549, -0.06669,  0.00799,  0.13873,  0.34994,  0.87879,  0.22363,  0.56341
10061, 3547, -0.06909,  0.01116,  0.13634,  0.34994,  0.86615,  0.22363,  0.54585
10062, 3550, -0.06428,  0.00129,  0.1385,  0.16144,  0.88439,  0.05326,  0.57118
10063, 3549, -0.06669,  0.00799,  0.13873,  0.34994,  0.87879,  0.22363,  0.56341
10064, 3548, -0.06816,  0.00101,  0.13692,  0.16144,  0.87879,  0.05326,  0.56341
10065, 3550, -0.06428,  0.00129,  0.1385,  0.16144,  0.88439,  0.05326,  0.57118
10066, 3551, -0.06362,  0.00525,  0.13984,  0.34994,  0.88439,  0.22363,  0.57118
10067, 3549, -0.06669,  0.00799,  0.13873,  0.34994,  0.87879,  0.22363,  0.56341
10068, 3552, -0.04578,  0.033,  0.11095,  0.34994,  0.57473,  0.22363,  0.14097
10069, 3553, -0.04334,  0.02474,  0.10784,  0.34994,  0.53682,  0.22363,  0.08787
10070, 3554, -0.0502,  0.01664,  0.09687,  0.16144,  0.53682,  0.05326,  0.08787
10071, 3552, -0.04578,  0.033,  0.11095,  0.34994,  0.57473,  0.22363,  0.14097
10072, 3554, -0.0502,  0.01664,  0.09687,  0.16144,  0.53682,  0.05326,  0.08787
10073, 3555, -0.05434,  0.02182,  0.09616,  0.16144,  0.57473,  0.05326,  0.14097
10074, 3556, -0.04101,  0.01522,  0.10487,  0.34994,  0.49859,  0.22363,  0.03416
10075, 3554, -0.0502,  0.01664,  0.09687,  0.16144,  0.53682,  0.05326,  0.08787
10076, 3553, -0.04334,  0.02474,  0.10784,  0.34994,  0.53682,  0.22363,  0.08787
10077, 3556, -0.04101,  0.01522,  0.10487,  0.34994,  0.49859,  0.22363,  0.03416
10078, 3557, -0.04612,  0.01058,  0.09847,  0.16144,  0.49859,  0.05326,  0.03416
10079, 3554, -0.0502,  0.01664,  0.09687,  0.16144,  0.53682,  0.05326,  0.08787
10080, 3555, -0.05434,  0.02182,  0.09616,  0.16144,  0.57473,  0.05326,  0.14097
10081, 3558, -0.04845,  0.03871,  0.11437,  0.34994,  0.61199,  0.22363,  0.19287
10082, 3552, -0.04578,  0.033,  0.11095,  0.34994,  0.57473,  0.22363,  0.14097
10083, 3555, -0.05434,  0.02182,  0.09616,  0.16144,  0.57473,  0.05326,  0.14097
10084, 3559, -0.05859,  0.0252,  0.0972,  0.16144,  0.61199,  0.05326,  0.19287
10085, 3558, -0.04845,  0.03871,  0.11437,  0.34994,  0.61199,  0.22363,  0.19287
10086, 3560, -0.05151,  0.04172,  0.11857,  0.34994,  0.64943,  0.22363,  0.24486
10087, 3558, -0.04845,  0.03871,  0.11437,  0.34994,  0.61199,  0.22363,  0.19287
10088, 3559, -0.05859,  0.0252,  0.0972,  0.16144,  0.61199,  0.05326,  0.19287
10089, 3560, -0.05151,  0.04172,  0.11857,  0.34994,  0.64943,  0.22363,  0.24486
10090, 3559, -0.05859,  0.0252,  0.0972,  0.16144,  0.61199,  0.05326,  0.19287
10091, 3561, -0.0629,  0.02689,  0.09979,  0.16144,  0.64943,  0.05326,  0.24486
10092, 3561, -0.0629,  0.02689,  0.09979,  0.16144,  0.64943,  0.05326,  0.24486
10093, 3562, -0.0551,  0.04184,  0.12396,  0.34994,  0.68788,  0.22363,  0.29826
10094, 3560, -0.05151,  0.04172,  0.11857,  0.34994,  0.64943,  0.22363,  0.24486
10095, 3561, -0.0629,  0.02689,  0.09979,  0.16144,  0.64943,  0.05326,  0.24486
10096, 3563, -0.06707,  0.02696,  0.10366,  0.16144,  0.68788,  0.05326,  0.29826
10097, 3562, -0.0551,  0.04184,  0.12396,  0.34994,  0.68788,  0.22363,  0.29826
10098, 3564, -0.05839,  0.03931,  0.12995,  0.34994,  0.72694,  0.22363,  0.35251
10099, 3562, -0.0551,  0.04184,  0.12396,  0.34994,  0.68788,  0.22363,  0.29826
10100, 3563, -0.06707,  0.02696,  0.10366,  0.16144,  0.68788,  0.05326,  0.29826
10101, 3564, -0.05839,  0.03931,  0.12995,  0.34994,  0.72694,  0.22363,  0.35251
10102, 3563, -0.06707,  0.02696,  0.10366,  0.16144,  0.68788,  0.05326,  0.29826
10103, 3565, -0.07006,  0.02559,  0.10917,  0.16144,  0.72694,  0.05326,  0.35251
10104, 3565, -0.07006,  0.02559,  0.10917,  0.16144,  0.72694,  0.05326,  0.35251
10105, 3566, -0.06056,  0.03434,  0.13592,  0.34994,  0.76622,  0.22363,  0.40707
10106, 3564, -0.05839,  0.03931,  0.12995,  0.34994,  0.72694,  0.22363,  0.35251
10107, 3565, -0.07006,  0.02559,  0.10917,  0.16144,  0.72694,  0.05326,  0.35251
10108, 3567, -0.07085,  0.02294,  0.11667,  0.16144,  0.76622,  0.05326,  0.40707
10109, 3566, -0.06056,  0.03434,  0.13592,  0.34994,  0.76622,  0.22363,  0.40707
10110, 3568, -0.06212,  0.02815,  0.14079,  0.34994,  0.80421,  0.22363,  0.45983
10111, 3566, -0.06056,  0.03434,  0.13592,  0.34994,  0.76622,  0.22363,  0.40707
10112, 3567, -0.07085,  0.02294,  0.11667,  0.16144,  0.76622,  0.05326,  0.40707
10113, 3568, -0.06212,  0.02815,  0.14079,  0.34994,  0.80421,  0.22363,  0.45983
10114, 3567, -0.07085,  0.02294,  0.11667,  0.16144,  0.76622,  0.05326,  0.40707
10115, 3569, -0.07052,  0.01936,  0.12461,  0.16144,  0.80421,  0.05326,  0.45983
10116, 3569, -0.07052,  0.01936,  0.12461,  0.16144,  0.80421,  0.05326,  0.45983
10117, 3570, -0.06358,  0.02197,  0.1435,  0.34994,  0.8394,  0.22363,  0.5087
10118, 3568, -0.06212,  0.02815,  0.14079,  0.34994,  0.80421,  0.22363,  0.45983
10119, 3569, -0.07052,  0.01936,  0.12461,  0.16144,  0.80421,  0.05326,  0.45983
10120, 3571, -0.07015,  0.01519,  0.1314,  0.16144,  0.8394,  0.05326,  0.5087
10121, 3570, -0.06358,  0.02197,  0.1435,  0.34994,  0.8394,  0.22363,  0.5087
10122, 3572, -0.06912,  0.01091,  0.13627,  0.16144,  0.86615,  0.05326,  0.54585
10123, 3570, -0.06358,  0.02197,  0.1435,  0.34994,  0.8394,  0.22363,  0.5087
10124, 3571, -0.07015,  0.01519,  0.1314,  0.16144,  0.8394,  0.05326,  0.5087
10125, 3572, -0.06912,  0.01091,  0.13627,  0.16144,  0.86615,  0.05326,  0.54585
10126, 3573, -0.06413,  0.01599,  0.1444,  0.34994,  0.86615,  0.22363,  0.54585
10127, 3570, -0.06358,  0.02197,  0.1435,  0.34994,  0.8394,  0.22363,  0.5087
10128, 3574, -0.06681,  0.00702,  0.13844,  0.16144,  0.87879,  0.05326,  0.56341
10129, 3573, -0.06413,  0.01599,  0.1444,  0.34994,  0.86615,  0.22363,  0.54585
10130, 3572, -0.06912,  0.01091,  0.13627,  0.16144,  0.86615,  0.05326,  0.54585
10131, 3574, -0.06681,  0.00702,  0.13844,  0.16144,  0.87879,  0.05326,  0.56341
10132, 3575, -0.06294,  0.01044,  0.14381,  0.34994,  0.87879,  0.22363,  0.56341
10133, 3573, -0.06413,  0.01599,  0.1444,  0.34994,  0.86615,  0.22363,  0.54585
10134, 3576, -0.06386,  0.00331,  0.13926,  0.16144,  0.88439,  0.05326,  0.57118
10135, 3575, -0.06294,  0.01044,  0.14381,  0.34994,  0.87879,  0.22363,  0.56341
10136, 3574, -0.06681,  0.00702,  0.13844,  0.16144,  0.87879,  0.05326,  0.56341
10137, 3576, -0.06386,  0.00331,  0.13926,  0.16144,  0.88439,  0.05326,  0.57118
10138, 3577, -0.06089,  0.00509,  0.14249,  0.34994,  0.88439,  0.22363,  0.57118
10139, 3575, -0.06294,  0.01044,  0.14381,  0.34994,  0.87879,  0.22363,  0.56341
10140, 3578, -0.02366,  0.02453,  0.13013,  0.34994,  0.57473,  0.22363,  0.14097
10141, 3579, -0.02816,  0.01828,  0.12178,  0.34994,  0.53682,  0.22363,  0.08787
10142, 3580, -0.04334,  0.02474,  0.10784,  0.16144,  0.53682,  0.05326,  0.08787
10143, 3578, -0.02366,  0.02453,  0.13013,  0.34994,  0.57473,  0.22363,  0.14097
10144, 3580, -0.04334,  0.02474,  0.10784,  0.16144,  0.53682,  0.05326,  0.08787
10145, 3581, -0.04578,  0.033,  0.11082,  0.16144,  0.57473,  0.05326,  0.14097
10146, 3582, -0.03407,  0.0108,  0.1125,  0.34994,  0.49859,  0.22363,  0.03416
10147, 3580, -0.04334,  0.02474,  0.10784,  0.16144,  0.53682,  0.05326,  0.08787
10148, 3579, -0.02816,  0.01828,  0.12178,  0.34994,  0.53682,  0.22363,  0.08787
10149, 3582, -0.03407,  0.0108,  0.1125,  0.34994,  0.49859,  0.22363,  0.03416
10150, 3583, -0.04101,  0.01522,  0.10487,  0.16144,  0.49859,  0.05326,  0.03416
10151, 3580, -0.04334,  0.02474,  0.10784,  0.16144,  0.53682,  0.05326,  0.08787
10152, 3581, -0.04578,  0.033,  0.11082,  0.16144,  0.57473,  0.05326,  0.14097
10153, 3584, -0.02195,  0.0283,  0.13656,  0.34994,  0.61199,  0.22363,  0.19287
10154, 3578, -0.02366,  0.02453,  0.13013,  0.34994,  0.57473,  0.22363,  0.14097
10155, 3581, -0.04578,  0.033,  0.11082,  0.16144,  0.57473,  0.05326,  0.14097
10156, 3585, -0.04845,  0.03871,  0.11386,  0.16144,  0.61199,  0.05326,  0.19287
10157, 3584, -0.02195,  0.0283,  0.13656,  0.34994,  0.61199,  0.22363,  0.19287
10158, 3586, -0.02362,  0.03001,  0.14201,  0.34994,  0.64943,  0.22363,  0.24486
10159, 3584, -0.02195,  0.0283,  0.13656,  0.34994,  0.61199,  0.22363,  0.19287
10160, 3585, -0.04845,  0.03871,  0.11386,  0.16144,  0.61199,  0.05326,  0.19287
10161, 3586, -0.02362,  0.03001,  0.14201,  0.34994,  0.64943,  0.22363,  0.24486
10162, 3585, -0.04845,  0.03871,  0.11386,  0.16144,  0.61199,  0.05326,  0.19287
10163, 3587, -0.05151,  0.04172,  0.11762,  0.16144,  0.64943,  0.05326,  0.24486
10164, 3587, -0.05151,  0.04172,  0.11762,  0.16144,  0.64943,  0.05326,  0.24486
10165, 3588, -0.02927,  0.0301,  0.14746,  0.34994,  0.68788,  0.22363,  0.29826
10166, 3586, -0.02362,  0.03001,  0.14201,  0.34994,  0.64943,  0.22363,  0.24486
10167, 3587, -0.05151,  0.04172,  0.11762,  0.16144,  0.64943,  0.05326,  0.24486
10168, 3589, -0.0551,  0.04184,  0.12275,  0.16144,  0.68788,  0.05326,  0.29826
10169, 3588, -0.02927,  0.0301,  0.14746,  0.34994,  0.68788,  0.22363,  0.29826
10170, 3590, -0.0368,  0.02849,  0.1523,  0.34994,  0.72694,  0.22363,  0.35251
10171, 3588, -0.02927,  0.0301,  0.14746,  0.34994,  0.68788,  0.22363,  0.29826
10172, 3589, -0.0551,  0.04184,  0.12275,  0.16144,  0.68788,  0.05326,  0.29826
10173, 3590, -0.0368,  0.02849,  0.1523,  0.34994,  0.72694,  0.22363,  0.35251
10174, 3589, -0.0551,  0.04184,  0.12275,  0.16144,  0.68788,  0.05326,  0.29826
10175, 3591, -0.05839,  0.03931,  0.12863,  0.16144,  0.72694,  0.05326,  0.35251
10176, 3591, -0.05839,  0.03931,  0.12863,  0.16144,  0.72694,  0.05326,  0.35251
10177, 3592, -0.04411,  0.02509,  0.15596,  0.34994,  0.76622,  0.22363,  0.40707
10178, 3590, -0.0368,  0.02849,  0.1523,  0.34994,  0.72694,  0.22363,  0.35251
10179, 3591, -0.05839,  0.03931,  0.12863,  0.16144,  0.72694,  0.05326,  0.35251
10180, 3593, -0.06055,  0.03434,  0.13464,  0.16144,  0.76622,  0.05326,  0.40707
10181, 3592, -0.04411,  0.02509,  0.15596,  0.34994,  0.76622,  0.22363,  0.40707
10182, 3594, -0.05042,  0.02061,  0.15761,  0.34994,  0.80421,  0.22363,  0.45983
10183, 3592, -0.04411,  0.02509,  0.15596,  0.34994,  0.76622,  0.22363,  0.40707
10184, 3593, -0.06055,  0.03434,  0.13464,  0.16144,  0.76622,  0.05326,  0.40707
10185, 3594, -0.05042,  0.02061,  0.15761,  0.34994,  0.80421,  0.22363,  0.45983
10186, 3593, -0.06055,  0.03434,  0.13464,  0.16144,  0.76622,  0.05326,  0.40707
10187, 3595, -0.06212,  0.02815,  0.13975,  0.16144,  0.80421,  0.05326,  0.45983
10188, 3595, -0.06212,  0.02815,  0.13975,  0.16144,  0.80421,  0.05326,  0.45983
10189, 3596, -0.05493,  0.01573,  0.15644,  0.34994,  0.8394,  0.22363,  0.5087
10190, 3594, -0.05042,  0.02061,  0.15761,  0.34994,  0.80421,  0.22363,  0.45983
10191, 3595, -0.06212,  0.02815,  0.13975,  0.16144,  0.80421,  0.05326,  0.45983
10192, 3597, -0.06359,  0.02197,  0.14294,  0.16144,  0.8394,  0.05326,  0.5087
10193, 3596, -0.05493,  0.01573,  0.15644,  0.34994,  0.8394,  0.22363,  0.5087
10194, 3598, -0.05791,  0.01078,  0.15311,  0.34994,  0.86615,  0.22363,  0.54585
10195, 3596, -0.05493,  0.01573,  0.15644,  0.34994,  0.8394,  0.22363,  0.5087
10196, 3597, -0.06359,  0.02197,  0.14294,  0.16144,  0.8394,  0.05326,  0.5087
10197, 3598, -0.05791,  0.01078,  0.15311,  0.34994,  0.86615,  0.22363,  0.54585
10198, 3597, -0.06359,  0.02197,  0.14294,  0.16144,  0.8394,  0.05326,  0.5087
10199, 3599, -0.06454,  0.01565,  0.14379,  0.16144,  0.86615,  0.05326,  0.54585
10200, 3599, -0.06454,  0.01565,  0.14379,  0.16144,  0.86615,  0.05326,  0.54585
10201, 3600, -0.05964,  0.00607,  0.14826,  0.34994,  0.87879,  0.22363,  0.56341
10202, 3598, -0.05791,  0.01078,  0.15311,  0.34994,  0.86615,  0.22363,  0.54585
10203, 3599, -0.06454,  0.01565,  0.14379,  0.16144,  0.86615,  0.05326,  0.54585
10204, 3601, -0.06452,  0.00907,  0.14191,  0.16144,  0.87879,  0.05326,  0.56341
10205, 3600, -0.05964,  0.00607,  0.14826,  0.34994,  0.87879,  0.22363,  0.56341
10206, 3602, -0.06402,  0.00235,  0.13866,  0.16144,  0.88439,  0.05326,  0.57118
10207, 3600, -0.05964,  0.00607,  0.14826,  0.34994,  0.87879,  0.22363,  0.56341
10208, 3601, -0.06452,  0.00907,  0.14191,  0.16144,  0.87879,  0.05326,  0.56341
10209, 3602, -0.06402,  0.00235,  0.13866,  0.16144,  0.88439,  0.05326,  0.57118
10210, 3603, -0.06074,  0.0015,  0.14265,  0.34994,  0.88439,  0.22363,  0.57118
10211, 3600, -0.05964,  0.00607,  0.14826,  0.34994,  0.87879,  0.22363,  0.56341
10212, 3604, -0.019, -0.00022,  0.13898,  0.34994,  0.57473,  0.22363,  0.14097
10213, 3605, -0.02377, -0.00032,  0.12785,  0.34994,  0.53682,  0.22363,  0.08787
10214, 3606, -0.02816,  0.01828,  0.12096,  0.16144,  0.53682,  0.05326,  0.08787
10215, 3604, -0.019, -0.00022,  0.13898,  0.34994,  0.57473,  0.22363,  0.14097
10216, 3606, -0.02816,  0.01828,  0.12096,  0.16144,  0.53682,  0.05326,  0.08787
10217, 3607, -0.02366,  0.02453,  0.1289,  0.16144,  0.57473,  0.05326,  0.14097
10218, 3608, -0.03029, -0.00042,  0.11555,  0.34994,  0.49859,  0.22363,  0.03416
10219, 3606, -0.02816,  0.01828,  0.12096,  0.16144,  0.53682,  0.05326,  0.08787
10220, 3605, -0.02377, -0.00032,  0.12785,  0.34994,  0.53682,  0.22363,  0.08787
10221, 3608, -0.03029, -0.00042,  0.11555,  0.34994,  0.49859,  0.22363,  0.03416
10222, 3609, -0.03407,  0.0108,  0.1125,  0.16144,  0.49859,  0.05326,  0.03416
10223, 3606, -0.02816,  0.01828,  0.12096,  0.16144,  0.53682,  0.05326,  0.08787
10224, 3607, -0.02366,  0.02453,  0.1289,  0.16144,  0.57473,  0.05326,  0.14097
10225, 3610, -0.01762, -0.00012,  0.14769,  0.34994,  0.61199,  0.22363,  0.19287
10226, 3604, -0.019, -0.00022,  0.13898,  0.34994,  0.57473,  0.22363,  0.14097
10227, 3607, -0.02366,  0.02453,  0.1289,  0.16144,  0.57473,  0.05326,  0.14097
10228, 3611, -0.02195,  0.0283,  0.13574,  0.16144,  0.61199,  0.05326,  0.19287
10229, 3610, -0.01762, -0.00012,  0.14769,  0.34994,  0.61199,  0.22363,  0.19287
10230, 3612, -0.01945,  0.00013,  0.15423,  0.34994,  0.64943,  0.22363,  0.24486
10231, 3610, -0.01762, -0.00012,  0.14769,  0.34994,  0.61199,  0.22363,  0.19287
10232, 3611, -0.02195,  0.0283,  0.13574,  0.16144,  0.61199,  0.05326,  0.19287
10233, 3612, -0.01945,  0.00013,  0.15423,  0.34994,  0.64943,  0.22363,  0.24486
10234, 3611, -0.02195,  0.0283,  0.13574,  0.16144,  0.61199,  0.05326,  0.19287
10235, 3613, -0.02362,  0.03001,  0.1418,  0.16144,  0.64943,  0.05326,  0.24486
10236, 3613, -0.02362,  0.03001,  0.1418,  0.16144,  0.64943,  0.05326,  0.24486
10237, 3614, -0.02431,  0.00068,  0.15886,  0.34994,  0.68788,  0.22363,  0.29826
10238, 3612, -0.01945,  0.00013,  0.15423,  0.34994,  0.64943,  0.22363,  0.24486
10239, 3613, -0.02362,  0.03001,  0.1418,  0.16144,  0.64943,  0.05326,  0.24486
10240, 3615, -0.02927,  0.0301,  0.14746,  0.16144,  0.68788,  0.05326,  0.29826
10241, 3614, -0.02431,  0.00068,  0.15886,  0.34994,  0.68788,  0.22363,  0.29826
10242, 3616, -0.03103,  0.00118,  0.16173,  0.34994,  0.72694,  0.22363,  0.35251
10243, 3614, -0.02431,  0.00068,  0.15886,  0.34994,  0.68788,  0.22363,  0.29826
10244, 3615, -0.02927,  0.0301,  0.14746,  0.16144,  0.68788,  0.05326,  0.29826
10245, 3616, -0.03103,  0.00118,  0.16173,  0.34994,  0.72694,  0.22363,  0.35251
10246, 3615, -0.02927,  0.0301,  0.14746,  0.16144,  0.68788,  0.05326,  0.29826
10247, 3617, -0.0368,  0.02849,  0.1523,  0.16144,  0.72694,  0.05326,  0.35251
10248, 3617, -0.0368,  0.02849,  0.1523,  0.16144,  0.72694,  0.05326,  0.35251
10249, 3618, -0.03843,  0.00129,  0.16299,  0.34994,  0.76622,  0.22363,  0.40707
10250, 3616, -0.03103,  0.00118,  0.16173,  0.34994,  0.72694,  0.22363,  0.35251
10251, 3617, -0.0368,  0.02849,  0.1523,  0.16144,  0.72694,  0.05326,  0.35251
10252, 3619, -0.04411,  0.02509,  0.15596,  0.16144,  0.76622,  0.05326,  0.40707
10253, 3618, -0.03843,  0.00129,  0.16299,  0.34994,  0.76622,  0.22363,  0.40707
10254, 3620, -0.0455,  0.00128,  0.16235,  0.34994,  0.80421,  0.22363,  0.45983
10255, 3618, -0.03843,  0.00129,  0.16299,  0.34994,  0.76622,  0.22363,  0.40707
10256, 3619, -0.04411,  0.02509,  0.15596,  0.16144,  0.76622,  0.05326,  0.40707
10257, 3620, -0.0455,  0.00128,  0.16235,  0.34994,  0.80421,  0.22363,  0.45983
10258, 3619, -0.04411,  0.02509,  0.15596,  0.16144,  0.76622,  0.05326,  0.40707
10259, 3621, -0.05042,  0.02061,  0.15761,  0.16144,  0.80421,  0.05326,  0.45983
10260, 3621, -0.05042,  0.02061,  0.15761,  0.16144,  0.80421,  0.05326,  0.45983
10261, 3622, -0.05121,  0.00142,  0.15953,  0.34994,  0.8394,  0.22363,  0.5087
10262, 3620, -0.0455,  0.00128,  0.16235,  0.34994,  0.80421,  0.22363,  0.45983
10263, 3621, -0.05042,  0.02061,  0.15761,  0.16144,  0.80421,  0.05326,  0.45983
10264, 3623, -0.05493,  0.01573,  0.15644,  0.16144,  0.8394,  0.05326,  0.5087
10265, 3622, -0.05121,  0.00142,  0.15953,  0.34994,  0.8394,  0.22363,  0.5087
10266, 3624, -0.05555,  0.00157,  0.15507,  0.34994,  0.86615,  0.22363,  0.54585
10267, 3622, -0.05121,  0.00142,  0.15953,  0.34994,  0.8394,  0.22363,  0.5087
10268, 3623, -0.05493,  0.01573,  0.15644,  0.16144,  0.8394,  0.05326,  0.5087
10269, 3624, -0.05555,  0.00157,  0.15507,  0.34994,  0.86615,  0.22363,  0.54585
10270, 3623, -0.05493,  0.01573,  0.15644,  0.16144,  0.8394,  0.05326,  0.5087
10271, 3625, -0.05795,  0.01101,  0.15317,  0.16144,  0.86615,  0.05326,  0.54585
10272, 3625, -0.05795,  0.01101,  0.15317,  0.16144,  0.86615,  0.05326,  0.54585
10273, 3626, -0.05852,  0.00158,  0.14952,  0.34994,  0.87879,  0.22363,  0.56341
10274, 3624, -0.05555,  0.00157,  0.15507,  0.34994,  0.86615,  0.22363,  0.54585
10275, 3625, -0.05795,  0.01101,  0.15317,  0.16144,  0.86615,  0.05326,  0.54585
10276, 3627, -0.0598,  0.00702,  0.14849,  0.16144,  0.87879,  0.05326,  0.56341
10277, 3626, -0.05852,  0.00158,  0.14952,  0.34994,  0.87879,  0.22363,  0.56341
10278, 3628, -0.06105,  0.0034,  0.14311,  0.16144,  0.88439,  0.05326,  0.57118
10279, 3626, -0.05852,  0.00158,  0.14952,  0.34994,  0.87879,  0.22363,  0.56341
10280, 3627, -0.0598,  0.00702,  0.14849,  0.16144,  0.87879,  0.05326,  0.56341
10281, 3628, -0.06105,  0.0034,  0.14311,  0.16144,  0.88439,  0.05326,  0.57118
10282, 3629, -0.0608,  0.00151,  0.14344,  0.34994,  0.88439,  0.22363,  0.57118
10283, 3626, -0.05852,  0.00158,  0.14952,  0.34994,  0.87879,  0.22363,  0.56341
10284, 3630, -0.02729, -0.02299,  0.13017,  0.34994,  0.57473,  0.22363,  0.14097
10285, 3631, -0.02979, -0.01748,  0.12119,  0.34994,  0.53682,  0.22363,  0.08787
10286, 3632, -0.02377, -0.00032,  0.12785,  0.16144,  0.53682,  0.05326,  0.08787
10287, 3630, -0.02729, -0.02299,  0.13017,  0.34994,  0.57473,  0.22363,  0.14097
10288, 3632, -0.02377, -0.00032,  0.12785,  0.16144,  0.53682,  0.05326,  0.08787
10289, 3633, -0.019, -0.00022,  0.13898,  0.16144,  0.57473,  0.05326,  0.14097
10290, 3634, -0.03329, -0.01082,  0.11129,  0.34994,  0.49859,  0.22363,  0.03416
10291, 3632, -0.02377, -0.00032,  0.12785,  0.16144,  0.53682,  0.05326,  0.08787
10292, 3631, -0.02979, -0.01748,  0.12119,  0.34994,  0.53682,  0.22363,  0.08787
10293, 3634, -0.03329, -0.01082,  0.11129,  0.34994,  0.49859,  0.22363,  0.03416
10294, 3635, -0.03029, -0.00042,  0.11555,  0.16144,  0.49859,  0.05326,  0.03416
10295, 3632, -0.02377, -0.00032,  0.12785,  0.16144,  0.53682,  0.05326,  0.08787
10296, 3633, -0.019, -0.00022,  0.13898,  0.16144,  0.57473,  0.05326,  0.14097
10297, 3636, -0.02672, -0.02621,  0.1373,  0.34994,  0.61199,  0.22363,  0.19287
10298, 3630, -0.02729, -0.02299,  0.13017,  0.34994,  0.57473,  0.22363,  0.14097
10299, 3633, -0.019, -0.00022,  0.13898,  0.16144,  0.57473,  0.05326,  0.14097
10300, 3637, -0.01762, -0.00012,  0.14769,  0.16144,  0.61199,  0.05326,  0.19287
10301, 3636, -0.02672, -0.02621,  0.1373,  0.34994,  0.61199,  0.22363,  0.19287
10302, 3638, -0.02816, -0.02752,  0.14308,  0.34994,  0.64943,  0.22363,  0.24486
10303, 3636, -0.02672, -0.02621,  0.1373,  0.34994,  0.61199,  0.22363,  0.19287
10304, 3637, -0.01762, -0.00012,  0.14769,  0.16144,  0.61199,  0.05326,  0.19287
10305, 3638, -0.02816, -0.02752,  0.14308,  0.34994,  0.64943,  0.22363,  0.24486
10306, 3637, -0.01762, -0.00012,  0.14769,  0.16144,  0.61199,  0.05326,  0.19287
10307, 3639, -0.01945,  0.00013,  0.15423,  0.16144,  0.64943,  0.05326,  0.24486
10308, 3639, -0.01945,  0.00013,  0.15423,  0.16144,  0.64943,  0.05326,  0.24486
10309, 3640, -0.03169, -0.02729,  0.14804,  0.34994,  0.68788,  0.22363,  0.29826
10310, 3638, -0.02816, -0.02752,  0.14308,  0.34994,  0.64943,  0.22363,  0.24486
10311, 3639, -0.01945,  0.00013,  0.15423,  0.16144,  0.64943,  0.05326,  0.24486
10312, 3641, -0.02431,  0.00068,  0.15886,  0.16144,  0.68788,  0.05326,  0.29826
10313, 3640, -0.03169, -0.02729,  0.14804,  0.34994,  0.68788,  0.22363,  0.29826
10314, 3642, -0.03693, -0.02555,  0.15216,  0.34994,  0.72694,  0.22363,  0.35251
10315, 3640, -0.03169, -0.02729,  0.14804,  0.34994,  0.68788,  0.22363,  0.29826
10316, 3641, -0.02431,  0.00068,  0.15886,  0.16144,  0.68788,  0.05326,  0.29826
10317, 3642, -0.03693, -0.02555,  0.15216,  0.34994,  0.72694,  0.22363,  0.35251
10318, 3641, -0.02431,  0.00068,  0.15886,  0.16144,  0.68788,  0.05326,  0.29826
10319, 3643, -0.03103,  0.00118,  0.16173,  0.16144,  0.72694,  0.05326,  0.35251
10320, 3643, -0.03103,  0.00118,  0.16173,  0.16144,  0.72694,  0.05326,  0.35251
10321, 3644, -0.04353, -0.02235,  0.15543,  0.34994,  0.76622,  0.22363,  0.40707
10322, 3642, -0.03693, -0.02555,  0.15216,  0.34994,  0.72694,  0.22363,  0.35251
10323, 3643, -0.03103,  0.00118,  0.16173,  0.16144,  0.72694,  0.05326,  0.35251
10324, 3645, -0.03843,  0.00129,  0.16299,  0.16144,  0.76622,  0.05326,  0.40707
10325, 3644, -0.04353, -0.02235,  0.15543,  0.34994,  0.76622,  0.22363,  0.40707
10326, 3646, -0.05002, -0.0179,  0.15703,  0.34994,  0.80421,  0.22363,  0.45983
10327, 3644, -0.04353, -0.02235,  0.15543,  0.34994,  0.76622,  0.22363,  0.40707
10328, 3645, -0.03843,  0.00129,  0.16299,  0.16144,  0.76622,  0.05326,  0.40707
10329, 3646, -0.05002, -0.0179,  0.15703,  0.34994,  0.80421,  0.22363,  0.45983
10330, 3645, -0.03843,  0.00129,  0.16299,  0.16144,  0.76622,  0.05326,  0.40707
10331, 3647, -0.0455,  0.00128,  0.16235,  0.16144,  0.80421,  0.05326,  0.45983
10332, 3647, -0.0455,  0.00128,  0.16235,  0.16144,  0.80421,  0.05326,  0.45983
10333, 3648, -0.05495, -0.01246,  0.15617,  0.34994,  0.8394,  0.22363,  0.5087
10334, 3646, -0.05002, -0.0179,  0.15703,  0.34994,  0.80421,  0.22363,  0.45983
10335, 3647, -0.0455,  0.00128,  0.16235,  0.16144,  0.80421,  0.05326,  0.45983
10336, 3649, -0.05121,  0.00142,  0.15953,  0.16144,  0.8394,  0.05326,  0.5087
10337, 3648, -0.05495, -0.01246,  0.15617,  0.34994,  0.8394,  0.22363,  0.5087
10338, 3650, -0.05555,  0.00157,  0.15507,  0.16144,  0.86615,  0.05326,  0.54585
10339, 3648, -0.05495, -0.01246,  0.15617,  0.34994,  0.8394,  0.22363,  0.5087
10340, 3649, -0.05121,  0.00142,  0.15953,  0.16144,  0.8394,  0.05326,  0.5087
10341, 3650, -0.05555,  0.00157,  0.15507,  0.16144,  0.86615,  0.05326,  0.54585
10342, 3651, -0.05835, -0.00721,  0.15323,  0.34994,  0.86615,  0.22363,  0.54585
10343, 3648, -0.05495, -0.01246,  0.15617,  0.34994,  0.8394,  0.22363,  0.5087
10344, 3652, -0.05852,  0.00158,  0.14952,  0.16144,  0.87879,  0.05326,  0.56341
10345, 3651, -0.05835, -0.00721,  0.15323,  0.34994,  0.86615,  0.22363,  0.54585
10346, 3650, -0.05555,  0.00157,  0.15507,  0.16144,  0.86615,  0.05326,  0.54585
10347, 3652, -0.05852,  0.00158,  0.14952,  0.16144,  0.87879,  0.05326,  0.56341
10348, 3653, -0.06022, -0.00334,  0.14862,  0.34994,  0.87879,  0.22363,  0.56341
10349, 3651, -0.05835, -0.00721,  0.15323,  0.34994,  0.86615,  0.22363,  0.54585
10350, 3654, -0.0608,  0.00151,  0.14344,  0.16144,  0.88439,  0.05326,  0.57118
10351, 3653, -0.06022, -0.00334,  0.14862,  0.34994,  0.87879,  0.22363,  0.56341
10352, 3652, -0.05852,  0.00158,  0.14952,  0.16144,  0.87879,  0.05326,  0.56341
10353, 3654, -0.0608,  0.00151,  0.14344,  0.16144,  0.88439,  0.05326,  0.57118
10354, 3655, -0.06132, -0.00018,  0.14318,  0.34994,  0.88439,  0.22363,  0.57118
10355, 3653, -0.06022, -0.00334,  0.14862,  0.34994,  0.87879,  0.22363,  0.56341
10356, 3656, -0.04762, -0.03169,  0.11228,  0.35351,  0.57473,  0.22363,  0.14097
10357, 3657, -0.04419, -0.02408,  0.10836,  0.35351,  0.53682,  0.22363,  0.08787
10358, 3658, -0.02979, -0.01748,  0.12222,  0.13118,  0.53682,  0.05326,  0.08787
10359, 3656, -0.04762, -0.03169,  0.11228,  0.35351,  0.57473,  0.22363,  0.14097
10360, 3658, -0.02979, -0.01748,  0.12222,  0.13118,  0.53682,  0.05326,  0.08787
10361, 3659, -0.02729, -0.02299,  0.13138,  0.13118,  0.57473,  0.05326,  0.14097
10362, 3660, -0.04077, -0.01495,  0.10439,  0.35351,  0.49859,  0.22363,  0.03416
10363, 3658, -0.02979, -0.01748,  0.12222,  0.13118,  0.53682,  0.05326,  0.08787
10364, 3657, -0.04419, -0.02408,  0.10836,  0.35351,  0.53682,  0.22363,  0.08787
10365, 3660, -0.04077, -0.01495,  0.10439,  0.35351,  0.49859,  0.22363,  0.03416
10366, 3661, -0.03329, -0.01082,  0.11183,  0.13118,  0.49859,  0.05326,  0.03416
10367, 3658, -0.02979, -0.01748,  0.12222,  0.13118,  0.53682,  0.05326,  0.08787
10368, 3659, -0.02729, -0.02299,  0.13138,  0.13118,  0.57473,  0.05326,  0.14097
10369, 3662, -0.05108, -0.03624,  0.11611,  0.35351,  0.61199,  0.22363,  0.19287
10370, 3656, -0.04762, -0.03169,  0.11228,  0.35351,  0.57473,  0.22363,  0.14097
10371, 3659, -0.02729, -0.02299,  0.13138,  0.13118,  0.57473,  0.05326,  0.14097
10372, 3663, -0.02672, -0.02621,  0.13806,  0.13118,  0.61199,  0.05326,  0.19287
10373, 3662, -0.05108, -0.03624,  0.11611,  0.35351,  0.61199,  0.22363,  0.19287
10374, 3664, -0.02816, -0.02752,  0.14327,  0.13118,  0.64943,  0.05326,  0.24486
10375, 3662, -0.05108, -0.03624,  0.11611,  0.35351,  0.61199,  0.22363,  0.19287
10376, 3663, -0.02672, -0.02621,  0.13806,  0.13118,  0.61199,  0.05326,  0.19287
10377, 3664, -0.02816, -0.02752,  0.14327,  0.13118,  0.64943,  0.05326,  0.24486
10378, 3665, -0.05415, -0.03813,  0.12018,  0.35351,  0.64943,  0.22363,  0.24486
10379, 3662, -0.05108, -0.03624,  0.11611,  0.35351,  0.61199,  0.22363,  0.19287
10380, 3665, -0.05415, -0.03813,  0.12018,  0.35351,  0.64943,  0.22363,  0.24486
10381, 3664, -0.02816, -0.02752,  0.14327,  0.13118,  0.64943,  0.05326,  0.24486
10382, 3666, -0.03169, -0.02729,  0.14804,  0.13118,  0.68788,  0.05326,  0.29826
10383, 3665, -0.05415, -0.03813,  0.12018,  0.35351,  0.64943,  0.22363,  0.24486
10384, 3666, -0.03169, -0.02729,  0.14804,  0.13118,  0.68788,  0.05326,  0.29826
10385, 3667, -0.05637, -0.03775,  0.12478,  0.35351,  0.68788,  0.22363,  0.29826
10386, 3668, -0.05834, -0.03523,  0.12986,  0.35351,  0.72694,  0.22363,  0.35251
10387, 3667, -0.05637, -0.03775,  0.12478,  0.35351,  0.68788,  0.22363,  0.29826
10388, 3666, -0.03169, -0.02729,  0.14804,  0.13118,  0.68788,  0.05326,  0.29826
10389, 3668, -0.05834, -0.03523,  0.12986,  0.35351,  0.72694,  0.22363,  0.35251
10390, 3666, -0.03169, -0.02729,  0.14804,  0.13118,  0.68788,  0.05326,  0.29826
10391, 3669, -0.03693, -0.02555,  0.15216,  0.13118,  0.72694,  0.05326,  0.35251
10392, 3668, -0.05834, -0.03523,  0.12986,  0.35351,  0.72694,  0.22363,  0.35251
10393, 3669, -0.03693, -0.02555,  0.15216,  0.13118,  0.72694,  0.05326,  0.35251
10394, 3670, -0.04353, -0.02235,  0.15543,  0.13118,  0.76622,  0.05326,  0.40707
10395, 3668, -0.05834, -0.03523,  0.12986,  0.35351,  0.72694,  0.22363,  0.35251
10396, 3670, -0.04353, -0.02235,  0.15543,  0.13118,  0.76622,  0.05326,  0.40707
10397, 3671, -0.06067, -0.03069,  0.13541,  0.35351,  0.76622,  0.22363,  0.40707
10398, 3672, -0.06293, -0.02474,  0.14019,  0.35351,  0.80421,  0.22363,  0.45983
10399, 3671, -0.06067, -0.03069,  0.13541,  0.35351,  0.76622,  0.22363,  0.40707
10400, 3670, -0.04353, -0.02235,  0.15543,  0.13118,  0.76622,  0.05326,  0.40707
10401, 3672, -0.06293, -0.02474,  0.14019,  0.35351,  0.80421,  0.22363,  0.45983
10402, 3670, -0.04353, -0.02235,  0.15543,  0.13118,  0.76622,  0.05326,  0.40707
10403, 3673, -0.05002, -0.0179,  0.15703,  0.13118,  0.80421,  0.05326,  0.45983
10404, 3673, -0.05002, -0.0179,  0.15703,  0.13118,  0.80421,  0.05326,  0.45983
10405, 3674, -0.06469, -0.01798,  0.14298,  0.35351,  0.8394,  0.22363,  0.5087
10406, 3672, -0.06293, -0.02474,  0.14019,  0.35351,  0.80421,  0.22363,  0.45983
10407, 3673, -0.05002, -0.0179,  0.15703,  0.13118,  0.80421,  0.05326,  0.45983
10408, 3675, -0.05495, -0.01246,  0.15616,  0.13118,  0.8394,  0.05326,  0.5087
10409, 3674, -0.06469, -0.01798,  0.14298,  0.35351,  0.8394,  0.22363,  0.5087
10410, 3676, -0.05828, -0.00698,  0.1531,  0.13118,  0.86615,  0.05326,  0.54585
10411, 3674, -0.06469, -0.01798,  0.14298,  0.35351,  0.8394,  0.22363,  0.5087
10412, 3675, -0.05495, -0.01246,  0.15616,  0.13118,  0.8394,  0.05326,  0.5087
10413, 3676, -0.05828, -0.00698,  0.1531,  0.13118,  0.86615,  0.05326,  0.54585
10414, 3677, -0.06553, -0.01096,  0.14362,  0.35351,  0.86615,  0.22363,  0.54585
10415, 3674, -0.06469, -0.01798,  0.14298,  0.35351,  0.8394,  0.22363,  0.5087
10416, 3678, -0.05994, -0.00245,  0.14811,  0.13118,  0.87879,  0.05326,  0.56341
10417, 3677, -0.06553, -0.01096,  0.14362,  0.35351,  0.86615,  0.22363,  0.54585
10418, 3676, -0.05828, -0.00698,  0.1531,  0.13118,  0.86615,  0.05326,  0.54585
10419, 3678, -0.05994, -0.00245,  0.14811,  0.13118,  0.87879,  0.05326,  0.56341
10420, 3679, -0.06505, -0.00423,  0.14195,  0.35351,  0.87879,  0.22363,  0.56341
10421, 3677, -0.06553, -0.01096,  0.14362,  0.35351,  0.86615,  0.22363,  0.54585
10422, 3680, -0.06076,  0.00162,  0.14217,  0.13118,  0.88439,  0.05326,  0.57118
10423, 3679, -0.06505, -0.00423,  0.14195,  0.35351,  0.87879,  0.22363,  0.56341
10424, 3678, -0.05994, -0.00245,  0.14811,  0.13118,  0.87879,  0.05326,  0.56341
10425, 3680, -0.06076,  0.00162,  0.14217,  0.13118,  0.88439,  0.05326,  0.57118
10426, 3681, -0.06389,  0.00236,  0.13913,  0.35351,  0.88439,  0.22363,  0.57118
10427, 3679, -0.06505, -0.00423,  0.14195,  0.35351,  0.87879,  0.22363,  0.56341
10428, 3682, -0.05702, -0.0221,  0.09742,  0.34535,  0.57473,  0.81804,  0.37247
10429, 3683, -0.05167, -0.01697,  0.09742,  0.34535,  0.53682,  0.81804,  0.41423
10430, 3684, -0.04419, -0.02408,  0.10836,  0.15685,  0.53682,  0.98841,  0.41423
10431, 3682, -0.05702, -0.0221,  0.09742,  0.34535,  0.57473,  0.81804,  0.37247
10432, 3684, -0.04419, -0.02408,  0.10836,  0.15685,  0.53682,  0.98841,  0.41423
10433, 3685, -0.04762, -0.03169,  0.11237,  0.15685,  0.57473,  0.98841,  0.37247
10434, 3686, -0.04619, -0.01074,  0.09789,  0.34535,  0.49859,  0.81804,  0.45646
10435, 3684, -0.04419, -0.02408,  0.10836,  0.15685,  0.53682,  0.98841,  0.41423
10436, 3683, -0.05167, -0.01697,  0.09742,  0.34535,  0.53682,  0.81804,  0.41423
10437, 3686, -0.04619, -0.01074,  0.09789,  0.34535,  0.49859,  0.81804,  0.45646
10438, 3687, -0.04077, -0.01495,  0.10439,  0.15685,  0.49859,  0.98841,  0.45646
10439, 3684, -0.04419, -0.02408,  0.10836,  0.15685,  0.53682,  0.98841,  0.41423
10440, 3685, -0.04762, -0.03169,  0.11237,  0.15685,  0.57473,  0.98841,  0.37247
10441, 3688, -0.06216, -0.02502,  0.0984,  0.34535,  0.61199,  0.81804,  0.33166
10442, 3682, -0.05702, -0.0221,  0.09742,  0.34535,  0.57473,  0.81804,  0.37247
10443, 3685, -0.04762, -0.03169,  0.11237,  0.15685,  0.57473,  0.98841,  0.37247
10444, 3689, -0.05108, -0.03624,  0.11647,  0.15685,  0.61199,  0.98841,  0.33166
10445, 3688, -0.06216, -0.02502,  0.0984,  0.34535,  0.61199,  0.81804,  0.33166
10446, 3690, -0.05415, -0.03813,  0.12086,  0.15685,  0.64943,  0.98841,  0.29077
10447, 3688, -0.06216, -0.02502,  0.0984,  0.34535,  0.61199,  0.81804,  0.33166
10448, 3689, -0.05108, -0.03624,  0.11647,  0.15685,  0.61199,  0.98841,  0.33166
10449, 3690, -0.05415, -0.03813,  0.12086,  0.15685,  0.64943,  0.98841,  0.29077
10450, 3691, -0.06661, -0.02627,  0.10058,  0.34535,  0.64943,  0.81804,  0.29077
10451, 3688, -0.06216, -0.02502,  0.0984,  0.34535,  0.61199,  0.81804,  0.33166
10452, 3691, -0.06661, -0.02627,  0.10058,  0.34535,  0.64943,  0.81804,  0.29077
10453, 3690, -0.05415, -0.03813,  0.12086,  0.15685,  0.64943,  0.98841,  0.29077
10454, 3692, -0.05637, -0.03775,  0.12568,  0.15685,  0.68788,  0.98841,  0.24877
10455, 3691, -0.06661, -0.02627,  0.10058,  0.34535,  0.64943,  0.81804,  0.29077
10456, 3692, -0.05637, -0.03775,  0.12568,  0.15685,  0.68788,  0.98841,  0.24877
10457, 3693, -0.06985, -0.02636,  0.10412,  0.34535,  0.68788,  0.81804,  0.24877
10458, 3693, -0.06985, -0.02636,  0.10412,  0.34535,  0.68788,  0.81804,  0.24877
10459, 3692, -0.05637, -0.03775,  0.12568,  0.15685,  0.68788,  0.98841,  0.24877
10460, 3694, -0.05835, -0.03523,  0.1309,  0.15685,  0.72694,  0.98841,  0.20611
10461, 3693, -0.06985, -0.02636,  0.10412,  0.34535,  0.68788,  0.81804,  0.24877
10462, 3694, -0.05835, -0.03523,  0.1309,  0.15685,  0.72694,  0.98841,  0.20611
10463, 3695, -0.07173, -0.02498,  0.10941,  0.34535,  0.72694,  0.81804,  0.20611
10464, 3695, -0.07173, -0.02498,  0.10941,  0.34535,  0.72694,  0.81804,  0.20611
10465, 3694, -0.05835, -0.03523,  0.1309,  0.15685,  0.72694,  0.98841,  0.20611
10466, 3696, -0.06068, -0.03069,  0.13648,  0.15685,  0.76622,  0.98841,  0.16321
10467, 3695, -0.07173, -0.02498,  0.10941,  0.34535,  0.72694,  0.81804,  0.20611
10468, 3696, -0.06068, -0.03069,  0.13648,  0.15685,  0.76622,  0.98841,  0.16321
10469, 3697, -0.0721, -0.0218,  0.11685,  0.34535,  0.76622,  0.81804,  0.16321
10470, 3698, -0.07165, -0.01744,  0.12483,  0.34535,  0.80421,  0.81804,  0.12172
10471, 3697, -0.0721, -0.0218,  0.11685,  0.34535,  0.76622,  0.81804,  0.16321
10472, 3696, -0.06068, -0.03069,  0.13648,  0.15685,  0.76622,  0.98841,  0.16321
10473, 3698, -0.07165, -0.01744,  0.12483,  0.34535,  0.80421,  0.81804,  0.12172
10474, 3696, -0.06068, -0.03069,  0.13648,  0.15685,  0.76622,  0.98841,  0.16321
10475, 3699, -0.06293, -0.02474,  0.14112,  0.15685,  0.80421,  0.98841,  0.12172
10476, 3698, -0.07165, -0.01744,  0.12483,  0.34535,  0.80421,  0.81804,  0.12172
10477, 3699, -0.06293, -0.02474,  0.14112,  0.15685,  0.80421,  0.98841,  0.12172
10478, 3700, -0.06468, -0.01798,  0.1435,  0.15685,  0.8394,  0.98841,  0.08329
10479, 3698, -0.07165, -0.01744,  0.12483,  0.34535,  0.80421,  0.81804,  0.12172
10480, 3700, -0.06468, -0.01798,  0.1435,  0.15685,  0.8394,  0.98841,  0.08329
10481, 3701, -0.07106, -0.01254,  0.13172,  0.34535,  0.8394,  0.81804,  0.08329
10482, 3702, -0.06986, -0.0076,  0.13663,  0.34535,  0.86615,  0.81804,  0.05408
10483, 3701, -0.07106, -0.01254,  0.13172,  0.34535,  0.8394,  0.81804,  0.08329
10484, 3700, -0.06468, -0.01798,  0.1435,  0.15685,  0.8394,  0.98841,  0.08329
10485, 3702, -0.06986, -0.0076,  0.13663,  0.34535,  0.86615,  0.81804,  0.05408
10486, 3700, -0.06468, -0.01798,  0.1435,  0.15685,  0.8394,  0.98841,  0.08329
10487, 3703, -0.0652, -0.01109,  0.14402,  0.15685,  0.86615,  0.98841,  0.05408
10488, 3703, -0.0652, -0.01109,  0.14402,  0.15685,  0.86615,  0.98841,  0.05408
10489, 3704, -0.06756, -0.00313,  0.13866,  0.34535,  0.87879,  0.81804,  0.04027
10490, 3702, -0.06986, -0.0076,  0.13663,  0.34535,  0.86615,  0.81804,  0.05408
10491, 3703, -0.0652, -0.01109,  0.14402,  0.15685,  0.86615,  0.98841,  0.05408
10492, 3705, -0.06375, -0.00476,  0.14306,  0.15685,  0.87879,  0.98841,  0.04027
10493, 3704, -0.06756, -0.00313,  0.13866,  0.34535,  0.87879,  0.81804,  0.04027
10494, 3706, -0.06131,  0.00129,  0.14136,  0.15685,  0.88439,  0.98841,  0.03416
10495, 3704, -0.06756, -0.00313,  0.13866,  0.34535,  0.87879,  0.81804,  0.04027
10496, 3705, -0.06375, -0.00476,  0.14306,  0.15685,  0.87879,  0.98841,  0.04027
10497, 3706, -0.06131,  0.00129,  0.14136,  0.15685,  0.88439,  0.98841,  0.03416
10498, 3707, -0.06471,  0.00112,  0.13924,  0.34535,  0.88439,  0.81804,  0.03416
10499, 3704, -0.06756, -0.00313,  0.13866,  0.34535,  0.87879,  0.81804,  0.04027
10500, 3708, -0.0121,  0.01924,  0.14251,  0.54912,  0.55308,  0.09756,  0.36975
10501, 3709, -0.01597,  0.01108,  0.13569,  0.54912,  0.64815,  0.09756,  0.42765
10502, 3710, -0.01742,  0.01925,  0.13204,  0.64303,  0.64815,  0.19147,  0.42765
10503, 3708, -0.0121,  0.01924,  0.14251,  0.54912,  0.55308,  0.09756,  0.36975
10504, 3710, -0.01742,  0.01925,  0.13204,  0.64303,  0.64815,  0.19147,  0.42765
10505, 3711, -0.01347,  0.02674,  0.1375,  0.64303,  0.55308,  0.19147,  0.36975
10506, 3712, -0.02177,  0.00229,  0.1288,  0.54912,  0.75427,  0.09756,  0.49227
10507, 3710, -0.01742,  0.01925,  0.13204,  0.64303,  0.64815,  0.19147,  0.42765
10508, 3709, -0.01597,  0.01108,  0.13569,  0.54912,  0.64815,  0.09756,  0.42765
10509, 3712, -0.02177,  0.00229,  0.1288,  0.54912,  0.75427,  0.09756,  0.49227
10510, 3713, -0.02326,  0.01089,  0.12679,  0.64303,  0.75427,  0.19147,  0.49227
10511, 3710, -0.01742,  0.01925,  0.13204,  0.64303,  0.64815,  0.19147,  0.42765
10512, 3711, -0.01347,  0.02674,  0.1375,  0.64303,  0.55308,  0.19147,  0.36975
10513, 3714, -0.01208,  0.02613,  0.14918,  0.54912,  0.48009,  0.09756,  0.3253
10514, 3708, -0.0121,  0.01924,  0.14251,  0.54912,  0.55308,  0.09756,  0.36975
10515, 3711, -0.01347,  0.02674,  0.1375,  0.64303,  0.55308,  0.19147,  0.36975
10516, 3715, -0.01332,  0.03248,  0.14334,  0.64303,  0.48009,  0.19147,  0.3253
10517, 3714, -0.01208,  0.02613,  0.14918,  0.54912,  0.48009,  0.09756,  0.3253
10518, 3716, -0.01455,  0.03137,  0.15532,  0.54912,  0.4191,  0.09756,  0.28816
10519, 3714, -0.01208,  0.02613,  0.14918,  0.54912,  0.48009,  0.09756,  0.3253
10520, 3715, -0.01332,  0.03248,  0.14334,  0.64303,  0.48009,  0.19147,  0.3253
10521, 3716, -0.01455,  0.03137,  0.15532,  0.54912,  0.4191,  0.09756,  0.28816
10522, 3715, -0.01332,  0.03248,  0.14334,  0.64303,  0.48009,  0.19147,  0.3253
10523, 3717, -0.01557,  0.03657,  0.1492,  0.64303,  0.4191,  0.19147,  0.28816
10524, 3717, -0.01557,  0.03657,  0.1492,  0.64303,  0.4191,  0.19147,  0.28816
10525, 3718, -0.01822,  0.03458,  0.16056,  0.54912,  0.36,  0.09756,  0.25217
10526, 3716, -0.01455,  0.03137,  0.15532,  0.54912,  0.4191,  0.09756,  0.28816
10527, 3717, -0.01557,  0.03657,  0.1492,  0.64303,  0.4191,  0.19147,  0.28816
10528, 3719, -0.0189,  0.03907,  0.15469,  0.64303,  0.36,  0.19147,  0.25217
10529, 3718, -0.01822,  0.03458,  0.16056,  0.54912,  0.36,  0.09756,  0.25217
10530, 3720, -0.02271,  0.03553,  0.16511,  0.54912,  0.30726,  0.09756,  0.22005
10531, 3718, -0.01822,  0.03458,  0.16056,  0.54912,  0.36,  0.09756,  0.25217
10532, 3719, -0.0189,  0.03907,  0.15469,  0.64303,  0.36,  0.19147,  0.25217
10533, 3720, -0.02271,  0.03553,  0.16511,  0.54912,  0.30726,  0.09756,  0.22005
10534, 3719, -0.0189,  0.03907,  0.15469,  0.64303,  0.36,  0.19147,  0.25217
10535, 3721, -0.0231,  0.03985,  0.15979,  0.64303,  0.30726,  0.19147,  0.22005
10536, 3721, -0.0231,  0.03985,  0.15979,  0.64303,  0.30726,  0.19147,  0.22005
10537, 3722, -0.02767,  0.034,  0.16921,  0.54912,  0.26531,  0.09756,  0.19451
10538, 3720, -0.02271,  0.03553,  0.16511,  0.54912,  0.30726,  0.09756,  0.22005
10539, 3721, -0.0231,  0.03985,  0.15979,  0.64303,  0.30726,  0.19147,  0.22005
10540, 3723, -0.02799,  0.03882,  0.16444,  0.64303,  0.26531,  0.19147,  0.19451
10541, 3722, -0.02767,  0.034,  0.16921,  0.54912,  0.26531,  0.09756,  0.19451
10542, 3724, -0.03294,  0.03602,  0.16796,  0.64303,  0.22961,  0.19147,  0.17277
10543, 3722, -0.02767,  0.034,  0.16921,  0.54912,  0.26531,  0.09756,  0.19451
10544, 3723, -0.02799,  0.03882,  0.16444,  0.64303,  0.26531,  0.19147,  0.19451
10545, 3724, -0.03294,  0.03602,  0.16796,  0.64303,  0.22961,  0.19147,  0.17277
10546, 3725, -0.0325,  0.03076,  0.17215,  0.54912,  0.22961,  0.09756,  0.17277
10547, 3722, -0.02767,  0.034,  0.16921,  0.54912,  0.26531,  0.09756,  0.19451
10548, 3725, -0.0325,  0.03076,  0.17215,  0.54912,  0.22961,  0.09756,  0.17277
10549, 3724, -0.03294,  0.03602,  0.16796,  0.64303,  0.22961,  0.19147,  0.17277
10550, 3726, -0.03731,  0.03153,  0.16967,  0.64303,  0.19559,  0.19147,  0.15205
10551, 3725, -0.0325,  0.03076,  0.17215,  0.54912,  0.22961,  0.09756,  0.17277
10552, 3726, -0.03731,  0.03153,  0.16967,  0.64303,  0.19559,  0.19147,  0.15205
10553, 3727, -0.03659,  0.02655,  0.17327,  0.54912,  0.19559,  0.09756,  0.15205
10554, 3728, -0.03984,  0.02211,  0.17326,  0.54912,  0.1625,  0.09756,  0.1319
10555, 3727, -0.03659,  0.02655,  0.17327,  0.54912,  0.19559,  0.09756,  0.15205
10556, 3726, -0.03731,  0.03153,  0.16967,  0.64303,  0.19559,  0.19147,  0.15205
10557, 3728, -0.03984,  0.02211,  0.17326,  0.54912,  0.1625,  0.09756,  0.1319
10558, 3726, -0.03731,  0.03153,  0.16967,  0.64303,  0.19559,  0.19147,  0.15205
10559, 3729, -0.04088,  0.02648,  0.17028,  0.64303,  0.1625,  0.19147,  0.1319
10560, 3729, -0.04088,  0.02648,  0.17028,  0.64303,  0.1625,  0.19147,  0.1319
10561, 3730, -0.04215,  0.01815,  0.17283,  0.54912,  0.12961,  0.09756,  0.11187
10562, 3728, -0.03984,  0.02211,  0.17326,  0.54912,  0.1625,  0.09756,  0.1319
10563, 3729, -0.04088,  0.02648,  0.17028,  0.64303,  0.1625,  0.19147,  0.1319
10564, 3731, -0.04342,  0.02203,  0.1705,  0.64303,  0.12961,  0.19147,  0.11187
10565, 3730, -0.04215,  0.01815,  0.17283,  0.54912,  0.12961,  0.09756,  0.11187
10566, 3732, -0.04387,  0.01468,  0.17239,  0.54912,  0.09316,  0.09756,  0.09015
10567, 3730, -0.04215,  0.01815,  0.17283,  0.54912,  0.12961,  0.09756,  0.11187
10568, 3731, -0.04342,  0.02203,  0.1705,  0.64303,  0.12961,  0.19147,  0.11187
10569, 3732, -0.04387,  0.01468,  0.17239,  0.54912,  0.09316,  0.09756,  0.09015
10570, 3731, -0.04342,  0.02203,  0.1705,  0.64303,  0.12961,  0.19147,  0.11187
10571, 3733, -0.04531,  0.01807,  0.17068,  0.64303,  0.09316,  0.19147,  0.09015
10572, 3733, -0.04531,  0.01807,  0.17068,  0.64303,  0.09316,  0.19147,  0.09015
10573, 3734, -0.04533,  0.01171,  0.17234,  0.54912,  0.04941,  0.09756,  0.06492
10574, 3732, -0.04387,  0.01468,  0.17239,  0.54912,  0.09316,  0.09756,  0.09015
10575, 3733, -0.04531,  0.01807,  0.17068,  0.64303,  0.09316,  0.19147,  0.09015
10576, 3735, -0.0469,  0.01447,  0.17117,  0.64303,  0.04941,  0.19147,  0.06492
10577, 3734, -0.04533,  0.01171,  0.17234,  0.54912,  0.04941,  0.09756,  0.06492
10578, 3736, -0.04667,  0.00899,  0.17247,  0.54912,  0.00202,  0.09756,  0.03795
10579, 3734, -0.04533,  0.01171,  0.17234,  0.54912,  0.04941,  0.09756,  0.06492
10580, 3735, -0.0469,  0.01447,  0.17117,  0.64303,  0.04941,  0.19147,  0.06492
10581, 3736, -0.04667,  0.00899,  0.17247,  0.54912,  0.00202,  0.09756,  0.03795
10582, 3735, -0.0469,  0.01447,  0.17117,  0.64303,  0.04941,  0.19147,  0.06492
10583, 3737, -0.04834,  0.01107,  0.17181,  0.64303,  0.00202,  0.19147,  0.03795
10584, 3738, -0.02299, -0.00015,  0.13095,  0.25979,  0.81911,  0.20224,  0.49591
10585, 3739, -0.02797, -0.00086,  0.12342,  0.25979,  0.8567,  0.20224,  0.54328
10586, 3740, -0.02893,  0.01017,  0.12037,  0.14124,  0.8567,  0.3208,  0.54328
10587, 3738, -0.02299, -0.00015,  0.13095,  0.25979,  0.81911,  0.20224,  0.49591
10588, 3740, -0.02893,  0.01017,  0.12037,  0.14124,  0.8567,  0.3208,  0.54328
10589, 3741, -0.02385,  0.01421,  0.12703,  0.14124,  0.81911,  0.3208,  0.49591
10590, 3742, -0.03328, -0.00078,  0.11547,  0.25979,  0.88977,  0.20224,  0.59115
10591, 3740, -0.02893,  0.01017,  0.12037,  0.14124,  0.8567,  0.3208,  0.54328
10592, 3739, -0.02797, -0.00086,  0.12342,  0.25979,  0.8567,  0.20224,  0.54328
10593, 3742, -0.03328, -0.00078,  0.11547,  0.25979,  0.88977,  0.20224,  0.59115
10594, 3743, -0.0338,  0.00588,  0.11368,  0.14124,  0.88977,  0.3208,  0.59115
10595, 3740, -0.02893,  0.01017,  0.12037,  0.14124,  0.8567,  0.3208,  0.54328
10596, 3741, -0.02385,  0.01421,  0.12703,  0.14124,  0.81911,  0.3208,  0.49591
10597, 3744, -0.01868,  0.00213,  0.13762,  0.25979,  0.77249,  0.20224,  0.44954
10598, 3738, -0.02299, -0.00015,  0.13095,  0.25979,  0.81911,  0.20224,  0.49591
10599, 3741, -0.02385,  0.01421,  0.12703,  0.14124,  0.81911,  0.3208,  0.49591
10600, 3745, -0.01836,  0.01778,  0.13364,  0.14124,  0.77249,  0.3208,  0.44954
10601, 3744, -0.01868,  0.00213,  0.13762,  0.25979,  0.77249,  0.20224,  0.44954
10602, 3746, -0.0162,  0.00498,  0.14425,  0.25979,  0.72217,  0.20224,  0.40441
10603, 3744, -0.01868,  0.00213,  0.13762,  0.25979,  0.77249,  0.20224,  0.44954
10604, 3745, -0.01836,  0.01778,  0.13364,  0.14124,  0.77249,  0.3208,  0.44954
10605, 3746, -0.0162,  0.00498,  0.14425,  0.25979,  0.72217,  0.20224,  0.40441
10606, 3745, -0.01836,  0.01778,  0.13364,  0.14124,  0.77249,  0.3208,  0.44954
10607, 3747, -0.01484,  0.02059,  0.14049,  0.14124,  0.72217,  0.3208,  0.40441
10608, 3747, -0.01484,  0.02059,  0.14049,  0.14124,  0.72217,  0.3208,  0.40441
10609, 3748, -0.0168,  0.00739,  0.15169,  0.25979,  0.67351,  0.20224,  0.36076
10610, 3746, -0.0162,  0.00498,  0.14425,  0.25979,  0.72217,  0.20224,  0.40441
10611, 3747, -0.01484,  0.02059,  0.14049,  0.14124,  0.72217,  0.3208,  0.40441
10612, 3749, -0.01564,  0.02236,  0.14787,  0.14124,  0.67351,  0.3208,  0.36076
10613, 3748, -0.0168,  0.00739,  0.15169,  0.25979,  0.67351,  0.20224,  0.36076
10614, 3750, -0.02006,  0.00892,  0.15825,  0.25979,  0.62558,  0.20224,  0.31778
10615, 3748, -0.0168,  0.00739,  0.15169,  0.25979,  0.67351,  0.20224,  0.36076
10616, 3749, -0.01564,  0.02236,  0.14787,  0.14124,  0.67351,  0.3208,  0.36076
10617, 3750, -0.02006,  0.00892,  0.15825,  0.25979,  0.62558,  0.20224,  0.31778
10618, 3749, -0.01564,  0.02236,  0.14787,  0.14124,  0.67351,  0.3208,  0.36076
10619, 3751, -0.01959,  0.02322,  0.15436,  0.14124,  0.62558,  0.3208,  0.31778
10620, 3751, -0.01959,  0.02322,  0.15436,  0.14124,  0.62558,  0.3208,  0.31778
10621, 3752, -0.0256,  0.00912,  0.16225,  0.25979,  0.57746,  0.20224,  0.27462
10622, 3750, -0.02006,  0.00892,  0.15825,  0.25979,  0.62558,  0.20224,  0.31778
10623, 3751, -0.01959,  0.02322,  0.15436,  0.14124,  0.62558,  0.3208,  0.31778
10624, 3753, -0.02555,  0.0233,  0.15859,  0.14124,  0.57746,  0.3208,  0.27462
10625, 3752, -0.0256,  0.00912,  0.16225,  0.25979,  0.57746,  0.20224,  0.27462
10626, 3754, -0.03262,  0.00813,  0.16412,  0.25979,  0.52874,  0.20224,  0.23093
10627, 3752, -0.0256,  0.00912,  0.16225,  0.25979,  0.57746,  0.20224,  0.27462
10628, 3753, -0.02555,  0.0233,  0.15859,  0.14124,  0.57746,  0.3208,  0.27462
10629, 3754, -0.03262,  0.00813,  0.16412,  0.25979,  0.52874,  0.20224,  0.23093
10630, 3753, -0.02555,  0.0233,  0.15859,  0.14124,  0.57746,  0.3208,  0.27462
10631, 3755, -0.033,  0.02205,  0.16101,  0.14124,  0.52874,  0.3208,  0.23093
10632, 3755, -0.033,  0.02205,  0.16101,  0.14124,  0.52874,  0.3208,  0.23093
10633, 3756, -0.04032,  0.00611,  0.16429,  0.25979,  0.479,  0.20224,  0.18632
10634, 3754, -0.03262,  0.00813,  0.16412,  0.25979,  0.52874,  0.20224,  0.23093
10635, 3755, -0.033,  0.02205,  0.16101,  0.14124,  0.52874,  0.3208,  0.23093
10636, 3757, -0.04144,  0.01892,  0.16207,  0.14124,  0.479,  0.3208,  0.18632
10637, 3756, -0.04032,  0.00611,  0.16429,  0.25979,  0.479,  0.20224,  0.18632
10638, 3758, -0.04754,  0.00373,  0.16296,  0.25979,  0.42162,  0.20224,  0.14474
10639, 3756, -0.04032,  0.00611,  0.16429,  0.25979,  0.479,  0.20224,  0.18632
10640, 3757, -0.04144,  0.01892,  0.16207,  0.14124,  0.479,  0.3208,  0.18632
10641, 3758, -0.04754,  0.00373,  0.16296,  0.25979,  0.42162,  0.20224,  0.14474
10642, 3757, -0.04144,  0.01892,  0.16207,  0.14124,  0.479,  0.3208,  0.18632
10643, 3759, -0.04917,  0.01497,  0.16143,  0.14124,  0.42162,  0.3208,  0.14474
10644, 3759, -0.04917,  0.01497,  0.16143,  0.14124,  0.42162,  0.3208,  0.14474
10645, 3760, -0.05308,  0.00163,  0.16031,  0.25979,  0.35,  0.20224,  0.11017
10646, 3758, -0.04754,  0.00373,  0.16296,  0.25979,  0.42162,  0.20224,  0.14474
10647, 3759, -0.04917,  0.01497,  0.16143,  0.14124,  0.42162,  0.3208,  0.14474
10648, 3761, -0.0545,  0.01124,  0.15872,  0.14124,  0.35,  0.3208,  0.11017
10649, 3760, -0.05308,  0.00163,  0.16031,  0.25979,  0.35,  0.20224,  0.11017
10650, 3762, -0.05718, -0.0003,  0.15631,  0.25979,  0.25729,  0.20224,  0.08124
10651, 3760, -0.05308,  0.00163,  0.16031,  0.25979,  0.35,  0.20224,  0.11017
10652, 3761, -0.0545,  0.01124,  0.15872,  0.14124,  0.35,  0.3208,  0.11017
10653, 3762, -0.05718, -0.0003,  0.15631,  0.25979,  0.25729,  0.20224,  0.08124
10654, 3761, -0.0545,  0.01124,  0.15872,  0.14124,  0.35,  0.3208,  0.11017
10655, 3763, -0.05812,  0.00785,  0.15444,  0.14124,  0.25729,  0.3208,  0.08124
10656, 3763, -0.05812,  0.00785,  0.15444,  0.14124,  0.25729,  0.3208,  0.08124
10657, 3764, -0.06006, -0.00218,  0.15092,  0.25979,  0.13664,  0.20224,  0.05662
10658, 3762, -0.05718, -0.0003,  0.15631,  0.25979,  0.25729,  0.20224,  0.08124
10659, 3763, -0.05812,  0.00785,  0.15444,  0.14124,  0.25729,  0.3208,  0.08124
10660, 3765, -0.06073,  0.00493,  0.14907,  0.14124,  0.13664,  0.3208,  0.05662
10661, 3764, -0.06006, -0.00218,  0.15092,  0.25979,  0.13664,  0.20224,  0.05662
10662, 3766, -0.06232, -0.00404,  0.14485,  0.25979,  0.00202,  0.20224,  0.03416
10663, 3764, -0.06006, -0.00218,  0.15092,  0.25979,  0.13664,  0.20224,  0.05662
10664, 3765, -0.06073,  0.00493,  0.14907,  0.14124,  0.13664,  0.3208,  0.05662
10665, 3766, -0.06232, -0.00404,  0.14485,  0.25979,  0.00202,  0.20224,  0.03416
10666, 3765, -0.06073,  0.00493,  0.14907,  0.14124,  0.13664,  0.3208,  0.05662
10667, 3767, -0.06283,  0.00224,  0.14315,  0.14124,  0.00202,  0.3208,  0.03416
10668, 3768, -0.02322,  0.01483,  0.12668,  0.26251,  0.83648,  0.44734,  0.50375
10669, 3769, -0.02832,  0.01017,  0.12048,  0.26251,  0.87291,  0.44734,  0.54712
10670, 3770, -0.03346,  0.01713,  0.1145,  0.13882,  0.87291,  0.57103,  0.54712
10671, 3768, -0.02322,  0.01483,  0.12668,  0.26251,  0.83648,  0.44734,  0.50375
10672, 3770, -0.03346,  0.01713,  0.1145,  0.13882,  0.87291,  0.57103,  0.54712
10673, 3771, -0.03058,  0.02374,  0.11891,  0.13882,  0.83648,  0.57103,  0.50375
10674, 3772, -0.0338,  0.00588,  0.11368,  0.26251,  0.90872,  0.44734,  0.59115
10675, 3770, -0.03346,  0.01713,  0.1145,  0.13882,  0.87291,  0.57103,  0.54712
10676, 3769, -0.02832,  0.01017,  0.12048,  0.26251,  0.87291,  0.44734,  0.54712
10677, 3772, -0.0338,  0.00588,  0.11368,  0.26251,  0.90872,  0.44734,  0.59115
10678, 3773, -0.03656,  0.01029,  0.11019,  0.13882,  0.90872,  0.57103,  0.59115
10679, 3770, -0.03346,  0.01713,  0.1145,  0.13882,  0.87291,  0.57103,  0.54712
10680, 3771, -0.03058,  0.02374,  0.11891,  0.13882,  0.83648,  0.57103,  0.50375
10681, 3774, -0.01888,  0.02022,  0.13167,  0.26251,  0.79879,  0.44734,  0.46171
10682, 3768, -0.02322,  0.01483,  0.12668,  0.26251,  0.83648,  0.44734,  0.50375
10683, 3771, -0.03058,  0.02374,  0.11891,  0.13882,  0.83648,  0.57103,  0.50375
10684, 3775, -0.02817,  0.02991,  0.12352,  0.13882,  0.79879,  0.57103,  0.46171
10685, 3774, -0.01888,  0.02022,  0.13167,  0.26251,  0.79879,  0.44734,  0.46171
10686, 3776, -0.01654,  0.02539,  0.13674,  0.26251,  0.76022,  0.44734,  0.42057
10687, 3774, -0.01888,  0.02022,  0.13167,  0.26251,  0.79879,  0.44734,  0.46171
10688, 3775, -0.02817,  0.02991,  0.12352,  0.13882,  0.79879,  0.57103,  0.46171
10689, 3776, -0.01654,  0.02539,  0.13674,  0.26251,  0.76022,  0.44734,  0.42057
10690, 3775, -0.02817,  0.02991,  0.12352,  0.13882,  0.79879,  0.57103,  0.46171
10691, 3777, -0.027,  0.03568,  0.12865,  0.13882,  0.76022,  0.57103,  0.42057
10692, 3777, -0.027,  0.03568,  0.12865,  0.13882,  0.76022,  0.57103,  0.42057
10693, 3778, -0.01748,  0.02938,  0.14315,  0.26251,  0.72116,  0.44734,  0.37993
10694, 3776, -0.01654,  0.02539,  0.13674,  0.26251,  0.76022,  0.44734,  0.42057
10695, 3777, -0.027,  0.03568,  0.12865,  0.13882,  0.76022,  0.57103,  0.42057
10696, 3779, -0.02786,  0.04111,  0.13461,  0.13882,  0.72116,  0.57103,  0.37993
10697, 3778, -0.01748,  0.02938,  0.14315,  0.26251,  0.72116,  0.44734,  0.37993
10698, 3780, -0.02107,  0.03193,  0.14975,  0.26251,  0.67799,  0.44734,  0.33721
10699, 3778, -0.01748,  0.02938,  0.14315,  0.26251,  0.72116,  0.44734,  0.37993
10700, 3779, -0.02786,  0.04111,  0.13461,  0.13882,  0.72116,  0.57103,  0.37993
10701, 3780, -0.02107,  0.03193,  0.14975,  0.26251,  0.67799,  0.44734,  0.33721
10702, 3779, -0.02786,  0.04111,  0.13461,  0.13882,  0.72116,  0.57103,  0.37993
10703, 3781, -0.03052,  0.04466,  0.14075,  0.13882,  0.67799,  0.57103,  0.33721
10704, 3781, -0.03052,  0.04466,  0.14075,  0.13882,  0.67799,  0.57103,  0.33721
10705, 3782, -0.02673,  0.03277,  0.15539,  0.26251,  0.6271,  0.44734,  0.28987
10706, 3780, -0.02107,  0.03193,  0.14975,  0.26251,  0.67799,  0.44734,  0.33721
10707, 3781, -0.03052,  0.04466,  0.14075,  0.13882,  0.67799,  0.57103,  0.33721
10708, 3783, -0.03471,  0.04482,  0.14641,  0.13882,  0.6271,  0.57103,  0.28987
10709, 3782, -0.02673,  0.03277,  0.15539,  0.26251,  0.6271,  0.44734,  0.28987
10710, 3784, -0.03405,  0.03098,  0.1595,  0.26251,  0.57084,  0.44734,  0.2407
10711, 3782, -0.02673,  0.03277,  0.15539,  0.26251,  0.6271,  0.44734,  0.28987
10712, 3783, -0.03471,  0.04482,  0.14641,  0.13882,  0.6271,  0.57103,  0.28987
10713, 3784, -0.03405,  0.03098,  0.1595,  0.26251,  0.57084,  0.44734,  0.2407
10714, 3783, -0.03471,  0.04482,  0.14641,  0.13882,  0.6271,  0.57103,  0.28987
10715, 3785, -0.04039,  0.04138,  0.15088,  0.13882,  0.57084,  0.57103,  0.2407
10716, 3785, -0.04039,  0.04138,  0.15088,  0.13882,  0.57084,  0.57103,  0.2407
10717, 3786, -0.04266,  0.02562,  0.1615,  0.26251,  0.51159,  0.44734,  0.19254
10718, 3784, -0.03405,  0.03098,  0.1595,  0.26251,  0.57084,  0.44734,  0.2407
10719, 3785, -0.04039,  0.04138,  0.15088,  0.13882,  0.57084,  0.57103,  0.2407
10720, 3787, -0.04747,  0.03417,  0.15344,  0.13882,  0.51159,  0.57103,  0.19254
10721, 3786, -0.04266,  0.02562,  0.1615,  0.26251,  0.51159,  0.44734,  0.19254
10722, 3788, -0.05051,  0.01861,  0.1615,  0.26251,  0.44485,  0.44734,  0.14829
10723, 3786, -0.04266,  0.02562,  0.1615,  0.26251,  0.51159,  0.44734,  0.19254
10724, 3787, -0.04747,  0.03417,  0.15344,  0.13882,  0.51159,  0.57103,  0.19254
10725, 3788, -0.05051,  0.01861,  0.1615,  0.26251,  0.44485,  0.44734,  0.14829
10726, 3787, -0.04747,  0.03417,  0.15344,  0.13882,  0.51159,  0.57103,  0.19254
10727, 3789, -0.05433,  0.02555,  0.15417,  0.13882,  0.44485,  0.57103,  0.14829
10728, 3789, -0.05433,  0.02555,  0.15417,  0.13882,  0.44485,  0.57103,  0.14829
10729, 3790, -0.05554,  0.01187,  0.15961,  0.26251,  0.36612,  0.44734,  0.11086
10730, 3788, -0.05051,  0.01861,  0.1615,  0.26251,  0.44485,  0.44734,  0.14829
10731, 3789, -0.05433,  0.02555,  0.15417,  0.13882,  0.44485,  0.57103,  0.14829
10732, 3791, -0.05936,  0.0179,  0.15313,  0.13882,  0.36612,  0.57103,  0.11086
10733, 3790, -0.05554,  0.01187,  0.15961,  0.26251,  0.36612,  0.44734,  0.11086
10734, 3792, -0.05861,  0.00611,  0.15624,  0.26251,  0.26766,  0.44734,  0.08001
10735, 3790, -0.05554,  0.01187,  0.15961,  0.26251,  0.36612,  0.44734,  0.11086
10736, 3791, -0.05936,  0.0179,  0.15313,  0.13882,  0.36612,  0.57103,  0.11086
10737, 3792, -0.05861,  0.00611,  0.15624,  0.26251,  0.26766,  0.44734,  0.08001
10738, 3791, -0.05936,  0.0179,  0.15313,  0.13882,  0.36612,  0.57103,  0.11086
10739, 3793, -0.06263,  0.01161,  0.15077,  0.13882,  0.26766,  0.57103,  0.08001
10740, 3793, -0.06263,  0.01161,  0.15077,  0.13882,  0.26766,  0.57103,  0.08001
10741, 3794, -0.06055,  0.00205,  0.15178,  0.26251,  0.14171,  0.44734,  0.0555
10742, 3792, -0.05861,  0.00611,  0.15624,  0.26251,  0.26766,  0.44734,  0.08001
10743, 3793, -0.06263,  0.01161,  0.15077,  0.13882,  0.26766,  0.57103,  0.08001
10744, 3795, -0.06422,  0.0071,  0.14755,  0.13882,  0.14171,  0.57103,  0.0555
10745, 3794, -0.06055,  0.00205,  0.15178,  0.26251,  0.14171,  0.44734,  0.0555
10746, 3796, -0.06191, -0.00117,  0.14678,  0.26251,  0.00202,  0.44734,  0.03416
10747, 3794, -0.06055,  0.00205,  0.15178,  0.26251,  0.14171,  0.44734,  0.0555
10748, 3795, -0.06422,  0.0071,  0.14755,  0.13882,  0.14171,  0.57103,  0.0555
10749, 3796, -0.06191, -0.00117,  0.14678,  0.26251,  0.00202,  0.44734,  0.03416
10750, 3795, -0.06422,  0.0071,  0.14755,  0.13882,  0.14171,  0.57103,  0.0555
10751, 3797, -0.06498,  0.00347,  0.14389,  0.13882,  0.00202,  0.57103,  0.03416
10752, 3798, -0.03108, -0.02281,  0.11736,  0.29075,  0.80019,  0.77399,  0.50782
10753, 3799, -0.03325, -0.01659,  0.11337,  0.29075,  0.84443,  0.77399,  0.54898
10754, 3800, -0.02914, -0.01181,  0.11793,  0.1317,  0.84443,  0.89858,  0.54898
10755, 3798, -0.03108, -0.02281,  0.11736,  0.29075,  0.80019,  0.77399,  0.50782
10756, 3800, -0.02914, -0.01181,  0.11793,  0.1317,  0.84443,  0.89858,  0.54898
10757, 3801, -0.02567, -0.01722,  0.12276,  0.1317,  0.80019,  0.89858,  0.50782
10758, 3802, -0.03587, -0.01012,  0.10949,  0.29075,  0.88977,  0.77399,  0.59115
10759, 3800, -0.02914, -0.01181,  0.11793,  0.1317,  0.84443,  0.89858,  0.54898
10760, 3799, -0.03325, -0.01659,  0.11337,  0.29075,  0.84443,  0.77399,  0.54898
10761, 3802, -0.03587, -0.01012,  0.10949,  0.29075,  0.88977,  0.77399,  0.59115
10762, 3803, -0.03318, -0.00605,  0.11319,  0.1317,  0.88977,  0.89858,  0.59115
10763, 3800, -0.02914, -0.01181,  0.11793,  0.1317,  0.84443,  0.89858,  0.54898
10764, 3801, -0.02567, -0.01722,  0.12276,  0.1317,  0.80019,  0.89858,  0.50782
10765, 3804, -0.0298, -0.02854,  0.12158,  0.29075,  0.75812,  0.77399,  0.46869
10766, 3798, -0.03108, -0.02281,  0.11736,  0.29075,  0.80019,  0.77399,  0.50782
10767, 3801, -0.02567, -0.01722,  0.12276,  0.1317,  0.80019,  0.89858,  0.50782
10768, 3805, -0.02336, -0.02191,  0.12779,  0.1317,  0.75812,  0.89858,  0.46869
10769, 3804, -0.0298, -0.02854,  0.12158,  0.29075,  0.75812,  0.77399,  0.46869
10770, 3806, -0.02964, -0.03348,  0.12626,  0.29075,  0.71574,  0.77399,  0.42927
10771, 3804, -0.0298, -0.02854,  0.12158,  0.29075,  0.75812,  0.77399,  0.46869
10772, 3805, -0.02336, -0.02191,  0.12779,  0.1317,  0.75812,  0.89858,  0.46869
10773, 3806, -0.02964, -0.03348,  0.12626,  0.29075,  0.71574,  0.77399,  0.42927
10774, 3805, -0.02336, -0.02191,  0.12779,  0.1317,  0.75812,  0.89858,  0.46869
10775, 3807, -0.02232, -0.02598,  0.13345,  0.1317,  0.71574,  0.89858,  0.42927
10776, 3807, -0.02232, -0.02598,  0.13345,  0.1317,  0.71574,  0.89858,  0.42927
10777, 3808, -0.03085, -0.03731,  0.13162,  0.29075,  0.67058,  0.77399,  0.38726
10778, 3806, -0.02964, -0.03348,  0.12626,  0.29075,  0.71574,  0.77399,  0.42927
10779, 3807, -0.02232, -0.02598,  0.13345,  0.1317,  0.71574,  0.89858,  0.42927
10780, 3809, -0.02264, -0.02953,  0.14019,  0.1317,  0.67058,  0.89858,  0.38726
10781, 3808, -0.03085, -0.03731,  0.13162,  0.29075,  0.67058,  0.77399,  0.38726
10782, 3810, -0.03364, -0.03936,  0.13715,  0.29075,  0.62303,  0.77399,  0.34303
10783, 3808, -0.03085, -0.03731,  0.13162,  0.29075,  0.67058,  0.77399,  0.38726
10784, 3809, -0.02264, -0.02953,  0.14019,  0.1317,  0.67058,  0.89858,  0.38726
10785, 3810, -0.03364, -0.03936,  0.13715,  0.29075,  0.62303,  0.77399,  0.34303
10786, 3809, -0.02264, -0.02953,  0.14019,  0.1317,  0.67058,  0.89858,  0.38726
10787, 3811, -0.02509, -0.03167,  0.14689,  0.1317,  0.62303,  0.89858,  0.34303
10788, 3811, -0.02509, -0.03167,  0.14689,  0.1317,  0.62303,  0.89858,  0.34303
10789, 3812, -0.03827, -0.03894,  0.1423,  0.29075,  0.5735,  0.77399,  0.29696
10790, 3810, -0.03364, -0.03936,  0.13715,  0.29075,  0.62303,  0.77399,  0.34303
10791, 3811, -0.02509, -0.03167,  0.14689,  0.1317,  0.62303,  0.89858,  0.34303
10792, 3813, -0.03042, -0.03152,  0.15243,  0.1317,  0.5735,  0.89858,  0.29696
10793, 3812, -0.03827, -0.03894,  0.1423,  0.29075,  0.5735,  0.77399,  0.29696
10794, 3814, -0.04427, -0.03599,  0.14666,  0.29075,  0.52402,  0.77399,  0.25093
10795, 3812, -0.03827, -0.03894,  0.1423,  0.29075,  0.5735,  0.77399,  0.29696
10796, 3813, -0.03042, -0.03152,  0.15243,  0.1317,  0.5735,  0.89858,  0.29696
10797, 3814, -0.04427, -0.03599,  0.14666,  0.29075,  0.52402,  0.77399,  0.25093
10798, 3813, -0.03042, -0.03152,  0.15243,  0.1317,  0.5735,  0.89858,  0.29696
10799, 3815, -0.03769, -0.029,  0.15637,  0.1317,  0.52402,  0.89858,  0.25093
10800, 3815, -0.03769, -0.029,  0.15637,  0.1317,  0.52402,  0.89858,  0.25093
10801, 3816, -0.05121, -0.03048,  0.14979,  0.29075,  0.47663,  0.77399,  0.20684
10802, 3814, -0.04427, -0.03599,  0.14666,  0.29075,  0.52402,  0.77399,  0.25093
10803, 3815, -0.03769, -0.029,  0.15637,  0.1317,  0.52402,  0.89858,  0.25093
10804, 3817, -0.04596, -0.02405,  0.15825,  0.1317,  0.47663,  0.89858,  0.20684
10805, 3816, -0.05121, -0.03048,  0.14979,  0.29075,  0.47663,  0.77399,  0.20684
10806, 3818, -0.05748, -0.0238,  0.15134,  0.29075,  0.42237,  0.77399,  0.16579
10807, 3816, -0.05121, -0.03048,  0.14979,  0.29075,  0.47663,  0.77399,  0.20684
10808, 3817, -0.04596, -0.02405,  0.15825,  0.1317,  0.47663,  0.89858,  0.20684
10809, 3818, -0.05748, -0.0238,  0.15134,  0.29075,  0.42237,  0.77399,  0.16579
10810, 3817, -0.04596, -0.02405,  0.15825,  0.1317,  0.47663,  0.89858,  0.20684
10811, 3819, -0.05334, -0.01799,  0.15832,  0.1317,  0.42237,  0.89858,  0.16579
10812, 3819, -0.05334, -0.01799,  0.15832,  0.1317,  0.42237,  0.89858,  0.16579
10813, 3820, -0.06147, -0.01737,  0.15094,  0.29075,  0.35228,  0.77399,  0.12885
10814, 3818, -0.05748, -0.0238,  0.15134,  0.29075,  0.42237,  0.77399,  0.16579
10815, 3819, -0.05334, -0.01799,  0.15832,  0.1317,  0.42237,  0.89858,  0.16579
10816, 3821, -0.05791, -0.01212,  0.15684,  0.1317,  0.35228,  0.89858,  0.12885
10817, 3820, -0.06147, -0.01737,  0.15094,  0.29075,  0.35228,  0.77399,  0.12885
10818, 3822, -0.06367, -0.01137,  0.14868,  0.29075,  0.25974,  0.77399,  0.09522
10819, 3820, -0.06147, -0.01737,  0.15094,  0.29075,  0.35228,  0.77399,  0.12885
10820, 3821, -0.05791, -0.01212,  0.15684,  0.1317,  0.35228,  0.89858,  0.12885
10821, 3822, -0.06367, -0.01137,  0.14868,  0.29075,  0.25974,  0.77399,  0.09522
10822, 3821, -0.05791, -0.01212,  0.15684,  0.1317,  0.35228,  0.89858,  0.12885
10823, 3823, -0.06038, -0.00646,  0.15389,  0.1317,  0.25974,  0.89859,  0.09522
10824, 3823, -0.06038, -0.00646,  0.15389,  0.1317,  0.25974,  0.89859,  0.09522
10825, 3824, -0.06458, -0.006,  0.14464,  0.29075,  0.13815,  0.77399,  0.06407
10826, 3822, -0.06367, -0.01137,  0.14868,  0.29075,  0.25974,  0.77399,  0.09522
10827, 3823, -0.06038, -0.00646,  0.15389,  0.1317,  0.25974,  0.89859,  0.09522
10828, 3825, -0.06144, -0.00105,  0.14955,  0.1317,  0.13815,  0.89859,  0.06407
10829, 3824, -0.06458, -0.006,  0.14464,  0.29075,  0.13815,  0.77399,  0.06407
10830, 3826, -0.06485, -0.00093,  0.13971,  0.29075,  0.00202,  0.77399,  0.03416
10831, 3824, -0.06458, -0.006,  0.14464,  0.29075,  0.13815,  0.77399,  0.06407
10832, 3825, -0.06144, -0.00105,  0.14955,  0.1317,  0.13815,  0.89859,  0.06407
10833, 3826, -0.06485, -0.00093,  0.13971,  0.29075,  0.00202,  0.77399,  0.03416
10834, 3825, -0.06144, -0.00105,  0.14955,  0.1317,  0.13815,  0.89859,  0.06407
10835, 3827, -0.0618,  0.00425,  0.14451,  0.1317,  0.00202,  0.89859,  0.03416
10836, 3828, -0.02227, -0.02511,  0.13425,  0.20519,  0.75049,  0.43021,  0.48409
10837, 3829, -0.02375, -0.02194,  0.12809,  0.20519,  0.81864,  0.43021,  0.53188
10838, 3830, -0.02011, -0.00946,  0.13487,  0.32629,  0.81864,  0.55131,  0.53188
10839, 3828, -0.02227, -0.02511,  0.13425,  0.20519,  0.75049,  0.43021,  0.48409
10840, 3830, -0.02011, -0.00946,  0.13487,  0.32629,  0.81864,  0.55131,  0.53188
10841, 3831, -0.0182, -0.01282,  0.14099,  0.32629,  0.75049,  0.55131,  0.48409
10842, 3832, -0.02579, -0.01857,  0.1222,  0.20519,  0.88906,  0.43021,  0.5788
10843, 3830, -0.02011, -0.00946,  0.13487,  0.32629,  0.81864,  0.55131,  0.53188
10844, 3829, -0.02375, -0.02194,  0.12809,  0.20519,  0.81864,  0.43021,  0.53188
10845, 3832, -0.02579, -0.01857,  0.1222,  0.20519,  0.88906,  0.43021,  0.5788
10846, 3833, -0.02309, -0.00591,  0.12964,  0.32629,  0.88906,  0.55131,  0.5788
10847, 3830, -0.02011, -0.00946,  0.13487,  0.32629,  0.81864,  0.55131,  0.53188
10848, 3831, -0.0182, -0.01282,  0.14099,  0.32629,  0.75049,  0.55131,  0.48409
10849, 3834, -0.02191, -0.02788,  0.14096,  0.20519,  0.68686,  0.43021,  0.43457
10850, 3828, -0.02227, -0.02511,  0.13425,  0.20519,  0.75049,  0.43021,  0.48409
10851, 3831, -0.0182, -0.01282,  0.14099,  0.32629,  0.75049,  0.55131,  0.48409
10852, 3835, -0.01844, -0.01579,  0.14889,  0.32629,  0.68686,  0.55131,  0.43457
10853, 3834, -0.02191, -0.02788,  0.14096,  0.20519,  0.68686,  0.43021,  0.43457
10854, 3836, -0.0238, -0.02954,  0.1479,  0.20519,  0.6249,  0.43021,  0.38369
10855, 3834, -0.02191, -0.02788,  0.14096,  0.20519,  0.68686,  0.43021,  0.43457
10856, 3835, -0.01844, -0.01579,  0.14889,  0.32629,  0.68686,  0.55131,  0.43457
10857, 3836, -0.0238, -0.02954,  0.1479,  0.20519,  0.6249,  0.43021,  0.38369
10858, 3835, -0.01844, -0.01579,  0.14889,  0.32629,  0.68686,  0.55131,  0.43457
10859, 3837, -0.02105, -0.01769,  0.15694,  0.32629,  0.6249,  0.55131,  0.38369
10860, 3837, -0.02105, -0.01769,  0.15694,  0.32629,  0.6249,  0.55131,  0.38369
10861, 3838, -0.02906, -0.0294,  0.15479,  0.20519,  0.56175,  0.43021,  0.33184
10862, 3836, -0.0238, -0.02954,  0.1479,  0.20519,  0.6249,  0.43021,  0.38369
10863, 3837, -0.02105, -0.01769,  0.15694,  0.32629,  0.6249,  0.55131,  0.38369
10864, 3839, -0.02629, -0.01782,  0.1635,  0.32629,  0.56175,  0.55131,  0.33184
10865, 3838, -0.02906, -0.0294,  0.15479,  0.20519,  0.56175,  0.43021,  0.33184
10866, 3840, -0.0364, -0.0272,  0.15972,  0.20519,  0.49869,  0.43021,  0.28006
10867, 3838, -0.02906, -0.0294,  0.15479,  0.20519,  0.56175,  0.43021,  0.33184
10868, 3839, -0.02629, -0.01782,  0.1635,  0.32629,  0.56175,  0.55131,  0.33184
10869, 3840, -0.0364, -0.0272,  0.15972,  0.20519,  0.49869,  0.43021,  0.28006
10870, 3839, -0.02629, -0.01782,  0.1635,  0.32629,  0.56175,  0.55131,  0.33184
10871, 3841, -0.03338, -0.01595,  0.16719,  0.32629,  0.49869,  0.55131,  0.28006
10872, 3841, -0.03338, -0.01595,  0.16719,  0.32629,  0.49869,  0.55131,  0.28006
10873, 3842, -0.04451, -0.0227,  0.1608,  0.20519,  0.43701,  0.43021,  0.22941
10874, 3840, -0.0364, -0.0272,  0.15972,  0.20519,  0.49869,  0.43021,  0.28006
10875, 3841, -0.03338, -0.01595,  0.16719,  0.32629,  0.49869,  0.55131,  0.28006
10876, 3843, -0.04158, -0.01186,  0.16663,  0.32629,  0.43701,  0.55131,  0.22941
10877, 3842, -0.04451, -0.0227,  0.1608,  0.20519,  0.43701,  0.43021,  0.22941
10878, 3844, -0.05201, -0.01736,  0.15941,  0.20519,  0.37446,  0.43021,  0.18224
10879, 3842, -0.04451, -0.0227,  0.1608,  0.20519,  0.43701,  0.43021,  0.22941
10880, 3843, -0.04158, -0.01186,  0.16663,  0.32629,  0.43701,  0.55131,  0.22941
10881, 3844, -0.05201, -0.01736,  0.15941,  0.20519,  0.37446,  0.43021,  0.18224
10882, 3843, -0.04158, -0.01186,  0.16663,  0.32629,  0.43701,  0.55131,  0.22941
10883, 3845, -0.04923, -0.00716,  0.16369,  0.32629,  0.37446,  0.55131,  0.18224
10884, 3845, -0.04923, -0.00716,  0.16369,  0.32629,  0.37446,  0.55131,  0.18224
10885, 3846, -0.05751, -0.01263,  0.15695,  0.20519,  0.30881,  0.43021,  0.14089
10886, 3844, -0.05201, -0.01736,  0.15941,  0.20519,  0.37446,  0.43021,  0.18224
10887, 3845, -0.04923, -0.00716,  0.16369,  0.32629,  0.37446,  0.55131,  0.18224
10888, 3847, -0.05467, -0.00351,  0.16025,  0.32629,  0.30881,  0.55131,  0.14089
10889, 3846, -0.05751, -0.01263,  0.15695,  0.20519,  0.30881,  0.43021,  0.14089
10890, 3848, -0.06134, -0.00852,  0.15293,  0.20519,  0.24062,  0.43021,  0.10381
10891, 3846, -0.05751, -0.01263,  0.15695,  0.20519,  0.30881,  0.43021,  0.14089
10892, 3847, -0.05467, -0.00351,  0.16025,  0.32629,  0.30881,  0.55131,  0.14089
10893, 3848, -0.06134, -0.00852,  0.15293,  0.20519,  0.24062,  0.43021,  0.10381
10894, 3847, -0.05467, -0.00351,  0.16025,  0.32629,  0.30881,  0.55131,  0.14089
10895, 3849, -0.0584, -0.00066,  0.15565,  0.32629,  0.24062,  0.55131,  0.10381
10896, 3849, -0.0584, -0.00066,  0.15565,  0.32629,  0.24062,  0.55131,  0.10381
10897, 3850, -0.06381, -0.00506,  0.14687,  0.20519,  0.17043,  0.43021,  0.06943
10898, 3848, -0.06134, -0.00852,  0.15293,  0.20519,  0.24062,  0.43021,  0.10381
10899, 3849, -0.0584, -0.00066,  0.15565,  0.32629,  0.24062,  0.55131,  0.10381
10900, 3851, -0.06093,  0.00164,  0.14925,  0.32629,  0.17043,  0.55131,  0.06943
10901, 3850, -0.06381, -0.00506,  0.14687,  0.20519,  0.17043,  0.43021,  0.06943
10902, 3852, -0.0656, -0.00191,  0.13978,  0.20519,  0.09924,  0.43021,  0.03641
10903, 3850, -0.06381, -0.00506,  0.14687,  0.20519,  0.17043,  0.43021,  0.06943
10904, 3851, -0.06093,  0.00164,  0.14925,  0.32629,  0.17043,  0.55131,  0.06943
10905, 3852, -0.0656, -0.00191,  0.13978,  0.20519,  0.09924,  0.43021,  0.03641
10906, 3851, -0.06093,  0.00164,  0.14925,  0.32629,  0.17043,  0.55131,  0.06943
10907, 3853, -0.06286,  0.00366,  0.14196,  0.32629,  0.09924,  0.55131,  0.03641
10908, 3854, -0.02511, -0.02601,  0.12234,  0.54027,  0.61849,  0.78568,  0.40959
10909, 3855, -0.02748, -0.02194,  0.11976,  0.54027,  0.69693,  0.78568,  0.45735
10910, 3856, -0.02643, -0.01533,  0.12209,  0.40427,  0.69693,  0.89901,  0.45735
10911, 3854, -0.02511, -0.02601,  0.12234,  0.54027,  0.61849,  0.78568,  0.40959
10912, 3856, -0.02643, -0.01533,  0.12209,  0.40427,  0.69693,  0.89901,  0.45735
10913, 3857, -0.02325, -0.01924,  0.12641,  0.40427,  0.61849,  0.89901,  0.40959
10914, 3858, -0.02999, -0.01827,  0.1176,  0.54027,  0.77519,  0.78568,  0.50501
10915, 3856, -0.02643, -0.01533,  0.12209,  0.40427,  0.69693,  0.89901,  0.45735
10916, 3855, -0.02748, -0.02194,  0.11976,  0.54027,  0.69693,  0.78568,  0.45735
10917, 3858, -0.02999, -0.01827,  0.1176,  0.54027,  0.77519,  0.78568,  0.50501
10918, 3859, -0.02981, -0.01156,  0.11795,  0.40427,  0.77519,  0.89901,  0.50501
10919, 3856, -0.02643, -0.01533,  0.12209,  0.40427,  0.69693,  0.89901,  0.45735
10920, 3854, -0.02511, -0.02601,  0.12234,  0.54027,  0.61849,  0.78568,  0.40959
10921, 3857, -0.02325, -0.01924,  0.12641,  0.40427,  0.61849,  0.89901,  0.40959
10922, 3860, -0.02043, -0.02343,  0.13107,  0.40427,  0.53968,  0.89901,  0.36159
10923, 3854, -0.02511, -0.02601,  0.12234,  0.54027,  0.61849,  0.78568,  0.40959
10924, 3860, -0.02043, -0.02343,  0.13107,  0.40427,  0.53968,  0.89901,  0.36159
10925, 3861, -0.02302, -0.03089,  0.12576,  0.54027,  0.53968,  0.78568,  0.36159
10926, 3861, -0.02302, -0.03089,  0.12576,  0.54027,  0.53968,  0.78568,  0.36159
10927, 3860, -0.02043, -0.02343,  0.13107,  0.40427,  0.53968,  0.89901,  0.36159
10928, 3862, -0.01889, -0.02784,  0.13638,  0.40427,  0.4584,  0.89901,  0.31209
10929, 3861, -0.02302, -0.03089,  0.12576,  0.54027,  0.53968,  0.78568,  0.36159
10930, 3862, -0.01889, -0.02784,  0.13638,  0.40427,  0.4584,  0.89901,  0.31209
10931, 3863, -0.02213, -0.03572,  0.13038,  0.54027,  0.4584,  0.78568,  0.31209
10932, 3863, -0.02213, -0.03572,  0.13038,  0.54027,  0.4584,  0.78568,  0.31209
10933, 3862, -0.01889, -0.02784,  0.13638,  0.40427,  0.4584,  0.89901,  0.31209
10934, 3864, -0.01952, -0.03241,  0.14263,  0.40427,  0.37254,  0.89901,  0.25981
10935, 3863, -0.02213, -0.03572,  0.13038,  0.54027,  0.4584,  0.78568,  0.31209
10936, 3864, -0.01952, -0.03241,  0.14263,  0.40427,  0.37254,  0.89901,  0.25981
10937, 3865, -0.02334, -0.03964,  0.13652,  0.54027,  0.37254,  0.78568,  0.25981
10938, 3865, -0.02334, -0.03964,  0.13652,  0.54027,  0.37254,  0.78568,  0.25981
10939, 3864, -0.01952, -0.03241,  0.14263,  0.40427,  0.37254,  0.89901,  0.25981
10940, 3866, -0.02242, -0.03579,  0.14932,  0.40427,  0.28576,  0.89901,  0.20696
10941, 3865, -0.02334, -0.03964,  0.13652,  0.54027,  0.37254,  0.78568,  0.25981
10942, 3866, -0.02242, -0.03579,  0.14932,  0.40427,  0.28576,  0.89901,  0.20696
10943, 3867, -0.02628, -0.04212,  0.14338,  0.54027,  0.28576,  0.78568,  0.20696
10944, 3867, -0.02628, -0.04212,  0.14338,  0.54027,  0.28576,  0.78568,  0.20696
10945, 3866, -0.02242, -0.03579,  0.14932,  0.40427,  0.28576,  0.89901,  0.20696
10946, 3868, -0.0277, -0.03663,  0.15598,  0.40427,  0.20168,  0.89901,  0.15576
10947, 3867, -0.02628, -0.04212,  0.14338,  0.54027,  0.28576,  0.78568,  0.20696
10948, 3868, -0.0277, -0.03663,  0.15598,  0.40427,  0.20168,  0.89901,  0.15576
10949, 3869, -0.03057, -0.04264,  0.15015,  0.54027,  0.20168,  0.78568,  0.15576
10950, 3869, -0.03057, -0.04264,  0.15015,  0.54027,  0.20168,  0.78568,  0.15576
10951, 3868, -0.0277, -0.03663,  0.15598,  0.40427,  0.20168,  0.89901,  0.15576
10952, 3870, -0.03467, -0.0346,  0.16142,  0.40427,  0.12502,  0.89901,  0.10961
10953, 3869, -0.03057, -0.04264,  0.15015,  0.54027,  0.20168,  0.78568,  0.15576
10954, 3870, -0.03467, -0.0346,  0.16142,  0.40427,  0.12502,  0.89901,  0.10961
10955, 3871, -0.03671, -0.04046,  0.15603,  0.54027,  0.12502,  0.78568,  0.10961
10956, 3871, -0.03671, -0.04046,  0.15603,  0.54027,  0.12502,  0.78568,  0.10961
10957, 3870, -0.03467, -0.0346,  0.16142,  0.40427,  0.12502,  0.89901,  0.10961
10958, 3872, -0.04267, -0.02939,  0.16448,  0.40427,  0.06049,  0.89901,  0.0719
10959, 3871, -0.03671, -0.04046,  0.15603,  0.54027,  0.12502,  0.78568,  0.10961
10960, 3872, -0.04267, -0.02939,  0.16448,  0.40427,  0.06049,  0.89901,  0.0719
10961, 3873, -0.04518, -0.03483,  0.16023,  0.54027,  0.06049,  0.78568,  0.0719
10962, 3873, -0.04518, -0.03483,  0.16023,  0.54027,  0.06049,  0.78568,  0.0719
10963, 3872, -0.04267, -0.02939,  0.16448,  0.40427,  0.06049,  0.89901,  0.0719
10964, 3874, -0.05117, -0.02258,  0.16634,  0.40427,  0.00202,  0.89901,  0.03842
10965, 3873, -0.04518, -0.03483,  0.16023,  0.54027,  0.06049,  0.78568,  0.0719
10966, 3874, -0.05117, -0.02258,  0.16634,  0.40427,  0.00202,  0.89901,  0.03842
10967, 3875, -0.0548, -0.02747,  0.1636,  0.54027,  0.00202,  0.78568,  0.03842
10968, 3876, -0.04198,  0.02693,  0.1078,  0.12764,  0.83086,  0.08457,  0.51094
10969, 3877, -0.0408,  0.01971,  0.10684,  0.12764,  0.8742,  0.08457,  0.55147
10970, 3878, -0.04474,  0.01647,  0.10065,  0.25276,  0.8742,  0.20969,  0.55147
10971, 3876, -0.04198,  0.02693,  0.1078,  0.12764,  0.83086,  0.08457,  0.51094
10972, 3878, -0.04474,  0.01647,  0.10065,  0.25276,  0.8742,  0.20969,  0.55147
10973, 3879, -0.04703,  0.02249,  0.09977,  0.25276,  0.83086,  0.20969,  0.51094
10974, 3880, -0.0399,  0.01182,  0.10572,  0.12764,  0.91664,  0.08457,  0.59115
10975, 3878, -0.04474,  0.01647,  0.10065,  0.25276,  0.8742,  0.20969,  0.55147
10976, 3877, -0.0408,  0.01971,  0.10684,  0.12764,  0.8742,  0.08457,  0.55147
10977, 3880, -0.0399,  0.01182,  0.10572,  0.12764,  0.91664,  0.08457,  0.59115
10978, 3881, -0.04236,  0.01016,  0.10178,  0.25276,  0.91664,  0.20969,  0.59115
10979, 3878, -0.04474,  0.01647,  0.10065,  0.25276,  0.8742,  0.20969,  0.55147
10980, 3879, -0.04703,  0.02249,  0.09977,  0.25276,  0.83086,  0.20969,  0.51094
10981, 3882, -0.04369,  0.03281,  0.10845,  0.12764,  0.7857,  0.08457,  0.46872
10982, 3876, -0.04198,  0.02693,  0.1078,  0.12764,  0.83086,  0.08457,  0.51094
10983, 3879, -0.04703,  0.02249,  0.09977,  0.25276,  0.83086,  0.20969,  0.51094
10984, 3883, -0.04913,  0.0279,  0.0994,  0.25276,  0.7857,  0.20969,  0.46872
10985, 3882, -0.04369,  0.03281,  0.10845,  0.12764,  0.7857,  0.08457,  0.46872
10986, 3884, -0.04635,  0.03868,  0.11008,  0.12764,  0.74003,  0.08457,  0.42602
10987, 3882, -0.04369,  0.03281,  0.10845,  0.12764,  0.7857,  0.08457,  0.46872
10988, 3883, -0.04913,  0.0279,  0.0994,  0.25276,  0.7857,  0.20969,  0.46872
10989, 3884, -0.04635,  0.03868,  0.11008,  0.12764,  0.74003,  0.08457,  0.42602
10990, 3883, -0.04913,  0.0279,  0.0994,  0.25276,  0.7857,  0.20969,  0.46872
10991, 3885, -0.0522,  0.03381,  0.10032,  0.25276,  0.74003,  0.20969,  0.42602
10992, 3885, -0.0522,  0.03381,  0.10032,  0.25276,  0.74003,  0.20969,  0.42602
10993, 3886, -0.05029,  0.04584,  0.11398,  0.12764,  0.69517,  0.08457,  0.38407
10994, 3884, -0.04635,  0.03868,  0.11008,  0.12764,  0.74003,  0.08457,  0.42602
10995, 3885, -0.0522,  0.03381,  0.10032,  0.25276,  0.74003,  0.20969,  0.42602
10996, 3887, -0.05734,  0.04133,  0.10328,  0.25276,  0.69517,  0.20969,  0.38407
10997, 3886, -0.05029,  0.04584,  0.11398,  0.12764,  0.69517,  0.08457,  0.38407
10998, 3888, -0.0547,  0.05078,  0.11914,  0.12764,  0.64838,  0.08457,  0.34033
10999, 3886, -0.05029,  0.04584,  0.11398,  0.12764,  0.69517,  0.08457,  0.38407
11000, 3887, -0.05734,  0.04133,  0.10328,  0.25276,  0.69517,  0.20969,  0.38407
11001, 3888, -0.0547,  0.05078,  0.11914,  0.12764,  0.64838,  0.08457,  0.34033
11002, 3887, -0.05734,  0.04133,  0.10328,  0.25276,  0.69517,  0.20969,  0.38407
11003, 3889, -0.06272,  0.04676,  0.10763,  0.25276,  0.64838,  0.20969,  0.34033
11004, 3889, -0.06272,  0.04676,  0.10763,  0.25276,  0.64838,  0.20969,  0.34033
11005, 3890, -0.0588,  0.05003,  0.12455,  0.12764,  0.59693,  0.08457,  0.29222
11006, 3888, -0.0547,  0.05078,  0.11914,  0.12764,  0.64838,  0.08457,  0.34033
11007, 3889, -0.06272,  0.04676,  0.10763,  0.25276,  0.64838,  0.20969,  0.34033
11008, 3891, -0.06654,  0.04642,  0.11274,  0.25276,  0.59693,  0.20969,  0.29222
11009, 3890, -0.0588,  0.05003,  0.12455,  0.12764,  0.59693,  0.08457,  0.29222
11010, 3892, -0.06208,  0.04494,  0.12993,  0.12764,  0.54377,  0.08457,  0.24252
11011, 3890, -0.0588,  0.05003,  0.12455,  0.12764,  0.59693,  0.08457,  0.29222
11012, 3891, -0.06654,  0.04642,  0.11274,  0.25276,  0.59693,  0.20969,  0.29222
11013, 3892, -0.06208,  0.04494,  0.12993,  0.12764,  0.54377,  0.08457,  0.24252
11014, 3891, -0.06654,  0.04642,  0.11274,  0.25276,  0.59693,  0.20969,  0.29222
11015, 3893, -0.06873,  0.04195,  0.11828,  0.25276,  0.54377,  0.20969,  0.24252
11016, 3893, -0.06873,  0.04195,  0.11828,  0.25276,  0.54377,  0.20969,  0.24252
11017, 3894, -0.06406,  0.03689,  0.13498,  0.12764,  0.49185,  0.08457,  0.19396
11018, 3892, -0.06208,  0.04494,  0.12993,  0.12764,  0.54377,  0.08457,  0.24252
11019, 3893, -0.06873,  0.04195,  0.11828,  0.25276,  0.54377,  0.20969,  0.24252
11020, 3895, -0.06921,  0.03499,  0.12392,  0.25276,  0.49185,  0.20969,  0.19396
11021, 3894, -0.06406,  0.03689,  0.13498,  0.12764,  0.49185,  0.08457,  0.19396
11022, 3896, -0.0653,  0.0278,  0.13952,  0.12764,  0.43365,  0.08457,  0.14954
11023, 3894, -0.06406,  0.03689,  0.13498,  0.12764,  0.49185,  0.08457,  0.19396
11024, 3895, -0.06921,  0.03499,  0.12392,  0.25276,  0.49185,  0.20969,  0.19396
11025, 3896, -0.0653,  0.0278,  0.13952,  0.12764,  0.43365,  0.08457,  0.14954
11026, 3895, -0.06921,  0.03499,  0.12392,  0.25276,  0.49185,  0.20969,  0.19396
11027, 3897, -0.06917,  0.02659,  0.12932,  0.25276,  0.43365,  0.20969,  0.14954
11028, 3897, -0.06917,  0.02659,  0.12932,  0.25276,  0.43365,  0.20969,  0.14954
11029, 3898, -0.06634,  0.0196,  0.14333,  0.12764,  0.36168,  0.08457,  0.11221
11030, 3896, -0.0653,  0.0278,  0.13952,  0.12764,  0.43365,  0.08457,  0.14954
11031, 3897, -0.06917,  0.02659,  0.12932,  0.25276,  0.43365,  0.20969,  0.14954
11032, 3899, -0.0698,  0.01778,  0.13413,  0.25276,  0.36168,  0.20969,  0.11221
11033, 3898, -0.06634,  0.0196,  0.14333,  0.12764,  0.36168,  0.08457,  0.11221
11034, 3900, -0.06669,  0.01218,  0.14569,  0.12764,  0.26744,  0.08457,  0.08133
11035, 3898, -0.06634,  0.0196,  0.14333,  0.12764,  0.36168,  0.08457,  0.11221
11036, 3899, -0.0698,  0.01778,  0.13413,  0.25276,  0.36168,  0.20969,  0.11221
11037, 3900, -0.06669,  0.01218,  0.14569,  0.12764,  0.26744,  0.08457,  0.08133
11038, 3899, -0.0698,  0.01778,  0.13413,  0.25276,  0.36168,  0.20969,  0.11221
11039, 3901, -0.0701,  0.00975,  0.13789,  0.25276,  0.26744,  0.20969,  0.08133
11040, 3901, -0.0701,  0.00975,  0.13789,  0.25276,  0.26744,  0.20969,  0.08133
11041, 3902, -0.06583,  0.00547,  0.14589,  0.12764,  0.14242,  0.08457,  0.05629
11042, 3900, -0.06669,  0.01218,  0.14569,  0.12764,  0.26744,  0.08457,  0.08133
11043, 3901, -0.0701,  0.00975,  0.13789,  0.25276,  0.26744,  0.20969,  0.08133
11044, 3903, -0.0691,  0.00368,  0.14012,  0.25276,  0.14242,  0.20969,  0.05629
11045, 3902, -0.06583,  0.00547,  0.14589,  0.12764,  0.14242,  0.08457,  0.05629
11046, 3904, -0.06437, -0.0009,  0.14501,  0.12764,  0.00202,  0.08457,  0.03416
11047, 3902, -0.06583,  0.00547,  0.14589,  0.12764,  0.14242,  0.08457,  0.05629
11048, 3903, -0.0691,  0.00368,  0.14012,  0.25276,  0.14242,  0.20969,  0.05629
11049, 3904, -0.06437, -0.0009,  0.14501,  0.12764,  0.00202,  0.08457,  0.03416
11050, 3903, -0.0691,  0.00368,  0.14012,  0.25276,  0.14242,  0.20969,  0.05629
11051, 3905, -0.06745, -0.00141,  0.1416,  0.25276,  0.00202,  0.20969,  0.03416
11052, 3906, -0.04724,  0.0223,  0.0997,  0.25292,  0.83955,  0.75822,  0.51123
11053, 3907, -0.04474,  0.01647,  0.10066,  0.25292,  0.867,  0.75822,  0.55093
11054, 3908, -0.0474,  0.00951,  0.09639,  0.12738,  0.867,  0.88376,  0.55093
11055, 3906, -0.04724,  0.0223,  0.0997,  0.25292,  0.83955,  0.75822,  0.51123
11056, 3908, -0.0474,  0.00951,  0.09639,  0.12738,  0.867,  0.88376,  0.55093
11057, 3909, -0.05066,  0.01311,  0.09395,  0.12738,  0.83955,  0.88376,  0.51123
11058, 3910, -0.04236,  0.01016,  0.10178,  0.25292,  0.88977,  0.75822,  0.59115
11059, 3908, -0.0474,  0.00951,  0.09639,  0.12738,  0.867,  0.88376,  0.55093
11060, 3907, -0.04474,  0.01647,  0.10066,  0.25292,  0.867,  0.75822,  0.55093
11061, 3910, -0.04236,  0.01016,  0.10178,  0.25292,  0.88977,  0.75822,  0.59115
11062, 3911, -0.04397,  0.00573,  0.09932,  0.12738,  0.88977,  0.88376,  0.59115
11063, 3908, -0.0474,  0.00951,  0.09639,  0.12738,  0.867,  0.88376,  0.55093
11064, 3909, -0.05066,  0.01311,  0.09395,  0.12738,  0.83955,  0.88376,  0.51123
11065, 3912, -0.04998,  0.02717,  0.09908,  0.25292,  0.8027,  0.75822,  0.47255
11066, 3906, -0.04724,  0.0223,  0.0997,  0.25292,  0.83955,  0.75822,  0.51123
11067, 3909, -0.05066,  0.01311,  0.09395,  0.12738,  0.83955,  0.88376,  0.51123
11068, 3913, -0.05358,  0.01633,  0.09251,  0.12738,  0.8027,  0.88376,  0.47255
11069, 3912, -0.04998,  0.02717,  0.09908,  0.25292,  0.8027,  0.75822,  0.47255
11070, 3914, -0.05331,  0.03126,  0.09936,  0.25292,  0.75917,  0.75822,  0.43257
11071, 3912, -0.04998,  0.02717,  0.09908,  0.25292,  0.8027,  0.75822,  0.47255
11072, 3913, -0.05358,  0.01633,  0.09251,  0.12738,  0.8027,  0.88376,  0.47255
11073, 3914, -0.05331,  0.03126,  0.09936,  0.25292,  0.75917,  0.75822,  0.43257
11074, 3913, -0.05358,  0.01633,  0.09251,  0.12738,  0.8027,  0.88376,  0.47255
11075, 3915, -0.05713,  0.01947,  0.09207,  0.12738,  0.75917,  0.88376,  0.43257
11076, 3915, -0.05713,  0.01947,  0.09207,  0.12738,  0.75917,  0.88376,  0.43257
11077, 3916, -0.05753,  0.03476,  0.10106,  0.25292,  0.71168,  0.75822,  0.38895
11078, 3914, -0.05331,  0.03126,  0.09936,  0.25292,  0.75917,  0.75822,  0.43257
11079, 3915, -0.05713,  0.01947,  0.09207,  0.12738,  0.75917,  0.88376,  0.43257
11080, 3917, -0.06228,  0.02283,  0.09262,  0.12738,  0.71168,  0.88376,  0.38895
11081, 3916, -0.05753,  0.03476,  0.10106,  0.25292,  0.71168,  0.75822,  0.38895
11082, 3918, -0.06201,  0.03723,  0.10439,  0.25292,  0.66109,  0.75822,  0.34247
11083, 3916, -0.05753,  0.03476,  0.10106,  0.25292,  0.71168,  0.75822,  0.38895
11084, 3917, -0.06228,  0.02283,  0.09262,  0.12738,  0.71168,  0.88376,  0.38895
11085, 3918, -0.06201,  0.03723,  0.10439,  0.25292,  0.66109,  0.75822,  0.34247
11086, 3917, -0.06228,  0.02283,  0.09262,  0.12738,  0.71168,  0.88376,  0.38895
11087, 3919, -0.06776,  0.02551,  0.09481,  0.12738,  0.66109,  0.88376,  0.34247
11088, 3919, -0.06776,  0.02551,  0.09481,  0.12738,  0.66109,  0.88376,  0.34247
11089, 3920, -0.06611,  0.03819,  0.10953,  0.25292,  0.60826,  0.75822,  0.29394
11090, 3918, -0.06201,  0.03723,  0.10439,  0.25292,  0.66109,  0.75822,  0.34247
11091, 3919, -0.06776,  0.02551,  0.09481,  0.12738,  0.66109,  0.88376,  0.34247
11092, 3921, -0.0723,  0.02664,  0.09929,  0.12738,  0.60826,  0.88376,  0.29394
11093, 3920, -0.06611,  0.03819,  0.10953,  0.25292,  0.60826,  0.75822,  0.29394
11094, 3922, -0.06891,  0.03685,  0.1158,  0.25292,  0.555,  0.75822,  0.24501
11095, 3920, -0.06611,  0.03819,  0.10953,  0.25292,  0.60826,  0.75822,  0.29394
11096, 3921, -0.0723,  0.02664,  0.09929,  0.12738,  0.60826,  0.88376,  0.29394
11097, 3922, -0.06891,  0.03685,  0.1158,  0.25292,  0.555,  0.75822,  0.24501
11098, 3921, -0.0723,  0.02664,  0.09929,  0.12738,  0.60826,  0.88376,  0.29394
11099, 3923, -0.07491,  0.02565,  0.10549,  0.12738,  0.555,  0.88376,  0.24501
11100, 3923, -0.07491,  0.02565,  0.10549,  0.12738,  0.555,  0.88376,  0.24501
11101, 3924, -0.06949,  0.03239,  0.1225,  0.25292,  0.50313,  0.75822,  0.19736
11102, 3922, -0.06891,  0.03685,  0.1158,  0.25292,  0.555,  0.75822,  0.24501
11103, 3923, -0.07491,  0.02565,  0.10549,  0.12738,  0.555,  0.88376,  0.24501
11104, 3925, -0.07461,  0.02194,  0.11287,  0.12738,  0.50313,  0.88376,  0.19736
11105, 3924, -0.06949,  0.03239,  0.1225,  0.25292,  0.50313,  0.75822,  0.19736
11106, 3926, -0.06919,  0.02591,  0.12878,  0.25292,  0.4447,  0.75822,  0.15363
11107, 3924, -0.06949,  0.03239,  0.1225,  0.25292,  0.50313,  0.75822,  0.19736
11108, 3925, -0.07461,  0.02194,  0.11287,  0.12738,  0.50313,  0.88376,  0.19736
11109, 3926, -0.06919,  0.02591,  0.12878,  0.25292,  0.4447,  0.75822,  0.15363
11110, 3925, -0.07461,  0.02194,  0.11287,  0.12738,  0.50313,  0.88376,  0.19736
11111, 3927, -0.07317,  0.01651,  0.12073,  0.12738,  0.4447,  0.88376,  0.15363
11112, 3927, -0.07317,  0.01651,  0.12073,  0.12738,  0.4447,  0.88376,  0.15363
11113, 3928, -0.06935,  0.01849,  0.1338,  0.25292,  0.37179,  0.75822,  0.11646
11114, 3926, -0.06919,  0.02591,  0.12878,  0.25292,  0.4447,  0.75822,  0.15363
11115, 3927, -0.07317,  0.01651,  0.12073,  0.12738,  0.4447,  0.88376,  0.15363
11116, 3929, -0.07234,  0.01034,  0.12837,  0.12738,  0.37179,  0.88376,  0.11646
11117, 3928, -0.06935,  0.01849,  0.1338,  0.25292,  0.37179,  0.75822,  0.11646
11118, 3930, -0.06918,  0.01155,  0.13738,  0.25292,  0.27547,  0.75822,  0.085
11119, 3928, -0.06935,  0.01849,  0.1338,  0.25292,  0.37179,  0.75822,  0.11646
11120, 3929, -0.07234,  0.01034,  0.12837,  0.12738,  0.37179,  0.88376,  0.11646
11121, 3930, -0.06918,  0.01155,  0.13738,  0.25292,  0.27547,  0.75822,  0.085
11122, 3929, -0.07234,  0.01034,  0.12837,  0.12738,  0.37179,  0.88376,  0.11646
11123, 3931, -0.07156,  0.0048,  0.13422,  0.12738,  0.27547,  0.88376,  0.085
11124, 3931, -0.07156,  0.0048,  0.13422,  0.12738,  0.27547,  0.88376,  0.085
11125, 3932, -0.0679,  0.00651,  0.13931,  0.25292,  0.14683,  0.75822,  0.05837
11126, 3930, -0.06918,  0.01155,  0.13738,  0.25292,  0.27547,  0.75822,  0.085
11127, 3931, -0.07156,  0.0048,  0.13422,  0.12738,  0.27547,  0.88376,  0.085
11128, 3933, -0.07026,  0.0012,  0.1367,  0.12738,  0.14683,  0.88376,  0.05837
11129, 3932, -0.0679,  0.00651,  0.13931,  0.25292,  0.14683,  0.75822,  0.05837
11130, 3934, -0.06606,  0.00242,  0.14041,  0.25292,  0.00202,  0.75822,  0.03416
11131, 3932, -0.0679,  0.00651,  0.13931,  0.25292,  0.14683,  0.75822,  0.05837
11132, 3933, -0.07026,  0.0012,  0.1367,  0.12738,  0.14683,  0.88376,  0.05837
11133, 3934, -0.06606,  0.00242,  0.14041,  0.25292,  0.00202,  0.75822,  0.03416
11134, 3933, -0.07026,  0.0012,  0.1367,  0.12738,  0.14683,  0.88376,  0.05837
11135, 3935, -0.06869, -0.00141,  0.13748,  0.12738,  0.00202,  0.88376,  0.03416
11136, 3936, -0.05337,  0.00062,  0.09343,  0.21943,  0.81928,  0.75665,  0.45846
11137, 3937, -0.04975,  0.00029,  0.09681,  0.21943,  0.85681,  0.75665,  0.49071
11138, 3938, -0.04893, -0.00775,  0.09697,  0.11124,  0.85681,  0.86485,  0.49071
11139, 3936, -0.05337,  0.00062,  0.09343,  0.21943,  0.81928,  0.75665,  0.45846
11140, 3938, -0.04893, -0.00775,  0.09697,  0.11124,  0.85681,  0.86485,  0.49071
11141, 3939, -0.05214, -0.00944,  0.09348,  0.11124,  0.81928,  0.86485,  0.45846
11142, 3940, -0.04648, -0.00037,  0.10071,  0.21943,  0.88977,  0.75665,  0.5234
11143, 3938, -0.04893, -0.00775,  0.09697,  0.11124,  0.85681,  0.86485,  0.49071
11144, 3937, -0.04975,  0.00029,  0.09681,  0.21943,  0.85681,  0.75665,  0.49071
11145, 3940, -0.04648, -0.00037,  0.10071,  0.21943,  0.88977,  0.75665,  0.5234
11146, 3941, -0.04594, -0.00614,  0.10098,  0.11124,  0.88977,  0.86485,  0.5234
11147, 3938, -0.04893, -0.00775,  0.09697,  0.11124,  0.85681,  0.86485,  0.49071
11148, 3939, -0.05214, -0.00944,  0.09348,  0.11124,  0.81928,  0.86485,  0.45846
11149, 3942, -0.05766,  0.00034,  0.09113,  0.21943,  0.77263,  0.75665,  0.4271
11150, 3936, -0.05337,  0.00062,  0.09343,  0.21943,  0.81928,  0.75665,  0.45846
11151, 3939, -0.05214, -0.00944,  0.09348,  0.11124,  0.81928,  0.86485,  0.45846
11152, 3943, -0.05578, -0.01128,  0.09103,  0.11124,  0.77263,  0.86485,  0.4271
11153, 3942, -0.05766,  0.00034,  0.09113,  0.21943,  0.77263,  0.75665,  0.4271
11154, 3944, -0.06264, -0.00016,  0.08988,  0.21943,  0.7191,  0.75665,  0.39498
11155, 3942, -0.05766,  0.00034,  0.09113,  0.21943,  0.77263,  0.75665,  0.4271
11156, 3943, -0.05578, -0.01128,  0.09103,  0.11124,  0.77263,  0.86485,  0.4271
11157, 3944, -0.06264, -0.00016,  0.08988,  0.21943,  0.7191,  0.75665,  0.39498
11158, 3943, -0.05578, -0.01128,  0.09103,  0.11124,  0.77263,  0.86485,  0.4271
11159, 3945, -0.06032, -0.01288,  0.0897,  0.11124,  0.7191,  0.86485,  0.39498
11160, 3945, -0.06032, -0.01288,  0.0897,  0.11124,  0.7191,  0.86485,  0.39498
11161, 3946, -0.06836, -0.00044,  0.08975,  0.21943,  0.66098,  0.75665,  0.36041
11162, 3944, -0.06264, -0.00016,  0.08988,  0.21943,  0.7191,  0.75665,  0.39498
11163, 3945, -0.06032, -0.01288,  0.0897,  0.11124,  0.7191,  0.86485,  0.39498
11164, 3947, -0.06631, -0.01386,  0.0896,  0.11124,  0.66098,  0.86485,  0.36041
11165, 3946, -0.06836, -0.00044,  0.08975,  0.21943,  0.66098,  0.75665,  0.36041
11166, 3948, -0.07406, -0.00065,  0.09137,  0.21943,  0.60636,  0.75665,  0.32416
11167, 3946, -0.06836, -0.00044,  0.08975,  0.21943,  0.66098,  0.75665,  0.36041
11168, 3947, -0.06631, -0.01386,  0.0896,  0.11124,  0.66098,  0.86485,  0.36041
11169, 3948, -0.07406, -0.00065,  0.09137,  0.21943,  0.60636,  0.75665,  0.32416
11170, 3947, -0.06631, -0.01386,  0.0896,  0.11124,  0.66098,  0.86485,  0.36041
11171, 3949, -0.07219, -0.01429,  0.09132,  0.11124,  0.60636,  0.86485,  0.32416
11172, 3949, -0.07219, -0.01429,  0.09132,  0.11124,  0.60636,  0.86485,  0.32416
11173, 3950, -0.07896, -0.00091,  0.0954,  0.21943,  0.56334,  0.75665,  0.28697
11174, 3948, -0.07406, -0.00065,  0.09137,  0.21943,  0.60636,  0.75665,  0.32416
11175, 3949, -0.07219, -0.01429,  0.09132,  0.11124,  0.60636,  0.86485,  0.32416
11176, 3951, -0.0764, -0.01422,  0.09542,  0.11124,  0.56334,  0.86485,  0.28697
11177, 3950, -0.07896, -0.00091,  0.0954,  0.21943,  0.56334,  0.75665,  0.28697
11178, 3952, -0.08189, -0.00105,  0.10129,  0.21943,  0.52282,  0.75665,  0.24891
11179, 3950, -0.07896, -0.00091,  0.0954,  0.21943,  0.56334,  0.75665,  0.28697
11180, 3951, -0.0764, -0.01422,  0.09542,  0.11124,  0.56334,  0.86485,  0.28697
11181, 3952, -0.08189, -0.00105,  0.10129,  0.21943,  0.52282,  0.75665,  0.24891
11182, 3951, -0.0764, -0.01422,  0.09542,  0.11124,  0.56334,  0.86485,  0.28697
11183, 3953, -0.07867, -0.01366,  0.10157,  0.11124,  0.52282,  0.86485,  0.24891
11184, 3953, -0.07867, -0.01366,  0.10157,  0.11124,  0.52282,  0.86485,  0.24891
11185, 3954, -0.08171, -0.00086,  0.1085,  0.21943,  0.47566,  0.75665,  0.21006
11186, 3952, -0.08189, -0.00105,  0.10129,  0.21943,  0.52282,  0.75665,  0.24891
11187, 3953, -0.07867, -0.01366,  0.10157,  0.11124,  0.52282,  0.86485,  0.24891
11188, 3955, -0.07871, -0.01257,  0.10947,  0.11124,  0.47566,  0.86485,  0.21006
11189, 3954, -0.08171, -0.00086,  0.1085,  0.21943,  0.47566,  0.75665,  0.21006
11190, 3956, -0.07941, -0.0004,  0.11661,  0.21943,  0.41301,  0.75665,  0.17201
11191, 3954, -0.08171, -0.00086,  0.1085,  0.21943,  0.47566,  0.75665,  0.21006
11192, 3955, -0.07871, -0.01257,  0.10947,  0.11124,  0.47566,  0.86485,  0.21006
11193, 3956, -0.07941, -0.0004,  0.11661,  0.21943,  0.41301,  0.75665,  0.17201
11194, 3955, -0.07871, -0.01257,  0.10947,  0.11124,  0.47566,  0.86485,  0.21006
11195, 3957, -0.07723, -0.01093,  0.1184,  0.11124,  0.41301,  0.86485,  0.17201
11196, 3957, -0.07723, -0.01093,  0.1184,  0.11124,  0.41301,  0.86485,  0.17201
11197, 3958, -0.07602,  0.00025,  0.12518,  0.21943,  0.32597,  0.75665,  0.13633
11198, 3956, -0.07941, -0.0004,  0.11661,  0.21943,  0.41301,  0.75665,  0.17201
11199, 3957, -0.07723, -0.01093,  0.1184,  0.11124,  0.41301,  0.86485,  0.17201
11200, 3959, -0.07495, -0.0087,  0.12762,  0.11124,  0.32597,  0.86485,  0.13633
11201, 3958, -0.07602,  0.00025,  0.12518,  0.21943,  0.32597,  0.75665,  0.13633
11202, 3960, -0.07209,  0.00087,  0.13262,  0.21943,  0.22346,  0.75665,  0.10268
11203, 3958, -0.07602,  0.00025,  0.12518,  0.21943,  0.32597,  0.75665,  0.13633
11204, 3959, -0.07495, -0.0087,  0.12762,  0.11124,  0.32597,  0.86485,  0.13633
11205, 3960, -0.07209,  0.00087,  0.13262,  0.21943,  0.22346,  0.75665,  0.10268
11206, 3959, -0.07495, -0.0087,  0.12762,  0.11124,  0.32597,  0.86485,  0.13633
11207, 3961, -0.07187, -0.0065,  0.13528,  0.11124,  0.22346,  0.86485,  0.10268
11208, 3961, -0.07187, -0.0065,  0.13528,  0.11124,  0.22346,  0.86485,  0.10268
11209, 3962, -0.0682,  0.00118,  0.13732,  0.21943,  0.11438,  0.75665,  0.07071
11210, 3960, -0.07209,  0.00087,  0.13262,  0.21943,  0.22346,  0.75665,  0.10268
11211, 3961, -0.07187, -0.0065,  0.13528,  0.11124,  0.22346,  0.86485,  0.10268
11212, 3963, -0.06798, -0.00496,  0.13949,  0.11124,  0.11438,  0.86485,  0.07071
11213, 3962, -0.0682,  0.00118,  0.13732,  0.21943,  0.11438,  0.75665,  0.07071
11214, 3964, -0.06432,  0.00133,  0.14066,  0.21943,  0.00202,  0.75665,  0.03959
11215, 3962, -0.0682,  0.00118,  0.13732,  0.21943,  0.11438,  0.75665,  0.07071
11216, 3963, -0.06798, -0.00496,  0.13949,  0.11124,  0.11438,  0.86485,  0.07071
11217, 3964, -0.06432,  0.00133,  0.14066,  0.21943,  0.00202,  0.75665,  0.03959
11218, 3963, -0.06798, -0.00496,  0.13949,  0.11124,  0.11438,  0.86485,  0.07071
11219, 3965, -0.06368, -0.00376,  0.14198,  0.11124,  0.00202,  0.86485,  0.03959
11220, 3966, -0.05329, -0.00675,  0.09225,  0.44807,  0.59924,  0.31973,  0.32519
11221, 3967, -0.05022, -0.0049,  0.09586,  0.44807,  0.63981,  0.31973,  0.3456
11222, 3968, -0.04947, -0.0086,  0.09618,  0.38116,  0.63981,  0.38664,  0.3456
11223, 3966, -0.05329, -0.00675,  0.09225,  0.44807,  0.59924,  0.31973,  0.32519
11224, 3968, -0.04947, -0.0086,  0.09618,  0.38116,  0.63981,  0.38664,  0.3456
11225, 3969, -0.05224, -0.01126,  0.09259,  0.38116,  0.59924,  0.38664,  0.32519
11226, 3970, -0.04756, -0.00354,  0.09917,  0.44807,  0.68117,  0.31973,  0.3664
11227, 3968, -0.04947, -0.0086,  0.09618,  0.38116,  0.63981,  0.38664,  0.3456
11228, 3967, -0.05022, -0.0049,  0.09586,  0.44807,  0.63981,  0.31973,  0.3456
11229, 3970, -0.04756, -0.00354,  0.09917,  0.44807,  0.68117,  0.31973,  0.3664
11230, 3971, -0.04715, -0.00626,  0.09957,  0.38116,  0.68117,  0.38664,  0.3664
11231, 3968, -0.04947, -0.0086,  0.09618,  0.38116,  0.63981,  0.38664,  0.3456
11232, 3966, -0.05329, -0.00675,  0.09225,  0.44807,  0.59924,  0.31973,  0.32519
11233, 3969, -0.05224, -0.01126,  0.09259,  0.38116,  0.59924,  0.38664,  0.32519
11234, 3972, -0.05588, -0.01458,  0.08861,  0.38116,  0.56023,  0.38664,  0.30556
11235, 3966, -0.05329, -0.00675,  0.09225,  0.44807,  0.59924,  0.31973,  0.32519
11236, 3972, -0.05588, -0.01458,  0.08861,  0.38116,  0.56023,  0.38664,  0.30556
11237, 3973, -0.05719, -0.00957,  0.08805,  0.44807,  0.56023,  0.31973,  0.30556
11238, 3973, -0.05719, -0.00957,  0.08805,  0.44807,  0.56023,  0.31973,  0.30556
11239, 3972, -0.05588, -0.01458,  0.08861,  0.38116,  0.56023,  0.38664,  0.30556
11240, 3974, -0.06014, -0.01805,  0.08534,  0.38116,  0.52283,  0.38664,  0.28675
11241, 3973, -0.05719, -0.00957,  0.08805,  0.44807,  0.56023,  0.31973,  0.30556
11242, 3974, -0.06014, -0.01805,  0.08534,  0.38116,  0.52283,  0.38664,  0.28675
11243, 3975, -0.06164, -0.0126,  0.08436,  0.44807,  0.52283,  0.31973,  0.28675
11244, 3975, -0.06164, -0.0126,  0.08436,  0.44807,  0.52283,  0.31973,  0.28675
11245, 3974, -0.06014, -0.01805,  0.08534,  0.38116,  0.52283,  0.38664,  0.28675
11246, 3976, -0.06479, -0.02114,  0.08389,  0.38116,  0.4871,  0.38664,  0.26878
11247, 3975, -0.06164, -0.0126,  0.08436,  0.44807,  0.52283,  0.31973,  0.28675
11248, 3976, -0.06479, -0.02114,  0.08389,  0.38116,  0.4871,  0.38664,  0.26878
11249, 3977, -0.06636, -0.01509,  0.08229,  0.44807,  0.4871,  0.31973,  0.26878
11250, 3977, -0.06636, -0.01509,  0.08229,  0.44807,  0.4871,  0.31973,  0.26878
11251, 3976, -0.06479, -0.02114,  0.08389,  0.38116,  0.4871,  0.38664,  0.26878
11252, 3978, -0.06977, -0.0234,  0.08392,  0.38116,  0.45076,  0.38664,  0.2505
11253, 3977, -0.06636, -0.01509,  0.08229,  0.44807,  0.4871,  0.31973,  0.26878
11254, 3978, -0.06977, -0.0234,  0.08392,  0.38116,  0.45076,  0.38664,  0.2505
11255, 3979, -0.07147, -0.01687,  0.08173,  0.44807,  0.45076,  0.31973,  0.2505
11256, 3979, -0.07147, -0.01687,  0.08173,  0.44807,  0.45076,  0.31973,  0.2505
11257, 3978, -0.06977, -0.0234,  0.08392,  0.38116,  0.45076,  0.38664,  0.2505
11258, 3980, -0.07503, -0.02438,  0.0851,  0.38116,  0.41152,  0.38664,  0.23076
11259, 3979, -0.07147, -0.01687,  0.08173,  0.44807,  0.45076,  0.31973,  0.2505
11260, 3980, -0.07503, -0.02438,  0.0851,  0.38116,  0.41152,  0.38664,  0.23076
11261, 3981, -0.07709, -0.01777,  0.08256,  0.44807,  0.41152,  0.31973,  0.23076
11262, 3981, -0.07709, -0.01777,  0.08256,  0.44807,  0.41152,  0.31973,  0.23076
11263, 3980, -0.07503, -0.02438,  0.0851,  0.38116,  0.41152,  0.38664,  0.23076
11264, 3982, -0.07951, -0.02411,  0.088,  0.38116,  0.37135,  0.38664,  0.20926
11265, 3981, -0.07709, -0.01777,  0.08256,  0.44807,  0.41152,  0.31973,  0.23076
11266, 3982, -0.07951, -0.02411,  0.088,  0.38116,  0.37135,  0.38664,  0.20926
11267, 3983, -0.08204, -0.01772,  0.08546,  0.44807,  0.37135,  0.31973,  0.20926
11268, 3983, -0.08204, -0.01772,  0.08546,  0.44807,  0.37135,  0.31973,  0.20926
11269, 3982, -0.07951, -0.02411,  0.088,  0.38116,  0.37135,  0.38664,  0.20926
11270, 3984, -0.08215, -0.0226,  0.0932,  0.38116,  0.3322,  0.38664,  0.18567
11271, 3983, -0.08204, -0.01772,  0.08546,  0.44807,  0.37135,  0.31973,  0.20926
11272, 3984, -0.08215, -0.0226,  0.0932,  0.38116,  0.3322,  0.38664,  0.18567
11273, 3985, -0.08513, -0.01669,  0.09113,  0.44807,  0.3322,  0.31973,  0.18567
11274, 3985, -0.08513, -0.01669,  0.09113,  0.44807,  0.3322,  0.31973,  0.18567
11275, 3984, -0.08215, -0.0226,  0.0932,  0.38116,  0.3322,  0.38664,  0.18567
11276, 3986, -0.0827, -0.02022,  0.10033,  0.38116,  0.2965,  0.38664,  0.16094
11277, 3985, -0.08513, -0.01669,  0.09113,  0.44807,  0.3322,  0.31973,  0.18567
11278, 3986, -0.0827, -0.02022,  0.10033,  0.38116,  0.2965,  0.38664,  0.16094
11279, 3987, -0.08578, -0.01484,  0.09876,  0.44807,  0.2965,  0.31973,  0.16094
11280, 3987, -0.08578, -0.01484,  0.09876,  0.44807,  0.2965,  0.31973,  0.16094
11281, 3986, -0.0827, -0.02022,  0.10033,  0.38116,  0.2965,  0.38664,  0.16094
11282, 3988, -0.08087, -0.01736,  0.10897,  0.38116,  0.26667,  0.38664,  0.13597
11283, 3987, -0.08578, -0.01484,  0.09876,  0.44807,  0.2965,  0.31973,  0.16094
11284, 3988, -0.08087, -0.01736,  0.10897,  0.38116,  0.26667,  0.38664,  0.13597
11285, 3989, -0.08338, -0.01231,  0.10756,  0.44807,  0.26667,  0.31973,  0.13597
11286, 3989, -0.08338, -0.01231,  0.10756,  0.44807,  0.26667,  0.31973,  0.13597
11287, 3988, -0.08087, -0.01736,  0.10897,  0.38116,  0.26667,  0.38664,  0.13597
11288, 3990, -0.07792, -0.01414,  0.11836,  0.38116,  0.23874,  0.38664,  0.11205
11289, 3989, -0.08338, -0.01231,  0.10756,  0.44807,  0.26667,  0.31973,  0.13597
11290, 3990, -0.07792, -0.01414,  0.11836,  0.38116,  0.23874,  0.38664,  0.11205
11291, 3991, -0.07963, -0.00944,  0.11693,  0.44807,  0.23874,  0.31973,  0.11205
11292, 3991, -0.07963, -0.00944,  0.11693,  0.44807,  0.23874,  0.31973,  0.11205
11293, 3990, -0.07792, -0.01414,  0.11836,  0.38116,  0.23874,  0.38664,  0.11205
11294, 3992, -0.07511, -0.01066,  0.1277,  0.38116,  0.20872,  0.38664,  0.09047
11295, 3991, -0.07963, -0.00944,  0.11693,  0.44807,  0.23874,  0.31973,  0.11205
11296, 3992, -0.07511, -0.01066,  0.1277,  0.38116,  0.20872,  0.38664,  0.09047
11297, 3993, -0.07621, -0.00652,  0.12627,  0.44807,  0.20872,  0.31973,  0.09047
11298, 3993, -0.07621, -0.00652,  0.12627,  0.44807,  0.20872,  0.31973,  0.09047
11299, 3992, -0.07511, -0.01066,  0.1277,  0.38116,  0.20872,  0.38664,  0.09047
11300, 3994, -0.07193, -0.00727,  0.13544,  0.38116,  0.17882,  0.38664,  0.07078
11301, 3993, -0.07621, -0.00652,  0.12627,  0.44807,  0.20872,  0.31973,  0.09047
11302, 3994, -0.07193, -0.00727,  0.13544,  0.38116,  0.17882,  0.38664,  0.07078
11303, 3995, -0.07265, -0.00369,  0.13406,  0.44807,  0.17882,  0.31973,  0.07078
11304, 3995, -0.07265, -0.00369,  0.13406,  0.44807,  0.17882,  0.31973,  0.07078
11305, 3994, -0.07193, -0.00727,  0.13544,  0.38116,  0.17882,  0.38664,  0.07078
11306, 3996, -0.06789, -0.00431,  0.14003,  0.38116,  0.15124,  0.38664,  0.05251
11307, 3995, -0.07265, -0.00369,  0.13406,  0.44807,  0.17882,  0.31973,  0.07078
11308, 3996, -0.06789, -0.00431,  0.14003,  0.38116,  0.15124,  0.38664,  0.05251
11309, 3997, -0.06848, -0.00107,  0.1388,  0.44807,  0.15124,  0.31973,  0.05251
11310, 3997, -0.06848, -0.00107,  0.1388,  0.44807,  0.15124,  0.31973,  0.05251
11311, 3996, -0.06789, -0.00431,  0.14003,  0.38116,  0.15124,  0.38664,  0.05251
11312, 3998, -0.06343, -0.00157,  0.14305,  0.38116,  0.12482,  0.38664,  0.03495
11313, 3997, -0.06848, -0.00107,  0.1388,  0.44807,  0.15124,  0.31973,  0.05251
11314, 3998, -0.06343, -0.00157,  0.14305,  0.38116,  0.12482,  0.38664,  0.03495
11315, 3999, -0.06401,  0.00146,  0.14201,  0.44807,  0.12482,  0.31973,  0.03495
11316, 4000, -0.0645, -0.02278,  0.0755,  0.45971,  0.08363,  0.39487,  0.45887
11317, 4001, -0.06354, -0.02662,  0.07649,  0.36674,  0.08363,  0.3019,  0.45887
11318, 4002, -0.0674, -0.02827,  0.07809,  0.36674,  0.1148,  0.3019,  0.42707
11319, 4000, -0.0645, -0.02278,  0.0755,  0.45971,  0.08363,  0.39487,  0.45887
11320, 4002, -0.0674, -0.02827,  0.07809,  0.36674,  0.1148,  0.3019,  0.42707
11321, 4003, -0.06866, -0.02373,  0.07661,  0.45971,  0.1148,  0.39487,  0.42707
11322, 4003, -0.06866, -0.02373,  0.07661,  0.45971,  0.1148,  0.39487,  0.42707
11323, 4002, -0.0674, -0.02827,  0.07809,  0.36674,  0.1148,  0.3019,  0.42707
11324, 4004, -0.0716, -0.02947,  0.08064,  0.36674,  0.14458,  0.3019,  0.40423
11325, 4003, -0.06866, -0.02373,  0.07661,  0.45971,  0.1148,  0.39487,  0.42707
11326, 4004, -0.0716, -0.02947,  0.08064,  0.36674,  0.14458,  0.3019,  0.40423
11327, 4005, -0.07317, -0.02418,  0.07862,  0.45971,  0.14458,  0.39487,  0.40423
11328, 4005, -0.07317, -0.02418,  0.07862,  0.45971,  0.14458,  0.39487,  0.40423
11329, 4004, -0.0716, -0.02947,  0.08064,  0.36674,  0.14458,  0.3019,  0.40423
11330, 4006, -0.07571, -0.03027,  0.08435,  0.36674,  0.17928,  0.3019,  0.38153
11331, 4005, -0.07317, -0.02418,  0.07862,  0.45971,  0.14458,  0.39487,  0.40423
11332, 4006, -0.07571, -0.03027,  0.08435,  0.36674,  0.17928,  0.3019,  0.38153
11333, 4007, -0.0775, -0.02429,  0.08187,  0.45971,  0.17928,  0.39487,  0.38153
11334, 4007, -0.0775, -0.02429,  0.08187,  0.45971,  0.17928,  0.39487,  0.38153
11335, 4006, -0.07571, -0.03027,  0.08435,  0.36674,  0.17928,  0.3019,  0.38153
11336, 4008, -0.07905, -0.03033,  0.08932,  0.36674,  0.21369,  0.3019,  0.35492
11337, 4007, -0.0775, -0.02429,  0.08187,  0.45971,  0.17928,  0.39487,  0.38153
11338, 4008, -0.07905, -0.03033,  0.08932,  0.36674,  0.21369,  0.3019,  0.35492
11339, 4009, -0.08109, -0.02374,  0.08652,  0.45971,  0.21369,  0.39487,  0.35492
11340, 4009, -0.08109, -0.02374,  0.08652,  0.45971,  0.21369,  0.39487,  0.35492
11341, 4008, -0.07905, -0.03033,  0.08932,  0.36674,  0.21369,  0.3019,  0.35492
11342, 4010, -0.081, -0.02929,  0.09567,  0.36674,  0.24261,  0.3019,  0.32037
11343, 4009, -0.08109, -0.02374,  0.08652,  0.45971,  0.21369,  0.39487,  0.35492
11344, 4010, -0.081, -0.02929,  0.09567,  0.36674,  0.24261,  0.3019,  0.32037
11345, 4011, -0.08341, -0.02222,  0.09277,  0.45971,  0.24261,  0.39487,  0.32037
11346, 4011, -0.08341, -0.02222,  0.09277,  0.45971,  0.24261,  0.39487,  0.32037
11347, 4010, -0.081, -0.02929,  0.09567,  0.36674,  0.24261,  0.3019,  0.32037
11348, 4012, -0.08171, -0.02716,  0.10336,  0.36674,  0.27536,  0.3019,  0.28098
11349, 4011, -0.08341, -0.02222,  0.09277,  0.45971,  0.24261,  0.39487,  0.32037
11350, 4012, -0.08171, -0.02716,  0.10336,  0.36674,  0.27536,  0.3019,  0.28098
11351, 4013, -0.08452, -0.01988,  0.10053,  0.45971,  0.27536,  0.39487,  0.28098
11352, 4013, -0.08452, -0.01988,  0.10053,  0.45971,  0.27536,  0.39487,  0.28098
11353, 4012, -0.08171, -0.02716,  0.10336,  0.36674,  0.27536,  0.3019,  0.28098
11354, 4014, -0.08136, -0.02394,  0.11234,  0.36674,  0.32126,  0.3019,  0.23985
11355, 4013, -0.08452, -0.01988,  0.10053,  0.45971,  0.27536,  0.39487,  0.28098
11356, 4014, -0.08136, -0.02394,  0.11234,  0.36674,  0.32126,  0.3019,  0.23985
11357, 4015, -0.08442, -0.01691,  0.10977,  0.45971,  0.32126,  0.39487,  0.23985
11358, 4015, -0.08442, -0.01691,  0.10977,  0.45971,  0.32126,  0.39487,  0.23985
11359, 4014, -0.08136, -0.02394,  0.11234,  0.36674,  0.32126,  0.3019,  0.23985
11360, 4016, -0.07996, -0.01977,  0.12146,  0.36674,  0.37657,  0.3019,  0.19864
11361, 4015, -0.08442, -0.01691,  0.10977,  0.45971,  0.32126,  0.39487,  0.23985
11362, 4016, -0.07996, -0.01977,  0.12146,  0.36674,  0.37657,  0.3019,  0.19864
11363, 4017, -0.08295, -0.01321,  0.11914,  0.45971,  0.37657,  0.39487,  0.19864
11364, 4017, -0.08295, -0.01321,  0.11914,  0.45971,  0.37657,  0.39487,  0.19864
11365, 4016, -0.07996, -0.01977,  0.12146,  0.36674,  0.37657,  0.3019,  0.19864
11366, 4018, -0.07755, -0.01475,  0.12956,  0.36674,  0.43757,  0.3019,  0.15898
11367, 4017, -0.08295, -0.01321,  0.11914,  0.45971,  0.37657,  0.39487,  0.19864
11368, 4018, -0.07755, -0.01475,  0.12956,  0.36674,  0.43757,  0.3019,  0.15898
11369, 4019, -0.07991, -0.00869,  0.12731,  0.45971,  0.43757,  0.39487,  0.15898
11370, 4019, -0.07991, -0.00869,  0.12731,  0.45971,  0.43757,  0.39487,  0.15898
11371, 4018, -0.07755, -0.01475,  0.12956,  0.36674,  0.43757,  0.3019,  0.15898
11372, 4020, -0.07459, -0.00999,  0.13604,  0.36674,  0.50361,  0.3019,  0.12441
11373, 4019, -0.07991, -0.00869,  0.12731,  0.45971,  0.43757,  0.39487,  0.15898
11374, 4020, -0.07459, -0.00999,  0.13604,  0.36674,  0.50361,  0.3019,  0.12441
11375, 4021, -0.07619, -0.00443,  0.1339,  0.45971,  0.50361,  0.39487,  0.12441
11376, 4021, -0.07619, -0.00443,  0.1339,  0.45971,  0.50361,  0.39487,  0.12441
11377, 4020, -0.07459, -0.00999,  0.13604,  0.36674,  0.50361,  0.3019,  0.12441
11378, 4022, -0.07151, -0.00658,  0.14033,  0.36674,  0.57406,  0.3019,  0.09845
11379, 4021, -0.07619, -0.00443,  0.1339,  0.45971,  0.50361,  0.39487,  0.12441
11380, 4022, -0.07151, -0.00658,  0.14033,  0.36674,  0.57406,  0.3019,  0.09845
11381, 4023, -0.07264, -0.0015,  0.1385,  0.45971,  0.57406,  0.39487,  0.09845
11382, 4023, -0.07264, -0.0015,  0.1385,  0.45971,  0.57406,  0.39487,  0.09845
11383, 4022, -0.07151, -0.00658,  0.14033,  0.36674,  0.57406,  0.3019,  0.09845
11384, 4024, -0.06847, -0.00436,  0.14281,  0.36674,  0.65822,  0.3019,  0.07716
11385, 4023, -0.07264, -0.0015,  0.1385,  0.45971,  0.57406,  0.39487,  0.09845
11386, 4024, -0.06847, -0.00436,  0.14281,  0.36674,  0.65822,  0.3019,  0.07716
11387, 4025, -0.06928,  0.00015,  0.14132,  0.45971,  0.65822,  0.39487,  0.07716
11388, 4025, -0.06928,  0.00015,  0.14132,  0.45971,  0.65822,  0.39487,  0.07716
11389, 4024, -0.06847, -0.00436,  0.14281,  0.36674,  0.65822,  0.3019,  0.07716
11390, 4026, -0.06559, -0.00318,  0.14392,  0.36674,  0.76539,  0.3019,  0.05661
11391, 4025, -0.06928,  0.00015,  0.14132,  0.45971,  0.65822,  0.39487,  0.07716
11392, 4026, -0.06559, -0.00318,  0.14392,  0.36674,  0.76539,  0.3019,  0.05661
11393, 4027, -0.06612,  0.00056,  0.14255,  0.45971,  0.76539,  0.39487,  0.05661
11394, 4027, -0.06612,  0.00056,  0.14255,  0.45971,  0.76539,  0.39487,  0.05661
11395, 4026, -0.06559, -0.00318,  0.14392,  0.36674,  0.76539,  0.3019,  0.05661
11396, 4028, -0.06279, -0.00252,  0.14433,  0.36674,  0.88406,  0.3019,  0.03642
11397, 4027, -0.06612,  0.00056,  0.14255,  0.45971,  0.76539,  0.39487,  0.05661
11398, 4028, -0.06279, -0.00252,  0.14433,  0.36674,  0.88406,  0.3019,  0.03642
11399, 4029, -0.06306,  0.00036,  0.14298,  0.45971,  0.88406,  0.39487,  0.03642
11400, 4030, -0.03284, -0.02517,  0.11689,  0.54044,  0.83394,  0.72385,  0.44799
11401, 4031, -0.03048, -0.0177,  0.11881,  0.54044,  0.87895,  0.72385,  0.4807
11402, 4032, -0.02395, -0.01287,  0.12845,  0.32834,  0.87895,  0.86485,  0.4807
11403, 4030, -0.03284, -0.02517,  0.11689,  0.54044,  0.83394,  0.72385,  0.44799
11404, 4032, -0.02395, -0.01287,  0.12845,  0.32834,  0.87895,  0.86485,  0.4807
11405, 4033, -0.02498, -0.01997,  0.12814,  0.32834,  0.83394,  0.86485,  0.44799
11406, 4034, -0.02877, -0.00942,  0.12123,  0.54044,  0.91794,  0.72385,  0.5123
11407, 4032, -0.02395, -0.01287,  0.12845,  0.32834,  0.87895,  0.86485,  0.4807
11408, 4031, -0.03048, -0.0177,  0.11881,  0.54044,  0.87895,  0.72385,  0.4807
11409, 4034, -0.02877, -0.00942,  0.12123,  0.54044,  0.91794,  0.72385,  0.5123
11410, 4035, -0.02341, -0.00552,  0.12877,  0.32834,  0.91794,  0.86485,  0.5123
11411, 4032, -0.02395, -0.01287,  0.12845,  0.32834,  0.87895,  0.86485,  0.4807
11412, 4033, -0.02498, -0.01997,  0.12814,  0.32834,  0.83394,  0.86485,  0.44799
11413, 4036, -0.0365, -0.03104,  0.11597,  0.54044,  0.77689,  0.72385,  0.41307
11414, 4030, -0.03284, -0.02517,  0.11689,  0.54044,  0.83394,  0.72385,  0.44799
11415, 4033, -0.02498, -0.01997,  0.12814,  0.32834,  0.83394,  0.86485,  0.44799
11416, 4037, -0.027, -0.02657,  0.12784,  0.32834,  0.77689,  0.86485,  0.41307
11417, 4036, -0.0365, -0.03104,  0.11597,  0.54044,  0.77689,  0.72385,  0.41307
11418, 4038, -0.04097, -0.03689,  0.11627,  0.54044,  0.71837,  0.72385,  0.37713
11419, 4036, -0.0365, -0.03104,  0.11597,  0.54044,  0.77689,  0.72385,  0.41307
11420, 4037, -0.027, -0.02657,  0.12784,  0.32834,  0.77689,  0.86485,  0.41307
11421, 4038, -0.04097, -0.03689,  0.11627,  0.54044,  0.71837,  0.72385,  0.37713
11422, 4037, -0.027, -0.02657,  0.12784,  0.32834,  0.77689,  0.86485,  0.41307
11423, 4039, -0.03022, -0.0333,  0.12837,  0.32834,  0.71837,  0.86485,  0.37713
11424, 4039, -0.03022, -0.0333,  0.12837,  0.32834,  0.71837,  0.86485,  0.37713
11425, 4040, -0.04579, -0.04433,  0.118,  0.54044,  0.66893,  0.72385,  0.34138
11426, 4038, -0.04097, -0.03689,  0.11627,  0.54044,  0.71837,  0.72385,  0.37713
11427, 4039, -0.03022, -0.0333,  0.12837,  0.32834,  0.71837,  0.86485,  0.37713
11428, 4041, -0.03485, -0.04079,  0.13055,  0.32834,  0.66893,  0.86485,  0.34138
11429, 4040, -0.04579, -0.04433,  0.118,  0.54044,  0.66893,  0.72385,  0.34138
11430, 4042, -0.05097, -0.04979,  0.12075,  0.54044,  0.61626,  0.72385,  0.30578
11431, 4040, -0.04579, -0.04433,  0.118,  0.54044,  0.66893,  0.72385,  0.34138
11432, 4041, -0.03485, -0.04079,  0.13055,  0.32834,  0.66893,  0.86485,  0.34138
11433, 4042, -0.05097, -0.04979,  0.12075,  0.54044,  0.61626,  0.72385,  0.30578
11434, 4041, -0.03485, -0.04079,  0.13055,  0.32834,  0.66893,  0.86485,  0.34138
11435, 4043, -0.04062, -0.0461,  0.13355,  0.32834,  0.61626,  0.86485,  0.30578
11436, 4043, -0.04062, -0.0461,  0.13355,  0.32834,  0.61626,  0.86485,  0.30578
11437, 4044, -0.05651, -0.04971,  0.12407,  0.54044,  0.54804,  0.72385,  0.27026
11438, 4042, -0.05097, -0.04979,  0.12075,  0.54044,  0.61626,  0.72385,  0.30578
11439, 4043, -0.04062, -0.0461,  0.13355,  0.32834,  0.61626,  0.86485,  0.30578
11440, 4045, -0.04724, -0.04628,  0.13657,  0.32834,  0.54804,  0.86485,  0.27026
11441, 4044, -0.05651, -0.04971,  0.12407,  0.54044,  0.54804,  0.72385,  0.27026
11442, 4046, -0.06161, -0.0454,  0.12769,  0.54044,  0.47656,  0.72385,  0.23461
11443, 4044, -0.05651, -0.04971,  0.12407,  0.54044,  0.54804,  0.72385,  0.27026
11444, 4045, -0.04724, -0.04628,  0.13657,  0.32834,  0.54804,  0.86485,  0.27026
11445, 4046, -0.06161, -0.0454,  0.12769,  0.54044,  0.47656,  0.72385,  0.23461
11446, 4045, -0.04724, -0.04628,  0.13657,  0.32834,  0.54804,  0.86485,  0.27026
11447, 4047, -0.05379, -0.04259,  0.13966,  0.32834,  0.47656,  0.86485,  0.23461
11448, 4047, -0.05379, -0.04259,  0.13966,  0.32834,  0.47656,  0.86485,  0.23461
11449, 4048, -0.06542, -0.03818,  0.13133,  0.54044,  0.41414,  0.72385,  0.19863
11450, 4046, -0.06161, -0.0454,  0.12769,  0.54044,  0.47656,  0.72385,  0.23461
11451, 4047, -0.05379, -0.04259,  0.13966,  0.32834,  0.47656,  0.86485,  0.23461
11452, 4049, -0.05931, -0.03631,  0.14287,  0.32834,  0.41414,  0.86485,  0.19863
11453, 4048, -0.06542, -0.03818,  0.13133,  0.54044,  0.41414,  0.72385,  0.19863
11454, 4050, -0.0682, -0.02966,  0.13466,  0.54044,  0.35394,  0.72385,  0.16348
11455, 4048, -0.06542, -0.03818,  0.13133,  0.54044,  0.41414,  0.72385,  0.19863
11456, 4049, -0.05931, -0.03631,  0.14287,  0.32834,  0.41414,  0.86485,  0.19863
11457, 4050, -0.0682, -0.02966,  0.13466,  0.54044,  0.35394,  0.72385,  0.16348
11458, 4049, -0.05931, -0.03631,  0.14287,  0.32834,  0.41414,  0.86485,  0.19863
11459, 4051, -0.06347, -0.0287,  0.14555,  0.32834,  0.35394,  0.86485,  0.16348
11460, 4051, -0.06347, -0.0287,  0.14555,  0.32834,  0.35394,  0.86485,  0.16348
11461, 4052, -0.07019, -0.02145,  0.13737,  0.54044,  0.28915,  0.72385,  0.1303
11462, 4050, -0.0682, -0.02966,  0.13466,  0.54044,  0.35394,  0.72385,  0.16348
11463, 4051, -0.06347, -0.0287,  0.14555,  0.32834,  0.35394,  0.86485,  0.16348
11464, 4053, -0.06594, -0.02101,  0.14703,  0.32834,  0.28915,  0.86485,  0.1303
11465, 4052, -0.07019, -0.02145,  0.13737,  0.54044,  0.28915,  0.72385,  0.1303
11466, 4054, -0.071, -0.01373,  0.13911,  0.54044,  0.22451,  0.72385,  0.09929
11467, 4052, -0.07019, -0.02145,  0.13737,  0.54044,  0.28915,  0.72385,  0.1303
11468, 4053, -0.06594, -0.02101,  0.14703,  0.32834,  0.28915,  0.86485,  0.1303
11469, 4054, -0.071, -0.01373,  0.13911,  0.54044,  0.22451,  0.72385,  0.09929
11470, 4053, -0.06594, -0.02101,  0.14703,  0.32834,  0.28915,  0.86485,  0.1303
11471, 4055, -0.0668, -0.0136,  0.14727,  0.32834,  0.22451,  0.86485,  0.09929
11472, 4055, -0.0668, -0.0136,  0.14727,  0.32834,  0.22451,  0.86485,  0.09929
11473, 4056, -0.07024, -0.00664,  0.13953,  0.54044,  0.16477,  0.72385,  0.07064
11474, 4054, -0.071, -0.01373,  0.13911,  0.54044,  0.22451,  0.72385,  0.09929
11475, 4055, -0.0668, -0.0136,  0.14727,  0.32834,  0.22451,  0.86485,  0.09929
11476, 4057, -0.06612, -0.00685,  0.14622,  0.32834,  0.16477,  0.86485,  0.07064
11477, 4056, -0.07024, -0.00664,  0.13953,  0.54044,  0.16477,  0.72385,  0.07064
11478, 4058, -0.06871,  0.00013,  0.13929,  0.54044,  0.10747,  0.72385,  0.04317
11479, 4056, -0.07024, -0.00664,  0.13953,  0.54044,  0.16477,  0.72385,  0.07064
11480, 4057, -0.06612, -0.00685,  0.14622,  0.32834,  0.16477,  0.86485,  0.07064
11481, 4058, -0.06871,  0.00013,  0.13929,  0.54044,  0.10747,  0.72385,  0.04317
11482, 4057, -0.06612, -0.00685,  0.14622,  0.32834,  0.16477,  0.86485,  0.07064
11483, 4059, -0.06467, -0.00043,  0.14453,  0.32834,  0.10747,  0.86485,  0.04317
11484, 4060, -0.042, -0.02363,  0.1089,  0.3784,  0.80257,  0.87228,  0.50625
11485, 4061, -0.03652, -0.01795,  0.11168,  0.3784,  0.86189,  0.87228,  0.54928
11486, 4062, -0.03135, -0.02069,  0.1184,  0.5111,  0.86189,  0.77156,  0.54928
11487, 4060, -0.042, -0.02363,  0.1089,  0.3784,  0.80257,  0.87228,  0.50625
11488, 4062, -0.03135, -0.02069,  0.1184,  0.5111,  0.86189,  0.77156,  0.54928
11489, 4063, -0.03595, -0.02677,  0.11482,  0.5111,  0.80257,  0.77156,  0.50625
11490, 4064, -0.03069, -0.01241,  0.11498,  0.3784,  0.92275,  0.87228,  0.59343
11491, 4062, -0.03135, -0.02069,  0.1184,  0.5111,  0.86189,  0.77156,  0.54928
11492, 4061, -0.03652, -0.01795,  0.11168,  0.3784,  0.86189,  0.87228,  0.54928
11493, 4064, -0.03069, -0.01241,  0.11498,  0.3784,  0.92275,  0.87228,  0.59343
11494, 4065, -0.02673, -0.01451,  0.12337,  0.5111,  0.92275,  0.77156,  0.59343
11495, 4062, -0.03135, -0.02069,  0.1184,  0.5111,  0.86189,  0.77156,  0.54928
11496, 4063, -0.03595, -0.02677,  0.11482,  0.5111,  0.80257,  0.77156,  0.50625
11497, 4066, -0.04676, -0.02958,  0.10719,  0.3784,  0.74636,  0.87228,  0.46547
11498, 4060, -0.042, -0.02363,  0.1089,  0.3784,  0.80257,  0.87228,  0.50625
11499, 4063, -0.03595, -0.02677,  0.11482,  0.5111,  0.80257,  0.77156,  0.50625
11500, 4067, -0.04054, -0.03265,  0.11405,  0.5111,  0.74636,  0.77156,  0.46547
11501, 4066, -0.04676, -0.02958,  0.10719,  0.3784,  0.74636,  0.87228,  0.46547
11502, 4068, -0.05166, -0.03544,  0.10654,  0.3784,  0.69203,  0.87228,  0.42607
11503, 4066, -0.04676, -0.02958,  0.10719,  0.3784,  0.74636,  0.87228,  0.46547
11504, 4067, -0.04054, -0.03265,  0.11405,  0.5111,  0.74636,  0.77156,  0.46547
11505, 4068, -0.05166, -0.03544,  0.10654,  0.3784,  0.69203,  0.87228,  0.42607
11506, 4067, -0.04054, -0.03265,  0.11405,  0.5111,  0.74636,  0.77156,  0.46547
11507, 4069, -0.04543, -0.03848,  0.11484,  0.5111,  0.69203,  0.77156,  0.42607
11508, 4069, -0.04543, -0.03848,  0.11484,  0.5111,  0.69203,  0.77156,  0.42607
11509, 4070, -0.05755, -0.04085,  0.10698,  0.3784,  0.63839,  0.87228,  0.38715
11510, 4068, -0.05166, -0.03544,  0.10654,  0.3784,  0.69203,  0.87228,  0.42607
11511, 4069, -0.04543, -0.03848,  0.11484,  0.5111,  0.69203,  0.77156,  0.42607
11512, 4071, -0.05094, -0.04437,  0.11597,  0.5111,  0.63839,  0.77156,  0.38715
11513, 4070, -0.05755, -0.04085,  0.10698,  0.3784,  0.63839,  0.87228,  0.38715
11514, 4072, -0.0634, -0.04403,  0.10864,  0.3784,  0.58393,  0.87228,  0.34764
11515, 4070, -0.05755, -0.04085,  0.10698,  0.3784,  0.63839,  0.87228,  0.38715
11516, 4071, -0.05094, -0.04437,  0.11597,  0.5111,  0.63839,  0.77156,  0.38715
11517, 4072, -0.0634, -0.04403,  0.10864,  0.3784,  0.58393,  0.87228,  0.34764
11518, 4071, -0.05094, -0.04437,  0.11597,  0.5111,  0.63839,  0.77156,  0.38715
11519, 4073, -0.05647, -0.04853,  0.11802,  0.5111,  0.58393,  0.77156,  0.34764
11520, 4073, -0.05647, -0.04853,  0.11802,  0.5111,  0.58393,  0.77156,  0.34764
11521, 4074, -0.0682, -0.04325,  0.11166,  0.3784,  0.52714,  0.87228,  0.30645
11522, 4072, -0.0634, -0.04403,  0.10864,  0.3784,  0.58393,  0.87228,  0.34764
11523, 4073, -0.05647, -0.04853,  0.11802,  0.5111,  0.58393,  0.77156,  0.34764
11524, 4075, -0.06138, -0.04917,  0.12156,  0.5111,  0.52714,  0.77156,  0.30645
11525, 4074, -0.0682, -0.04325,  0.11166,  0.3784,  0.52714,  0.87228,  0.30645
11526, 4076, -0.07169, -0.03954,  0.11624,  0.3784,  0.47009,  0.87228,  0.26506
11527, 4074, -0.0682, -0.04325,  0.11166,  0.3784,  0.52714,  0.87228,  0.30645
11528, 4075, -0.06138, -0.04917,  0.12156,  0.5111,  0.52714,  0.77156,  0.30645
11529, 4076, -0.07169, -0.03954,  0.11624,  0.3784,  0.47009,  0.87228,  0.26506
11530, 4075, -0.06138, -0.04917,  0.12156,  0.5111,  0.52714,  0.77156,  0.30645
11531, 4077, -0.06552, -0.04637,  0.12634,  0.5111,  0.47009,  0.77156,  0.26506
11532, 4077, -0.06552, -0.04637,  0.12634,  0.5111,  0.47009,  0.77156,  0.26506
11533, 4078, -0.07362, -0.03396,  0.12256,  0.3784,  0.41484,  0.87228,  0.22499
11534, 4076, -0.07169, -0.03954,  0.11624,  0.3784,  0.47009,  0.87228,  0.26506
11535, 4077, -0.06552, -0.04637,  0.12634,  0.5111,  0.47009,  0.77156,  0.26506
11536, 4079, -0.06871, -0.04022,  0.13215,  0.5111,  0.41484,  0.77156,  0.22499
11537, 4078, -0.07362, -0.03396,  0.12256,  0.3784,  0.41484,  0.87228,  0.22499
11538, 4080, -0.07477, -0.02707,  0.12939,  0.3784,  0.36106,  0.87228,  0.18597
11539, 4078, -0.07362, -0.03396,  0.12256,  0.3784,  0.41484,  0.87228,  0.22499
11540, 4079, -0.06871, -0.04022,  0.13215,  0.5111,  0.41484,  0.77156,  0.22499
11541, 4080, -0.07477, -0.02707,  0.12939,  0.3784,  0.36106,  0.87228,  0.18597
11542, 4079, -0.06871, -0.04022,  0.13215,  0.5111,  0.41484,  0.77156,  0.22499
11543, 4081, -0.07084, -0.03205,  0.1379,  0.5111,  0.36106,  0.77156,  0.18597
11544, 4081, -0.07084, -0.03205,  0.1379,  0.5111,  0.36106,  0.77156,  0.18597
11545, 4082, -0.07591, -0.01942,  0.13548,  0.3784,  0.30839,  0.87228,  0.14776
11546, 4080, -0.07477, -0.02707,  0.12939,  0.3784,  0.36106,  0.87228,  0.18597
11547, 4081, -0.07084, -0.03205,  0.1379,  0.5111,  0.36106,  0.77156,  0.18597
11548, 4083, -0.0718, -0.02322,  0.14253,  0.5111,  0.30839,  0.77156,  0.14776
11549, 4082, -0.07591, -0.01942,  0.13548,  0.3784,  0.30839,  0.87228,  0.14776
11550, 4084, -0.07551, -0.01178,  0.1398,  0.3784,  0.25607,  0.87228,  0.11022
11551, 4082, -0.07591, -0.01942,  0.13548,  0.3784,  0.30839,  0.87228,  0.14776
11552, 4083, -0.0718, -0.02322,  0.14253,  0.5111,  0.30839,  0.77156,  0.14776
11553, 4084, -0.07551, -0.01178,  0.1398,  0.3784,  0.25607,  0.87228,  0.11022
11554, 4083, -0.0718, -0.02322,  0.14253,  0.5111,  0.30839,  0.77156,  0.14776
11555, 4085, -0.07116, -0.01485,  0.14543,  0.5111,  0.25607,  0.77156,  0.11022
11556, 4085, -0.07116, -0.01485,  0.14543,  0.5111,  0.25607,  0.77156,  0.11022
11557, 4086, -0.072, -0.00493,  0.14127,  0.3784,  0.20332,  0.87228,  0.0732
11558, 4084, -0.07551, -0.01178,  0.1398,  0.3784,  0.25607,  0.87228,  0.11022
11559, 4085, -0.07116, -0.01485,  0.14543,  0.5111,  0.25607,  0.77156,  0.11022
11560, 4087, -0.0685, -0.00808,  0.14596,  0.5111,  0.20332,  0.77156,  0.0732
11561, 4086, -0.072, -0.00493,  0.14127,  0.3784,  0.20332,  0.87228,  0.0732
11562, 4088, -0.06694,  0.00153,  0.14132,  0.3784,  0.15036,  0.87228,  0.03644
11563, 4086, -0.072, -0.00493,  0.14127,  0.3784,  0.20332,  0.87228,  0.0732
11564, 4087, -0.0685, -0.00808,  0.14596,  0.5111,  0.20332,  0.77156,  0.0732
11565, 4088, -0.06694,  0.00153,  0.14132,  0.3784,  0.15036,  0.87228,  0.03644
11566, 4087, -0.0685, -0.00808,  0.14596,  0.5111,  0.20332,  0.77156,  0.0732
11567, 4089, -0.06483, -0.00209,  0.1453,  0.5111,  0.15036,  0.77156,  0.03644
11568, 4090, -0.04016, -0.02487,  0.11128,  0.33475,  0.81498,  0.14015,  0.51125
11569, 4091, -0.03736, -0.01892,  0.11267,  0.33475,  0.85361,  0.14015,  0.55119
11570, 4092, -0.02926, -0.01863,  0.1207,  0.1541,  0.85361,  0.3208,  0.55119
11571, 4090, -0.04016, -0.02487,  0.11128,  0.33475,  0.81498,  0.14015,  0.51125
11572, 4092, -0.02926, -0.01863,  0.1207,  0.1541,  0.85361,  0.3208,  0.55119
11573, 4093, -0.03152, -0.02503,  0.11951,  0.1541,  0.81498,  0.3208,  0.51125
11574, 4094, -0.03525, -0.01248,  0.11399,  0.33475,  0.88977,  0.14015,  0.59115
11575, 4092, -0.02926, -0.01863,  0.1207,  0.1541,  0.85361,  0.3208,  0.55119
11576, 4091, -0.03736, -0.01892,  0.11267,  0.33475,  0.85361,  0.14015,  0.55119
11577, 4094, -0.03525, -0.01248,  0.11399,  0.33475,  0.88977,  0.14015,  0.59115
11578, 4095, -0.0278, -0.01177,  0.12194,  0.1541,  0.88977,  0.3208,  0.59115
11579, 4092, -0.02926, -0.01863,  0.1207,  0.1541,  0.85361,  0.3208,  0.55119
11580, 4093, -0.03152, -0.02503,  0.11951,  0.1541,  0.81498,  0.3208,  0.51125
11581, 4096, -0.04434, -0.02985,  0.10978,  0.33475,  0.7714,  0.14015,  0.47136
11582, 4090, -0.04016, -0.02487,  0.11128,  0.33475,  0.81498,  0.14015,  0.51125
11583, 4093, -0.03152, -0.02503,  0.11951,  0.1541,  0.81498,  0.3208,  0.51125
11584, 4097, -0.03539, -0.03047,  0.11846,  0.1541,  0.7714,  0.3208,  0.47136
11585, 4096, -0.04434, -0.02985,  0.10978,  0.33475,  0.7714,  0.14015,  0.47136
11586, 4098, -0.04946, -0.03384,  0.10902,  0.33475,  0.72468,  0.14015,  0.43091
11587, 4096, -0.04434, -0.02985,  0.10978,  0.33475,  0.7714,  0.14015,  0.47136
11588, 4097, -0.03539, -0.03047,  0.11846,  0.1541,  0.7714,  0.3208,  0.47136
11589, 4098, -0.04946, -0.03384,  0.10902,  0.33475,  0.72468,  0.14015,  0.43091
11590, 4097, -0.03539, -0.03047,  0.11846,  0.1541,  0.7714,  0.3208,  0.47136
11591, 4099, -0.04041, -0.03497,  0.11824,  0.1541,  0.72468,  0.3208,  0.43091
11592, 4099, -0.04041, -0.03497,  0.11824,  0.1541,  0.72468,  0.3208,  0.43091
11593, 4100, -0.05511, -0.03685,  0.10987,  0.33475,  0.67663,  0.14015,  0.38932
11594, 4098, -0.04946, -0.03384,  0.10902,  0.33475,  0.72468,  0.14015,  0.43091
11595, 4099, -0.04041, -0.03497,  0.11824,  0.1541,  0.72468,  0.3208,  0.43091
11596, 4101, -0.04616, -0.03849,  0.1196,  0.1541,  0.67663,  0.3208,  0.38932
11597, 4100, -0.05511, -0.03685,  0.10987,  0.33475,  0.67663,  0.14015,  0.38932
11598, 4102, -0.06025, -0.03844,  0.11221,  0.33475,  0.6277,  0.14015,  0.34696
11599, 4100, -0.05511, -0.03685,  0.10987,  0.33475,  0.67663,  0.14015,  0.38932
11600, 4101, -0.04616, -0.03849,  0.1196,  0.1541,  0.67663,  0.3208,  0.38932
11601, 4102, -0.06025, -0.03844,  0.11221,  0.33475,  0.6277,  0.14015,  0.34696
11602, 4101, -0.04616, -0.03849,  0.1196,  0.1541,  0.67663,  0.3208,  0.38932
11603, 4103, -0.05161, -0.04022,  0.12234,  0.1541,  0.6277,  0.3208,  0.34696
11604, 4103, -0.05161, -0.04022,  0.12234,  0.1541,  0.6277,  0.3208,  0.34696
11605, 4104, -0.06388, -0.03818,  0.11593,  0.33475,  0.57833,  0.14015,  0.30422
11606, 4102, -0.06025, -0.03844,  0.11221,  0.33475,  0.6277,  0.14015,  0.34696
11607, 4103, -0.05161, -0.04022,  0.12234,  0.1541,  0.6277,  0.3208,  0.34696
11608, 4105, -0.05576, -0.03934,  0.12626,  0.1541,  0.57833,  0.3208,  0.30422
11609, 4104, -0.06388, -0.03818,  0.11593,  0.33475,  0.57833,  0.14015,  0.30422
11610, 4106, -0.06628, -0.03574,  0.12077,  0.33475,  0.52898,  0.14015,  0.2615
11611, 4104, -0.06388, -0.03818,  0.11593,  0.33475,  0.57833,  0.14015,  0.30422
11612, 4105, -0.05576, -0.03934,  0.12626,  0.1541,  0.57833,  0.3208,  0.30422
11613, 4106, -0.06628, -0.03574,  0.12077,  0.33475,  0.52898,  0.14015,  0.2615
11614, 4105, -0.05576, -0.03934,  0.12626,  0.1541,  0.57833,  0.3208,  0.30422
11615, 4107, -0.05892, -0.03605,  0.13111,  0.1541,  0.52898,  0.3208,  0.2615
11616, 4107, -0.05892, -0.03605,  0.13111,  0.1541,  0.52898,  0.3208,  0.2615
11617, 4108, -0.06779, -0.03082,  0.1265,  0.33475,  0.4801,  0.14015,  0.21918
11618, 4106, -0.06628, -0.03574,  0.12077,  0.33475,  0.52898,  0.14015,  0.2615
11619, 4107, -0.05892, -0.03605,  0.13111,  0.1541,  0.52898,  0.3208,  0.2615
11620, 4109, -0.06141, -0.03056,  0.13667,  0.1541,  0.4801,  0.3208,  0.21918
11621, 4108, -0.06779, -0.03082,  0.1265,  0.33475,  0.4801,  0.14015,  0.21918
11622, 4110, -0.06875, -0.02429,  0.132,  0.33475,  0.42438,  0.14015,  0.17868
11623, 4108, -0.06779, -0.03082,  0.1265,  0.33475,  0.4801,  0.14015,  0.21918
11624, 4109, -0.06141, -0.03056,  0.13667,  0.1541,  0.4801,  0.3208,  0.21918
11625, 4110, -0.06875, -0.02429,  0.132,  0.33475,  0.42438,  0.14015,  0.17868
11626, 4109, -0.06141, -0.03056,  0.13667,  0.1541,  0.4801,  0.3208,  0.21918
11627, 4111, -0.06334, -0.02402,  0.14173,  0.1541,  0.42438,  0.3208,  0.17868
11628, 4111, -0.06334, -0.02402,  0.14173,  0.1541,  0.42438,  0.3208,  0.17868
11629, 4112, -0.06953, -0.01701,  0.13614,  0.33475,  0.35452,  0.14015,  0.14143
11630, 4110, -0.06875, -0.02429,  0.132,  0.33475,  0.42438,  0.14015,  0.17868
11631, 4111, -0.06334, -0.02402,  0.14173,  0.1541,  0.42438,  0.3208,  0.17868
11632, 4113, -0.06477, -0.01763,  0.14511,  0.1541,  0.35452,  0.3208,  0.14143
11633, 4112, -0.06953, -0.01701,  0.13614,  0.33475,  0.35452,  0.14015,  0.14143
11634, 4114, -0.06948, -0.00964,  0.13869,  0.33475,  0.26238,  0.14015,  0.10574
11635, 4112, -0.06953, -0.01701,  0.13614,  0.33475,  0.35452,  0.14015,  0.14143
11636, 4113, -0.06477, -0.01763,  0.14511,  0.1541,  0.35452,  0.3208,  0.14143
11637, 4114, -0.06948, -0.00964,  0.13869,  0.33475,  0.26238,  0.14015,  0.10574
11638, 4113, -0.06477, -0.01763,  0.14511,  0.1541,  0.35452,  0.3208,  0.14143
11639, 4115, -0.0651, -0.01108,  0.14664,  0.1541,  0.26238,  0.3208,  0.10574
11640, 4115, -0.0651, -0.01108,  0.14664,  0.1541,  0.26238,  0.3208,  0.10574
11641, 4116, -0.06796, -0.00279,  0.13942,  0.33475,  0.13981,  0.14015,  0.06997
11642, 4114, -0.06948, -0.00964,  0.13869,  0.33475,  0.26238,  0.14015,  0.10574
11643, 4115, -0.0651, -0.01108,  0.14664,  0.1541,  0.26238,  0.3208,  0.10574
11644, 4117, -0.06372, -0.00409,  0.14614,  0.1541,  0.13981,  0.3208,  0.06997
11645, 4116, -0.06796, -0.00279,  0.13942,  0.33475,  0.13981,  0.14015,  0.06997
11646, 4118, -0.0657,  0.0038,  0.13923,  0.33475,  0.00202,  0.14015,  0.03416
11647, 4116, -0.06796, -0.00279,  0.13942,  0.33475,  0.13981,  0.14015,  0.06997
11648, 4117, -0.06372, -0.00409,  0.14614,  0.1541,  0.13981,  0.3208,  0.06997
11649, 4118, -0.0657,  0.0038,  0.13923,  0.33475,  0.00202,  0.14015,  0.03416
11650, 4117, -0.06372, -0.00409,  0.14614,  0.1541,  0.13981,  0.3208,  0.06997
11651, 4119, -0.06149,  0.00312,  0.14462,  0.1541,  0.00202,  0.3208,  0.03416
11652, 4120, -0.05088,  0.01297,  0.09375,  0.24128,  0.83912,  0.21165,  0.51772
11653, 4121, -0.04741,  0.00951,  0.09639,  0.24128,  0.86649,  0.21165,  0.55429
11654, 4122, -0.04898,  0.00151,  0.09543,  0.13213,  0.86649,  0.3208,  0.55429
11655, 4120, -0.05088,  0.01297,  0.09375,  0.24128,  0.83912,  0.21165,  0.51772
11656, 4122, -0.04898,  0.00151,  0.09543,  0.13213,  0.86649,  0.3208,  0.55429
11657, 4123, -0.05347,  0.00316,  0.09268,  0.13213,  0.83912,  0.3208,  0.51772
11658, 4124, -0.04397,  0.00573,  0.09932,  0.24128,  0.88977,  0.21165,  0.59115
11659, 4122, -0.04898,  0.00151,  0.09543,  0.13213,  0.86649,  0.3208,  0.55429
11660, 4121, -0.04741,  0.00951,  0.09639,  0.24128,  0.86649,  0.21165,  0.55429
11661, 4124, -0.04397,  0.00573,  0.09932,  0.24128,  0.88977,  0.21165,  0.59115
11662, 4125, -0.04445, -0.00025,  0.09832,  0.13213,  0.88977,  0.3208,  0.59115
11663, 4122, -0.04898,  0.00151,  0.09543,  0.13213,  0.86649,  0.3208,  0.55429
11664, 4123, -0.05347,  0.00316,  0.09268,  0.13213,  0.83912,  0.3208,  0.51772
11665, 4126, -0.05443,  0.01578,  0.09168,  0.24128,  0.80353,  0.21165,  0.48173
11666, 4120, -0.05088,  0.01297,  0.09375,  0.24128,  0.83912,  0.21165,  0.51772
11667, 4123, -0.05347,  0.00316,  0.09268,  0.13213,  0.83912,  0.3208,  0.51772
11668, 4127, -0.05788,  0.00459,  0.09024,  0.13213,  0.80353,  0.3208,  0.48173
11669, 4126, -0.05443,  0.01578,  0.09168,  0.24128,  0.80353,  0.21165,  0.48173
11670, 4128, -0.05814,  0.01794,  0.09041,  0.24128,  0.76637,  0.21165,  0.4483
11671, 4126, -0.05443,  0.01578,  0.09168,  0.24128,  0.80353,  0.21165,  0.48173
11672, 4127, -0.05788,  0.00459,  0.09024,  0.13213,  0.80353,  0.3208,  0.48173
11673, 4128, -0.05814,  0.01794,  0.09041,  0.24128,  0.76637,  0.21165,  0.4483
11674, 4127, -0.05788,  0.00459,  0.09024,  0.13213,  0.80353,  0.3208,  0.48173
11675, 4129, -0.0621,  0.00562,  0.08852,  0.13213,  0.76658,  0.3208,  0.44849
11676, 4129, -0.0621,  0.00562,  0.08852,  0.13213,  0.76658,  0.3208,  0.44849
11677, 4130, -0.06205,  0.01945,  0.09012,  0.24128,  0.73424,  0.21165,  0.4194
11678, 4128, -0.05814,  0.01794,  0.09041,  0.24128,  0.76637,  0.21165,  0.4483
11679, 4129, -0.0621,  0.00562,  0.08852,  0.13213,  0.76658,  0.3208,  0.44849
11680, 4131, -0.066,  0.0061,  0.08791,  0.13213,  0.7351,  0.3208,  0.42017
11681, 4130, -0.06205,  0.01945,  0.09012,  0.24128,  0.73424,  0.21165,  0.4194
11682, 4132, -0.06612,  0.02056,  0.0907,  0.24128,  0.7049,  0.21165,  0.393
11683, 4130, -0.06205,  0.01945,  0.09012,  0.24128,  0.73424,  0.21165,  0.4194
11684, 4131, -0.066,  0.0061,  0.08791,  0.13213,  0.7351,  0.3208,  0.42017
11685, 4132, -0.06612,  0.02056,  0.0907,  0.24128,  0.7049,  0.21165,  0.393
11686, 4131, -0.066,  0.0061,  0.08791,  0.13213,  0.7351,  0.3208,  0.42017
11687, 4133, -0.06988,  0.00627,  0.0883,  0.13213,  0.70607,  0.3208,  0.39408
11688, 4133, -0.06988,  0.00627,  0.0883,  0.13213,  0.70607,  0.3208,  0.39408
11689, 4134, -0.07028,  0.02152,  0.09201,  0.24128,  0.67607,  0.21165,  0.36706
11690, 4132, -0.06612,  0.02056,  0.0907,  0.24128,  0.7049,  0.21165,  0.393
11691, 4133, -0.06988,  0.00627,  0.0883,  0.13213,  0.70607,  0.3208,  0.39408
11692, 4135, -0.07402,  0.00639,  0.08956,  0.13213,  0.67647,  0.3208,  0.36753
11693, 4134, -0.07028,  0.02152,  0.09201,  0.24128,  0.67607,  0.21165,  0.36706
11694, 4136, -0.07767,  0.00639,  0.09183,  0.13213,  0.64209,  0.3208,  0.33951
11695, 4134, -0.07028,  0.02152,  0.09201,  0.24128,  0.67607,  0.21165,  0.36706
11696, 4135, -0.07402,  0.00639,  0.08956,  0.13213,  0.67647,  0.3208,  0.36753
11697, 4136, -0.07767,  0.00639,  0.09183,  0.13213,  0.64209,  0.3208,  0.33951
11698, 4137, -0.07371,  0.02202,  0.09425,  0.24128,  0.64257,  0.21165,  0.33977
11699, 4134, -0.07028,  0.02152,  0.09201,  0.24128,  0.67607,  0.21165,  0.36706
11700, 4137, -0.07371,  0.02202,  0.09425,  0.24128,  0.64257,  0.21165,  0.33977
11701, 4136, -0.07767,  0.00639,  0.09183,  0.13213,  0.64209,  0.3208,  0.33951
11702, 4138, -0.08008,  0.00622,  0.09527,  0.13213,  0.59871,  0.3208,  0.30899
11703, 4137, -0.07371,  0.02202,  0.09425,  0.24128,  0.64257,  0.21165,  0.33977
11704, 4138, -0.08008,  0.00622,  0.09527,  0.13213,  0.59871,  0.3208,  0.30899
11705, 4139, -0.07558,  0.02174,  0.09762,  0.24128,  0.59917,  0.21165,  0.30929
11706, 4140, -0.07625,  0.02029,  0.10308,  0.24128,  0.55154,  0.21165,  0.27425
11707, 4139, -0.07558,  0.02174,  0.09762,  0.24128,  0.59917,  0.21165,  0.30929
11708, 4138, -0.08008,  0.00622,  0.09527,  0.13213,  0.59871,  0.3208,  0.30899
11709, 4140, -0.07625,  0.02029,  0.10308,  0.24128,  0.55154,  0.21165,  0.27425
11710, 4138, -0.08008,  0.00622,  0.09527,  0.13213,  0.59871,  0.3208,  0.30899
11711, 4141, -0.08122,  0.00557,  0.10056,  0.13213,  0.55143,  0.3208,  0.27417
11712, 4141, -0.08122,  0.00557,  0.10056,  0.13213,  0.55143,  0.3208,  0.27417
11713, 4142, -0.07607,  0.01724,  0.11161,  0.24128,  0.50533,  0.21165,  0.23328
11714, 4140, -0.07625,  0.02029,  0.10308,  0.24128,  0.55154,  0.21165,  0.27425
11715, 4141, -0.08122,  0.00557,  0.10056,  0.13213,  0.55143,  0.3208,  0.27417
11716, 4143, -0.08103,  0.00418,  0.1084,  0.13213,  0.50533,  0.3208,  0.23328
11717, 4142, -0.07607,  0.01724,  0.11161,  0.24128,  0.50533,  0.21165,  0.23328
11718, 4144, -0.07518,  0.01353,  0.12101,  0.24128,  0.45044,  0.21165,  0.19035
11719, 4142, -0.07607,  0.01724,  0.11161,  0.24128,  0.50533,  0.21165,  0.23328
11720, 4143, -0.08103,  0.00418,  0.1084,  0.13213,  0.50533,  0.3208,  0.23328
11721, 4144, -0.07518,  0.01353,  0.12101,  0.24128,  0.45044,  0.21165,  0.19035
11722, 4143, -0.08103,  0.00418,  0.1084,  0.13213,  0.50533,  0.3208,  0.23328
11723, 4145, -0.07966,  0.00227,  0.1173,  0.13213,  0.45044,  0.3208,  0.19035
11724, 4145, -0.07966,  0.00227,  0.1173,  0.13213,  0.45044,  0.3208,  0.19035
11725, 4146, -0.0737,  0.01008,  0.12907,  0.24128,  0.37679,  0.21165,  0.1494
11726, 4144, -0.07518,  0.01353,  0.12101,  0.24128,  0.45044,  0.21165,  0.19035
11727, 4145, -0.07966,  0.00227,  0.1173,  0.13213,  0.45044,  0.3208,  0.19035
11728, 4147, -0.07726,  0.00008,  0.12577,  0.13213,  0.37679,  0.3208,  0.1494
11729, 4146, -0.0737,  0.01008,  0.12907,  0.24128,  0.37679,  0.21165,  0.1494
11730, 4148, -0.07122,  0.00693,  0.13559,  0.24128,  0.27805,  0.21165,  0.11003
11731, 4146, -0.0737,  0.01008,  0.12907,  0.24128,  0.37679,  0.21165,  0.1494
11732, 4147, -0.07726,  0.00008,  0.12577,  0.13213,  0.37679,  0.3208,  0.1494
11733, 4148, -0.07122,  0.00693,  0.13559,  0.24128,  0.27805,  0.21165,  0.11003
11734, 4147, -0.07726,  0.00008,  0.12577,  0.13213,  0.37679,  0.3208,  0.1494
11735, 4149, -0.07386, -0.0021,  0.13313,  0.13213,  0.27805,  0.3208,  0.11003
11736, 4149, -0.07386, -0.0021,  0.13313,  0.13213,  0.27805,  0.3208,  0.11003
11737, 4150, -0.06731,  0.00411,  0.14035,  0.24128,  0.14789,  0.21165,  0.07181
11738, 4148, -0.07122,  0.00693,  0.13559,  0.24128,  0.27805,  0.21165,  0.11003
11739, 4149, -0.07386, -0.0021,  0.13313,  0.13213,  0.27805,  0.3208,  0.11003
11740, 4151, -0.06949, -0.004,  0.13864,  0.13213,  0.14789,  0.3208,  0.07181
11741, 4150, -0.06731,  0.00411,  0.14035,  0.24128,  0.14789,  0.21165,  0.07181
11742, 4152, -0.06269,  0.00144,  0.14423,  0.24128,  0.00202,  0.21165,  0.03416
11743, 4150, -0.06731,  0.00411,  0.14035,  0.24128,  0.14789,  0.21165,  0.07181
11744, 4151, -0.06949, -0.004,  0.13864,  0.13213,  0.14789,  0.3208,  0.07181
11745, 4152, -0.06269,  0.00144,  0.14423,  0.24128,  0.00202,  0.21165,  0.03416
11746, 4151, -0.06949, -0.004,  0.13864,  0.13213,  0.14789,  0.3208,  0.07181
11747, 4153, -0.06464, -0.00576,  0.14325,  0.13213,  0.00202,  0.3208,  0.03416
11748, 4154, -0.04667, -0.01911,  0.10239,  0.50409,  0.83078,  0.74343,  0.46041
11749, 4155, -0.04281, -0.01533,  0.10488,  0.50409,  0.87607,  0.74343,  0.49268
11750, 4156, -0.0394, -0.02231,  0.11146,  0.33338,  0.87607,  0.87866,  0.49268
11751, 4154, -0.04667, -0.01911,  0.10239,  0.50409,  0.83078,  0.74343,  0.46041
11752, 4156, -0.0394, -0.02231,  0.11146,  0.33338,  0.87607,  0.87866,  0.49268
11753, 4157, -0.04297, -0.02643,  0.11047,  0.33338,  0.83078,  0.87866,  0.46041
11754, 4158, -0.03926, -0.01231,  0.10733,  0.50409,  0.91664,  0.74343,  0.5234
11755, 4156, -0.0394, -0.02231,  0.11146,  0.33338,  0.87607,  0.87866,  0.49268
11756, 4155, -0.04281, -0.01533,  0.10488,  0.50409,  0.87607,  0.74343,  0.49268
11757, 4158, -0.03926, -0.01231,  0.10733,  0.50409,  0.91664,  0.74343,  0.5234
11758, 4159, -0.03619, -0.01831,  0.11192,  0.33338,  0.91664,  0.87866,  0.5234
11759, 4156, -0.0394, -0.02231,  0.11146,  0.33338,  0.87607,  0.87866,  0.49268
11760, 4157, -0.04297, -0.02643,  0.11047,  0.33338,  0.83078,  0.87866,  0.46041
11761, 4160, -0.05114, -0.02439,  0.09978,  0.50409,  0.77605,  0.74343,  0.42505
11762, 4154, -0.04667, -0.01911,  0.10239,  0.50409,  0.83078,  0.74343,  0.46041
11763, 4157, -0.04297, -0.02643,  0.11047,  0.33338,  0.83078,  0.87866,  0.46041
11764, 4161, -0.04727, -0.03076,  0.10843,  0.33338,  0.77605,  0.87866,  0.42505
11765, 4160, -0.05114, -0.02439,  0.09978,  0.50409,  0.77605,  0.74343,  0.42505
11766, 4162, -0.0564, -0.0297,  0.09809,  0.50409,  0.72156,  0.74343,  0.38819
11767, 4160, -0.05114, -0.02439,  0.09978,  0.50409,  0.77605,  0.74343,  0.42505
11768, 4161, -0.04727, -0.03076,  0.10843,  0.33338,  0.77605,  0.87866,  0.42505
11769, 4162, -0.0564, -0.0297,  0.09809,  0.50409,  0.72156,  0.74343,  0.38819
11770, 4161, -0.04727, -0.03076,  0.10843,  0.33338,  0.77605,  0.87866,  0.42505
11771, 4163, -0.05245, -0.03521,  0.10656,  0.33338,  0.72156,  0.87866,  0.38819
11772, 4163, -0.05245, -0.03521,  0.10656,  0.33338,  0.72156,  0.87866,  0.38819
11773, 4164, -0.06272, -0.03354,  0.09843,  0.50409,  0.677,  0.74343,  0.3514
11774, 4162, -0.0564, -0.0297,  0.09809,  0.50409,  0.72156,  0.74343,  0.38819
11775, 4163, -0.05245, -0.03521,  0.10656,  0.33338,  0.72156,  0.87866,  0.38819
11776, 4165, -0.05869, -0.03965,  0.10613,  0.33338,  0.677,  0.87866,  0.3514
11777, 4164, -0.06272, -0.03354,  0.09843,  0.50409,  0.677,  0.74343,  0.3514
11778, 4166, -0.06869, -0.03515,  0.10058,  0.50409,  0.63272,  0.74343,  0.31444
11779, 4164, -0.06272, -0.03354,  0.09843,  0.50409,  0.677,  0.74343,  0.3514
11780, 4165, -0.05869, -0.03965,  0.10613,  0.33338,  0.677,  0.87866,  0.3514
11781, 4166, -0.06869, -0.03515,  0.10058,  0.50409,  0.63272,  0.74343,  0.31444
11782, 4165, -0.05869, -0.03965,  0.10613,  0.33338,  0.677,  0.87866,  0.3514
11783, 4167, -0.06479, -0.0423,  0.10747,  0.33338,  0.63272,  0.87866,  0.31444
11784, 4167, -0.06479, -0.0423,  0.10747,  0.33338,  0.63272,  0.87866,  0.31444
11785, 4168, -0.07292, -0.03378,  0.10436,  0.50409,  0.57907,  0.74343,  0.27704
11786, 4166, -0.06869, -0.03515,  0.10058,  0.50409,  0.63272,  0.74343,  0.31444
11787, 4167, -0.06479, -0.0423,  0.10747,  0.33338,  0.63272,  0.87866,  0.31444
11788, 4169, -0.06955, -0.04141,  0.11094,  0.33338,  0.57907,  0.87866,  0.27704
11789, 4168, -0.07292, -0.03378,  0.10436,  0.50409,  0.57907,  0.74343,  0.27704
11790, 4170, -0.07543, -0.03039,  0.10948,  0.50409,  0.52134,  0.74343,  0.24053
11791, 4168, -0.07292, -0.03378,  0.10436,  0.50409,  0.57907,  0.74343,  0.27704
11792, 4169, -0.06955, -0.04141,  0.11094,  0.33338,  0.57907,  0.87866,  0.27704
11793, 4170, -0.07543, -0.03039,  0.10948,  0.50409,  0.52134,  0.74343,  0.24053
11794, 4169, -0.06955, -0.04141,  0.11094,  0.33338,  0.57907,  0.87866,  0.27704
11795, 4171, -0.07253, -0.03774,  0.11585,  0.33338,  0.52134,  0.87866,  0.24053
11796, 4171, -0.07253, -0.03774,  0.11585,  0.33338,  0.52134,  0.87866,  0.24053
11797, 4172, -0.07624, -0.02599,  0.11564,  0.50409,  0.46484,  0.74343,  0.20626
11798, 4170, -0.07543, -0.03039,  0.10948,  0.50409,  0.52134,  0.74343,  0.24053
11799, 4171, -0.07253, -0.03774,  0.11585,  0.33338,  0.52134,  0.87866,  0.24053
11800, 4173, -0.07331, -0.03204,  0.12155,  0.33338,  0.46484,  0.87866,  0.20626
11801, 4172, -0.07624, -0.02599,  0.11564,  0.50409,  0.46484,  0.74343,  0.20626
11802, 4174, -0.07606, -0.02058,  0.1223,  0.50409,  0.39785,  0.74343,  0.17357
11803, 4172, -0.07624, -0.02599,  0.11564,  0.50409,  0.46484,  0.74343,  0.20626
11804, 4173, -0.07331, -0.03204,  0.12155,  0.33338,  0.46484,  0.87866,  0.20626
11805, 4174, -0.07606, -0.02058,  0.1223,  0.50409,  0.39785,  0.74343,  0.17357
11806, 4173, -0.07331, -0.03204,  0.12155,  0.33338,  0.46484,  0.87866,  0.20626
11807, 4175, -0.07308, -0.02545,  0.12768,  0.33338,  0.39785,  0.87866,  0.17357
11808, 4175, -0.07308, -0.02545,  0.12768,  0.33338,  0.39785,  0.87866,  0.17357
11809, 4176, -0.07561, -0.0142,  0.12887,  0.50409,  0.30862,  0.74343,  0.14183
11810, 4174, -0.07606, -0.02058,  0.1223,  0.50409,  0.39785,  0.74343,  0.17357
11811, 4175, -0.07308, -0.02545,  0.12768,  0.33338,  0.39785,  0.87866,  0.17357
11812, 4177, -0.07308, -0.01908,  0.13388,  0.33338,  0.30862,  0.87866,  0.14183
11813, 4176, -0.07561, -0.0142,  0.12887,  0.50409,  0.30862,  0.74343,  0.14183
11814, 4178, -0.07407, -0.00782,  0.13463,  0.50409,  0.20758,  0.74343,  0.1095
11815, 4176, -0.07561, -0.0142,  0.12887,  0.50409,  0.30862,  0.74343,  0.14183
11816, 4177, -0.07308, -0.01908,  0.13388,  0.33338,  0.30862,  0.87866,  0.14183
11817, 4178, -0.07407, -0.00782,  0.13463,  0.50409,  0.20758,  0.74343,  0.1095
11818, 4177, -0.07308, -0.01908,  0.13388,  0.33338,  0.30862,  0.87866,  0.14183
11819, 4179, -0.07211, -0.01321,  0.13924,  0.33338,  0.20758,  0.87866,  0.1095
11820, 4179, -0.07211, -0.01321,  0.13924,  0.33338,  0.20758,  0.87866,  0.1095
11821, 4180, -0.07064, -0.00242,  0.13887,  0.50409,  0.10515,  0.74343,  0.07507
11822, 4178, -0.07407, -0.00782,  0.13463,  0.50409,  0.20758,  0.74343,  0.1095
11823, 4179, -0.07211, -0.01321,  0.13924,  0.33338,  0.20758,  0.87866,  0.1095
11824, 4181, -0.06899, -0.0081,  0.14286,  0.33338,  0.10515,  0.87866,  0.07507
11825, 4180, -0.07064, -0.00242,  0.13887,  0.50409,  0.10515,  0.74343,  0.07507
11826, 4182, -0.06627,  0.00249,  0.14234,  0.50409,  0.00202,  0.74343,  0.03959
11827, 4180, -0.07064, -0.00242,  0.13887,  0.50409,  0.10515,  0.74343,  0.07507
11828, 4181, -0.06899, -0.0081,  0.14286,  0.33338,  0.10515,  0.87866,  0.07507
11829, 4182, -0.06627,  0.00249,  0.14234,  0.50409,  0.00202,  0.74343,  0.03959
11830, 4181, -0.06899, -0.0081,  0.14286,  0.33338,  0.10515,  0.87866,  0.07507
11831, 4183, -0.06479, -0.00338,  0.14561,  0.33338,  0.00202,  0.87866,  0.03959
11832, 4184, -0.06076, -0.01203,  0.08902,  0.2221,  0.80275,  0.21691,  0.48906
11833, 4185, -0.05585, -0.00917,  0.09156,  0.2221,  0.8385,  0.21691,  0.53483
11834, 4186, -0.05233, -0.01811,  0.09635,  0.11821,  0.8385,  0.3208,  0.53483
11835, 4184, -0.06076, -0.01203,  0.08902,  0.2221,  0.80275,  0.21691,  0.48906
11836, 4186, -0.05233, -0.01811,  0.09635,  0.11821,  0.8385,  0.3208,  0.53483
11837, 4187, -0.05656, -0.02168,  0.09564,  0.11821,  0.80275,  0.3208,  0.48906
11838, 4188, -0.0515, -0.00584,  0.09504,  0.2221,  0.87064,  0.21691,  0.5795
11839, 4186, -0.05233, -0.01811,  0.09635,  0.11821,  0.8385,  0.3208,  0.53483
11840, 4185, -0.05585, -0.00917,  0.09156,  0.2221,  0.8385,  0.21691,  0.53483
11841, 4188, -0.0515, -0.00584,  0.09504,  0.2221,  0.87064,  0.21691,  0.5795
11842, 4189, -0.04894, -0.01413,  0.0976,  0.11821,  0.87064,  0.3208,  0.5795
11843, 4186, -0.05233, -0.01811,  0.09635,  0.11821,  0.8385,  0.3208,  0.53483
11844, 4187, -0.05656, -0.02168,  0.09564,  0.11821,  0.80275,  0.3208,  0.48906
11845, 4190, -0.06688, -0.01396,  0.08845,  0.2221,  0.75977,  0.21691,  0.44108
11846, 4184, -0.06076, -0.01203,  0.08902,  0.2221,  0.80275,  0.21691,  0.48906
11847, 4187, -0.05656, -0.02168,  0.09564,  0.11821,  0.80275,  0.3208,  0.48906
11848, 4191, -0.06259, -0.02444,  0.09607,  0.11821,  0.75977,  0.3208,  0.44108
11849, 4190, -0.06688, -0.01396,  0.08845,  0.2221,  0.75977,  0.21691,  0.44108
11850, 4192, -0.07295, -0.01496,  0.09012,  0.2221,  0.70459,  0.21691,  0.39195
11851, 4190, -0.06688, -0.01396,  0.08845,  0.2221,  0.75977,  0.21691,  0.44108
11852, 4191, -0.06259, -0.02444,  0.09607,  0.11821,  0.75977,  0.3208,  0.44108
11853, 4192, -0.07295, -0.01496,  0.09012,  0.2221,  0.70459,  0.21691,  0.39195
11854, 4191, -0.06259, -0.02444,  0.09607,  0.11821,  0.75977,  0.3208,  0.44108
11855, 4193, -0.06863, -0.02622,  0.09786,  0.11821,  0.70459,  0.3208,  0.39195
11856, 4193, -0.06863, -0.02622,  0.09786,  0.11821,  0.70459,  0.3208,  0.39195
11857, 4194, -0.07768, -0.01503,  0.09431,  0.2221,  0.63228,  0.21691,  0.34273
11858, 4192, -0.07295, -0.01496,  0.09012,  0.2221,  0.70459,  0.21691,  0.39195
11859, 4193, -0.06863, -0.02622,  0.09786,  0.11821,  0.70459,  0.3208,  0.39195
11860, 4195, -0.07288, -0.02686,  0.10124,  0.11821,  0.63228,  0.3208,  0.34273
11861, 4194, -0.07768, -0.01503,  0.09431,  0.2221,  0.63228,  0.21691,  0.34273
11862, 4196, -0.08005, -0.01424,  0.10074,  0.2221,  0.55109,  0.21691,  0.29329
11863, 4194, -0.07768, -0.01503,  0.09431,  0.2221,  0.63228,  0.21691,  0.34273
11864, 4195, -0.07288, -0.02686,  0.10124,  0.11821,  0.63228,  0.3208,  0.34273
11865, 4196, -0.08005, -0.01424,  0.10074,  0.2221,  0.55109,  0.21691,  0.29329
11866, 4195, -0.07288, -0.02686,  0.10124,  0.11821,  0.63228,  0.3208,  0.34273
11867, 4197, -0.07492, -0.02604,  0.10661,  0.11821,  0.55109,  0.3208,  0.29329
11868, 4197, -0.07492, -0.02604,  0.10661,  0.11821,  0.55109,  0.3208,  0.29329
11869, 4198, -0.07906, -0.01264,  0.10914,  0.2221,  0.46932,  0.21691,  0.2435
11870, 4196, -0.08005, -0.01424,  0.10074,  0.2221,  0.55109,  0.21691,  0.29329
11871, 4197, -0.07492, -0.02604,  0.10661,  0.11821,  0.55109,  0.3208,  0.29329
11872, 4199, -0.07432, -0.0234,  0.1144,  0.11821,  0.46932,  0.3208,  0.2435
11873, 4198, -0.07906, -0.01264,  0.10914,  0.2221,  0.46932,  0.21691,  0.2435
11874, 4200, -0.0765, -0.01022,  0.11843,  0.2221,  0.39052,  0.21691,  0.19551
11875, 4198, -0.07906, -0.01264,  0.10914,  0.2221,  0.46932,  0.21691,  0.2435
11876, 4199, -0.07432, -0.0234,  0.1144,  0.11821,  0.46932,  0.3208,  0.2435
11877, 4200, -0.0765, -0.01022,  0.11843,  0.2221,  0.39052,  0.21691,  0.19551
11878, 4199, -0.07432, -0.0234,  0.1144,  0.11821,  0.46932,  0.3208,  0.2435
11879, 4201, -0.0726, -0.01948,  0.12315,  0.11821,  0.39052,  0.3208,  0.19551
11880, 4201, -0.0726, -0.01948,  0.12315,  0.11821,  0.39052,  0.3208,  0.19551
11881, 4202, -0.07417, -0.00699,  0.12751,  0.2221,  0.31828,  0.21691,  0.15152
11882, 4200, -0.0765, -0.01022,  0.11843,  0.2221,  0.39052,  0.21691,  0.19551
11883, 4201, -0.0726, -0.01948,  0.12315,  0.11821,  0.39052,  0.3208,  0.19551
11884, 4203, -0.07128, -0.01483,  0.13142,  0.11821,  0.31828,  0.3208,  0.15152
11885, 4202, -0.07417, -0.00699,  0.12751,  0.2221,  0.31828,  0.21691,  0.15152
11886, 4204, -0.07134, -0.00384,  0.1351,  0.2221,  0.23564,  0.21691,  0.1106
11887, 4202, -0.07417, -0.00699,  0.12751,  0.2221,  0.31828,  0.21691,  0.15152
11888, 4203, -0.07128, -0.01483,  0.13142,  0.11821,  0.31828,  0.3208,  0.15152
11889, 4204, -0.07134, -0.00384,  0.1351,  0.2221,  0.23564,  0.21691,  0.1106
11890, 4203, -0.07128, -0.01483,  0.13142,  0.11821,  0.31828,  0.3208,  0.15152
11891, 4205, -0.0695, -0.01025,  0.13829,  0.11821,  0.23564,  0.3208,  0.1106
11892, 4205, -0.0695, -0.01025,  0.13829,  0.11821,  0.23564,  0.3208,  0.1106
11893, 4206, -0.06729, -0.00172,  0.13992,  0.2221,  0.12566,  0.21691,  0.07184
11894, 4204, -0.07134, -0.00384,  0.1351,  0.2221,  0.23564,  0.21691,  0.1106
11895, 4205, -0.0695, -0.01025,  0.13829,  0.11821,  0.23564,  0.3208,  0.1106
11896, 4207, -0.06636, -0.00653,  0.14282,  0.11821,  0.12566,  0.3208,  0.07184
11897, 4206, -0.06729, -0.00172,  0.13992,  0.2221,  0.12566,  0.21691,  0.07184
11898, 4208, -0.06261, -0.0001,  0.14334,  0.2221,  0.00202,  0.21691,  0.03416
11899, 4206, -0.06729, -0.00172,  0.13992,  0.2221,  0.12566,  0.21691,  0.07184
11900, 4207, -0.06636, -0.00653,  0.14282,  0.11821,  0.12566,  0.3208,  0.07184
11901, 4208, -0.06261, -0.0001,  0.14334,  0.2221,  0.00202,  0.21691,  0.03416
11902, 4207, -0.06636, -0.00653,  0.14282,  0.11821,  0.12566,  0.3208,  0.07184
11903, 4209, -0.06255, -0.00325,  0.14618,  0.11821,  0.00202,  0.3208,  0.03416
11904, 4210, -0.02153,  0.03575,  0.13169,  0.26468,  0.82911,  0.64712,  0.34727
11905, 4211, -0.02187,  0.02907,  0.12734,  0.26468,  0.86964,  0.64712,  0.37407
11906, 4212, -0.03411,  0.03483,  0.11682,  0.12879,  0.86964,  0.75289,  0.37407
11907, 4210, -0.02153,  0.03575,  0.13169,  0.26468,  0.82911,  0.64712,  0.34727
11908, 4212, -0.03411,  0.03483,  0.11682,  0.12879,  0.86964,  0.75289,  0.37407
11909, 4213, -0.03388,  0.042,  0.1206,  0.12879,  0.82911,  0.75289,  0.34727
11910, 4214, -0.02354,  0.02182,  0.12323,  0.26468,  0.90274,  0.64712,  0.40342
11911, 4212, -0.03411,  0.03483,  0.11682,  0.12879,  0.86964,  0.75289,  0.37407
11912, 4211, -0.02187,  0.02907,  0.12734,  0.26468,  0.86964,  0.64712,  0.37407
11913, 4214, -0.02354,  0.02182,  0.12323,  0.26468,  0.90274,  0.64712,  0.40342
11914, 4215, -0.03571,  0.02669,  0.11356,  0.12879,  0.90274,  0.75289,  0.40342
11915, 4212, -0.03411,  0.03483,  0.11682,  0.12879,  0.86964,  0.75289,  0.37407
11916, 4213, -0.03388,  0.042,  0.1206,  0.12879,  0.82911,  0.75289,  0.34727
11917, 4216, -0.02382,  0.0413,  0.13651,  0.26468,  0.77374,  0.64712,  0.32554
11918, 4210, -0.02153,  0.03575,  0.13169,  0.26468,  0.82911,  0.64712,  0.34727
11919, 4213, -0.03388,  0.042,  0.1206,  0.12879,  0.82911,  0.75289,  0.34727
11920, 4217, -0.03636,  0.04727,  0.12542,  0.12879,  0.77374,  0.75289,  0.32554
11921, 4216, -0.02382,  0.0413,  0.13651,  0.26468,  0.77374,  0.64712,  0.32554
11922, 4218, -0.02789,  0.04482,  0.14179,  0.26468,  0.70939,  0.64712,  0.30588
11923, 4216, -0.02382,  0.0413,  0.13651,  0.26468,  0.77374,  0.64712,  0.32554
11924, 4217, -0.03636,  0.04727,  0.12542,  0.12879,  0.77374,  0.75289,  0.32554
11925, 4218, -0.02789,  0.04482,  0.14179,  0.26468,  0.70939,  0.64712,  0.30588
11926, 4217, -0.03636,  0.04727,  0.12542,  0.12879,  0.77374,  0.75289,  0.32554
11927, 4219, -0.04072,  0.05015,  0.13092,  0.12879,  0.70939,  0.75289,  0.30588
11928, 4219, -0.04072,  0.05015,  0.13092,  0.12879,  0.70939,  0.75289,  0.30588
11929, 4220, -0.03288,  0.04539,  0.14755,  0.26468,  0.64194,  0.64712,  0.28528
11930, 4218, -0.02789,  0.04482,  0.14179,  0.26468,  0.70939,  0.64712,  0.30588
11931, 4219, -0.04072,  0.05015,  0.13092,  0.12879,  0.70939,  0.75289,  0.30588
11932, 4221, -0.04607,  0.05019,  0.13673,  0.12879,  0.64194,  0.75289,  0.28528
11933, 4220, -0.03288,  0.04539,  0.14755,  0.26468,  0.64194,  0.64712,  0.28528
11934, 4222, -0.03885,  0.04253,  0.15244,  0.26468,  0.5725,  0.64712,  0.26406
11935, 4220, -0.03288,  0.04539,  0.14755,  0.26468,  0.64194,  0.64712,  0.28528
11936, 4221, -0.04607,  0.05019,  0.13673,  0.12879,  0.64194,  0.75289,  0.28528
11937, 4222, -0.03885,  0.04253,  0.15244,  0.26468,  0.5725,  0.64712,  0.26406
11938, 4221, -0.04607,  0.05019,  0.13673,  0.12879,  0.64194,  0.75289,  0.28528
11939, 4223, -0.05171,  0.04715,  0.14179,  0.12879,  0.5725,  0.75289,  0.26406
11940, 4223, -0.05171,  0.04715,  0.14179,  0.12879,  0.5725,  0.75289,  0.26406
11941, 4224, -0.04585,  0.03577,  0.15515,  0.26468,  0.50215,  0.64712,  0.24257
11942, 4222, -0.03885,  0.04253,  0.15244,  0.26468,  0.5725,  0.64712,  0.26406
11943, 4223, -0.05171,  0.04715,  0.14179,  0.12879,  0.5725,  0.75289,  0.26406
11944, 4225, -0.05691,  0.04078,  0.14502,  0.12879,  0.50215,  0.75289,  0.24257
11945, 4224, -0.04585,  0.03577,  0.15515,  0.26468,  0.50215,  0.64712,  0.24257
11946, 4226, -0.05235,  0.02726,  0.15627,  0.26468,  0.43112,  0.64712,  0.22271
11947, 4224, -0.04585,  0.03577,  0.15515,  0.26468,  0.50215,  0.64712,  0.24257
11948, 4225, -0.05691,  0.04078,  0.14502,  0.12879,  0.50215,  0.75289,  0.24257
11949, 4226, -0.05235,  0.02726,  0.15627,  0.26468,  0.43112,  0.64712,  0.22271
11950, 4225, -0.05691,  0.04078,  0.14502,  0.12879,  0.50215,  0.75289,  0.24257
11951, 4227, -0.06164,  0.03233,  0.14642,  0.12879,  0.43112,  0.75289,  0.22271
11952, 4227, -0.06164,  0.03233,  0.14642,  0.12879,  0.43112,  0.75289,  0.22271
11953, 4228, -0.0568,  0.01914,  0.15641,  0.26468,  0.35959,  0.64712,  0.20638
11954, 4226, -0.05235,  0.02726,  0.15627,  0.26468,  0.43112,  0.64712,  0.22271
11955, 4227, -0.06164,  0.03233,  0.14642,  0.12879,  0.43112,  0.75289,  0.22271
11956, 4229, -0.06588,  0.02307,  0.146,  0.12879,  0.35959,  0.75289,  0.20638
11957, 4228, -0.0568,  0.01914,  0.15641,  0.26468,  0.35959,  0.64712,  0.20638
11958, 4230, -0.06004,  0.01178,  0.15471,  0.26468,  0.27003,  0.64712,  0.17665
11959, 4228, -0.0568,  0.01914,  0.15641,  0.26468,  0.35959,  0.64712,  0.20638
11960, 4229, -0.06588,  0.02307,  0.146,  0.12879,  0.35959,  0.75289,  0.20638
11961, 4230, -0.06004,  0.01178,  0.15471,  0.26468,  0.27003,  0.64712,  0.17665
11962, 4229, -0.06588,  0.02307,  0.146,  0.12879,  0.35959,  0.75289,  0.20638
11963, 4231, -0.06895,  0.01429,  0.14409,  0.12879,  0.27003,  0.75289,  0.17665
11964, 4231, -0.06895,  0.01429,  0.14409,  0.12879,  0.27003,  0.75289,  0.17665
11965, 4232, -0.06288,  0.00554,  0.15029,  0.26468,  0.14491,  0.64712,  0.11658
11966, 4230, -0.06004,  0.01178,  0.15471,  0.26468,  0.27003,  0.64712,  0.17665
11967, 4231, -0.06895,  0.01429,  0.14409,  0.12879,  0.27003,  0.75289,  0.17665
11968, 4233, -0.07019,  0.00729,  0.14102,  0.12879,  0.14491,  0.75289,  0.11658
11969, 4232, -0.06288,  0.00554,  0.15029,  0.26468,  0.14491,  0.64712,  0.11658
11970, 4234, -0.06553, -0.00015,  0.14452,  0.26468,  0.00202,  0.64712,  0.04135
11971, 4232, -0.06288,  0.00554,  0.15029,  0.26468,  0.14491,  0.64712,  0.11658
11972, 4233, -0.07019,  0.00729,  0.14102,  0.12879,  0.14491,  0.75289,  0.11658
11973, 4234, -0.06553, -0.00015,  0.14452,  0.26468,  0.00202,  0.64712,  0.04135
11974, 4233, -0.07019,  0.00729,  0.14102,  0.12879,  0.14491,  0.75289,  0.11658
11975, 4235, -0.07051,  0.00118,  0.13737,  0.12879,  0.00202,  0.75289,  0.04135
11976, 4236, -0.05862, -0.0193,  0.07487,  0.45971,  0.00202,  0.39487,  0.56695
11977, 4237, -0.05806, -0.02194,  0.07536,  0.36674,  0.00202,  0.3019,  0.56695
11978, 4238, -0.06057, -0.02441,  0.07572,  0.36674,  0.04475,  0.3019,  0.50847
11979, 4236, -0.05862, -0.0193,  0.07487,  0.45971,  0.00202,  0.39487,  0.56695
11980, 4238, -0.06057, -0.02441,  0.07572,  0.36674,  0.04475,  0.3019,  0.50847
11981, 4239, -0.06131, -0.0212,  0.07502,  0.45971,  0.04475,  0.39487,  0.50847
11982, 4239, -0.06131, -0.0212,  0.07502,  0.45971,  0.04475,  0.39487,  0.50847
11983, 4238, -0.06057, -0.02441,  0.07572,  0.36674,  0.04475,  0.3019,  0.50847
11984, 4001, -0.06354, -0.02662,  0.07649,  0.36674,  0.08363,  0.3019,  0.45887
11985, 4239, -0.06131, -0.0212,  0.07502,  0.45971,  0.04475,  0.39487,  0.50847
11986, 4001, -0.06354, -0.02662,  0.07649,  0.36674,  0.08363,  0.3019,  0.45887
11987, 4000, -0.0645, -0.02278,  0.0755,  0.45971,  0.08363,  0.39487,  0.45887
11988, 4240, -0.0615,  0.01151,  0.08281,  0.3913,  0.06585,  0.56155,  0.0878
11989, 4241, -0.05957,  0.00882,  0.08351,  0.3913,  0.03217,  0.56155,  0.06246
11990, 4242, -0.06267,  0.00355,  0.08172,  0.45471,  0.03217,  0.49814,  0.06246
11991, 4240, -0.0615,  0.01151,  0.08281,  0.3913,  0.06585,  0.56155,  0.0878
11992, 4242, -0.06267,  0.00355,  0.08172,  0.45471,  0.03217,  0.49814,  0.06246
11993, 4243, -0.0647,  0.0061,  0.08082,  0.45471,  0.06585,  0.49814,  0.0878
11994, 4244, -0.05771,  0.00608,  0.08451,  0.3913,  0.00202,  0.56155,  0.03765
11995, 4242, -0.06267,  0.00355,  0.08172,  0.45471,  0.03217,  0.49814,  0.06246
11996, 4241, -0.05957,  0.00882,  0.08351,  0.3913,  0.03217,  0.56155,  0.06246
11997, 4244, -0.05771,  0.00608,  0.08451,  0.3913,  0.00202,  0.56155,  0.03765
11998, 4245, -0.06078,  0.00094,  0.08295,  0.45471,  0.00202,  0.49814,  0.03765
11999, 4242, -0.06267,  0.00355,  0.08172,  0.45471,  0.03217,  0.49814,  0.06246
12000, 4243, -0.0647,  0.0061,  0.08082,  0.45471,  0.06585,  0.49814,  0.0878
12001, 4246, -0.06358,  0.0141,  0.08272,  0.3913,  0.1066,  0.56155,  0.11422
12002, 4240, -0.0615,  0.01151,  0.08281,  0.3913,  0.06585,  0.56155,  0.0878
12003, 4243, -0.0647,  0.0061,  0.08082,  0.45471,  0.06585,  0.49814,  0.0878
12004, 4247, -0.06708,  0.00855,  0.08057,  0.45471,  0.1066,  0.49814,  0.11422
12005, 4246, -0.06358,  0.0141,  0.08272,  0.3913,  0.1066,  0.56155,  0.11422
12006, 4248, -0.06967,  0.01077,  0.08098,  0.45471,  0.15047,  0.49814,  0.14094
12007, 4246, -0.06358,  0.0141,  0.08272,  0.3913,  0.1066,  0.56155,  0.11422
12008, 4247, -0.06708,  0.00855,  0.08057,  0.45471,  0.1066,  0.49814,  0.11422
12009, 4248, -0.06967,  0.01077,  0.08098,  0.45471,  0.15047,  0.49814,  0.14094
12010, 4249, -0.06588,  0.01651,  0.08322,  0.3913,  0.15047,  0.56155,  0.14094
12011, 4246, -0.06358,  0.0141,  0.08272,  0.3913,  0.1066,  0.56155,  0.11422
12012, 4249, -0.06588,  0.01651,  0.08322,  0.3913,  0.15047,  0.56155,  0.14094
12013, 4248, -0.06967,  0.01077,  0.08098,  0.45471,  0.15047,  0.49814,  0.14094
12014, 4250, -0.07241,  0.01262,  0.0821,  0.45471,  0.19351,  0.49814,  0.16715
12015, 4249, -0.06588,  0.01651,  0.08322,  0.3913,  0.15047,  0.56155,  0.14094
12016, 4250, -0.07241,  0.01262,  0.0821,  0.45471,  0.19351,  0.49814,  0.16715
12017, 4251, -0.06852,  0.01866,  0.08432,  0.3913,  0.19351,  0.56155,  0.16715
12018, 4252, -0.07124,  0.02026,  0.08614,  0.3913,  0.23614,  0.56155,  0.19311
12019, 4251, -0.06852,  0.01866,  0.08432,  0.3913,  0.19351,  0.56155,  0.16715
12020, 4250, -0.07241,  0.01262,  0.0821,  0.45471,  0.19351,  0.49814,  0.16715
12021, 4252, -0.07124,  0.02026,  0.08614,  0.3913,  0.23614,  0.56155,  0.19311
12022, 4250, -0.07241,  0.01262,  0.0821,  0.45471,  0.19351,  0.49814,  0.16715
12023, 4253, -0.07527,  0.01387,  0.084,  0.45471,  0.23614,  0.49814,  0.19311
12024, 4253, -0.07527,  0.01387,  0.084,  0.45471,  0.23614,  0.49814,  0.19311
12025, 4254, -0.07377,  0.02102,  0.08877,  0.3913,  0.27878,  0.56155,  0.21907
12026, 4252, -0.07124,  0.02026,  0.08614,  0.3913,  0.23614,  0.56155,  0.19311
12027, 4253, -0.07527,  0.01387,  0.084,  0.45471,  0.23614,  0.49814,  0.19311
12028, 4255, -0.07818,  0.0143,  0.08674,  0.45471,  0.27878,  0.49814,  0.21907
12029, 4254, -0.07377,  0.02102,  0.08877,  0.3913,  0.27878,  0.56155,  0.21907
12030, 4256, -0.07587,  0.02092,  0.09199,  0.3913,  0.32044,  0.56155,  0.24445
12031, 4254, -0.07377,  0.02102,  0.08877,  0.3913,  0.27878,  0.56155,  0.21907
12032, 4255, -0.07818,  0.0143,  0.08674,  0.45471,  0.27878,  0.49814,  0.21907
12033, 4256, -0.07587,  0.02092,  0.09199,  0.3913,  0.32044,  0.56155,  0.24445
12034, 4255, -0.07818,  0.0143,  0.08674,  0.45471,  0.27878,  0.49814,  0.21907
12035, 4257, -0.08076,  0.01397,  0.0901,  0.45471,  0.32072,  0.49814,  0.24462
12036, 4258, -0.0826,  0.01292,  0.09388,  0.45471,  0.36128,  0.49814,  0.26932
12037, 4256, -0.07587,  0.02092,  0.09199,  0.3913,  0.32044,  0.56155,  0.24445
12038, 4257, -0.08076,  0.01397,  0.0901,  0.45471,  0.32072,  0.49814,  0.24462
12039, 4258, -0.0826,  0.01292,  0.09388,  0.45471,  0.36128,  0.49814,  0.26932
12040, 4259, -0.07727,  0.01992,  0.09558,  0.3913,  0.36019,  0.56155,  0.26865
12041, 4256, -0.07587,  0.02092,  0.09199,  0.3913,  0.32044,  0.56155,  0.24445
12042, 4260, -0.08374,  0.01129,  0.09833,  0.45471,  0.40183,  0.49814,  0.29401
12043, 4259, -0.07727,  0.01992,  0.09558,  0.3913,  0.36019,  0.56155,  0.26865
12044, 4258, -0.0826,  0.01292,  0.09388,  0.45471,  0.36128,  0.49814,  0.26932
12045, 4260, -0.08374,  0.01129,  0.09833,  0.45471,  0.40183,  0.49814,  0.29401
12046, 4261, -0.07801,  0.01817,  0.09988,  0.3913,  0.40015,  0.56155,  0.29299
12047, 4259, -0.07727,  0.01992,  0.09558,  0.3913,  0.36019,  0.56155,  0.26865
12048, 4262, -0.08078,  0.00206,  0.12328,  0.45471,  0.5501,  0.49814,  0.3843
12049, 4263, -0.07737,  0.00733,  0.1252,  0.3913,  0.55005,  0.56155,  0.38428
12050, 4264, -0.07776,  0.01023,  0.11835,  0.3913,  0.51717,  0.56155,  0.36425
12051, 4262, -0.08078,  0.00206,  0.12328,  0.45471,  0.5501,  0.49814,  0.3843
12052, 4264, -0.07776,  0.01023,  0.11835,  0.3913,  0.51717,  0.56155,  0.36425
12053, 4265, -0.08276,  0.00439,  0.11658,  0.45471,  0.51735,  0.49814,  0.36436
12054, 4265, -0.08276,  0.00439,  0.11658,  0.45471,  0.51735,  0.49814,  0.36436
12055, 4264, -0.07776,  0.01023,  0.11835,  0.3913,  0.51717,  0.56155,  0.36425
12056, 4266, -0.07786,  0.01314,  0.11148,  0.3913,  0.48292,  0.56155,  0.34339
12057, 4265, -0.08276,  0.00439,  0.11658,  0.45471,  0.51735,  0.49814,  0.36436
12058, 4266, -0.07786,  0.01314,  0.11148,  0.3913,  0.48292,  0.56155,  0.34339
12059, 4267, -0.08392,  0.00686,  0.10991,  0.45471,  0.48346,  0.49814,  0.34372
12060, 4268, -0.07807,  0.00011,  0.12955,  0.45471,  0.5864,  0.49814,  0.40641
12061, 4263, -0.07737,  0.00733,  0.1252,  0.3913,  0.55005,  0.56155,  0.38428
12062, 4262, -0.08078,  0.00206,  0.12328,  0.45471,  0.5501,  0.49814,  0.3843
12063, 4268, -0.07807,  0.00011,  0.12955,  0.45471,  0.5864,  0.49814,  0.40641
12064, 4269, -0.0763,  0.00464,  0.13137,  0.3913,  0.5864,  0.56155,  0.40641
12065, 4263, -0.07737,  0.00733,  0.1252,  0.3913,  0.55005,  0.56155,  0.38428
12066, 4270, -0.07498, -0.00137,  0.13498,  0.45471,  0.62285,  0.49814,  0.4286
12067, 4269, -0.0763,  0.00464,  0.13137,  0.3913,  0.5864,  0.56155,  0.40641
12068, 4268, -0.07807,  0.00011,  0.12955,  0.45471,  0.5864,  0.49814,  0.40641
12069, 4270, -0.07498, -0.00137,  0.13498,  0.45471,  0.62285,  0.49814,  0.4286
12070, 4271, -0.0745,  0.00242,  0.13631,  0.3913,  0.62285,  0.56155,  0.4286
12071, 4269, -0.0763,  0.00464,  0.13137,  0.3913,  0.5864,  0.56155,  0.40641
12072, 4271, -0.0745,  0.00242,  0.13631,  0.3913,  0.62285,  0.56155,  0.4286
12073, 4270, -0.07498, -0.00137,  0.13498,  0.45471,  0.62285,  0.49814,  0.4286
12074, 4272, -0.07189, -0.00229,  0.13916,  0.45471,  0.65601,  0.49814,  0.4488
12075, 4271, -0.0745,  0.00242,  0.13631,  0.3913,  0.62285,  0.56155,  0.4286
12076, 4272, -0.07189, -0.00229,  0.13916,  0.45471,  0.65601,  0.49814,  0.4488
12077, 4273, -0.07194,  0.00096,  0.13951,  0.3913,  0.65601,  0.56155,  0.4488
12078, 4274, -0.069, -0.0002,  0.14139,  0.3913,  0.68697,  0.56155,  0.46765
12079, 4273, -0.07194,  0.00096,  0.13951,  0.3913,  0.65601,  0.56155,  0.4488
12080, 4272, -0.07189, -0.00229,  0.13916,  0.45471,  0.65601,  0.49814,  0.4488
12081, 4274, -0.069, -0.0002,  0.14139,  0.3913,  0.68697,  0.56155,  0.46765
12082, 4272, -0.07189, -0.00229,  0.13916,  0.45471,  0.65601,  0.49814,  0.4488
12083, 4275, -0.06897, -0.0031,  0.1418,  0.45471,  0.68697,  0.49814,  0.46765
12084, 4275, -0.06897, -0.0031,  0.1418,  0.45471,  0.68697,  0.49814,  0.46765
12085, 4276, -0.06607, -0.00148,  0.14241,  0.3913,  0.71678,  0.56155,  0.48581
12086, 4274, -0.069, -0.0002,  0.14139,  0.3913,  0.68697,  0.56155,  0.46765
12087, 4275, -0.06897, -0.0031,  0.1418,  0.45471,  0.68697,  0.49814,  0.46765
12088, 4277, -0.06636, -0.00429,  0.1426,  0.45471,  0.71678,  0.49814,  0.48581
12089, 4276, -0.06607, -0.00148,  0.14241,  0.3913,  0.71678,  0.56155,  0.48581
12090, 4278, -0.06391, -0.00565,  0.14248,  0.45471,  0.74603,  0.49814,  0.50362
12091, 4276, -0.06607, -0.00148,  0.14241,  0.3913,  0.71678,  0.56155,  0.48581
12092, 4277, -0.06636, -0.00429,  0.1426,  0.45471,  0.71678,  0.49814,  0.48581
12093, 4278, -0.06391, -0.00565,  0.14248,  0.45471,  0.74603,  0.49814,  0.50362
12094, 4279, -0.06314, -0.00284,  0.143,  0.3913,  0.74603,  0.56155,  0.50362
12095, 4276, -0.06607, -0.00148,  0.14241,  0.3913,  0.71678,  0.56155,  0.48581
12096, 4280, -0.02765,  0.04259,  0.12603,  0.45336,  0.78821,  0.72769,  0.50395
12097, 4281, -0.02237,  0.04205,  0.13335,  0.54456,  0.78821,  0.6748,  0.50395
12098, 4282, -0.02068,  0.03169,  0.12949,  0.54456,  0.84007,  0.6748,  0.54449
12099, 4280, -0.02765,  0.04259,  0.12603,  0.45336,  0.78821,  0.72769,  0.50395
12100, 4282, -0.02068,  0.03169,  0.12949,  0.54456,  0.84007,  0.6748,  0.54449
12101, 4283, -0.02685,  0.03328,  0.12249,  0.45336,  0.84007,  0.72769,  0.54449
12102, 4283, -0.02685,  0.03328,  0.12249,  0.45336,  0.84007,  0.72769,  0.54449
12103, 4282, -0.02068,  0.03169,  0.12949,  0.54456,  0.84007,  0.6748,  0.54449
12104, 4284, -0.02007,  0.01965,  0.12565,  0.54456,  0.88951,  0.6748,  0.58887
12105, 4283, -0.02685,  0.03328,  0.12249,  0.45336,  0.84007,  0.72769,  0.54449
12106, 4284, -0.02007,  0.01965,  0.12565,  0.54456,  0.88951,  0.6748,  0.58887
12107, 4285, -0.02756,  0.02274,  0.11919,  0.45336,  0.88951,  0.72769,  0.58887
12108, 4286, -0.03142,  0.04947,  0.12999,  0.45336,  0.73146,  0.72769,  0.4711
12109, 4281, -0.02237,  0.04205,  0.13335,  0.54456,  0.78821,  0.6748,  0.50395
12110, 4280, -0.02765,  0.04259,  0.12603,  0.45336,  0.78821,  0.72769,  0.50395
12111, 4286, -0.03142,  0.04947,  0.12999,  0.45336,  0.73146,  0.72769,  0.4711
12112, 4287, -0.02622,  0.04907,  0.13722,  0.54456,  0.73146,  0.6748,  0.4711
12113, 4281, -0.02237,  0.04205,  0.13335,  0.54456,  0.78821,  0.6748,  0.50395
12114, 4288, -0.03716,  0.05352,  0.13432,  0.45336,  0.6728,  0.72769,  0.44137
12115, 4287, -0.02622,  0.04907,  0.13722,  0.54456,  0.73146,  0.6748,  0.4711
12116, 4286, -0.03142,  0.04947,  0.12999,  0.45336,  0.73146,  0.72769,  0.4711
12117, 4288, -0.03716,  0.05352,  0.13432,  0.45336,  0.6728,  0.72769,  0.44137
12118, 4289, -0.03169,  0.05289,  0.14127,  0.54456,  0.6728,  0.6748,  0.44137
12119, 4287, -0.02622,  0.04907,  0.13722,  0.54456,  0.73146,  0.6748,  0.4711
12120, 4290, -0.04384,  0.05436,  0.13894,  0.45336,  0.61518,  0.72769,  0.41021
12121, 4289, -0.03169,  0.05289,  0.14127,  0.54456,  0.6728,  0.6748,  0.44137
12122, 4288, -0.03716,  0.05352,  0.13432,  0.45336,  0.6728,  0.72769,  0.44137
12123, 4290, -0.04384,  0.05436,  0.13894,  0.45336,  0.61518,  0.72769,  0.41021
12124, 4291, -0.03828,  0.05364,  0.14565,  0.54456,  0.61518,  0.6748,  0.41021
12125, 4289, -0.03169,  0.05289,  0.14127,  0.54456,  0.6728,  0.6748,  0.44137
12126, 4292, -0.05065,  0.05123,  0.14302,  0.45336,  0.55567,  0.72769,  0.37813
12127, 4291, -0.03828,  0.05364,  0.14565,  0.54456,  0.61518,  0.6748,  0.41021
12128, 4290, -0.04384,  0.05436,  0.13894,  0.45336,  0.61518,  0.72769,  0.41021
12129, 4292, -0.05065,  0.05123,  0.14302,  0.45336,  0.55567,  0.72769,  0.37813
12130, 4293, -0.04574,  0.0505,  0.14974,  0.54456,  0.55567,  0.6748,  0.37813
12131, 4291, -0.03828,  0.05364,  0.14565,  0.54456,  0.61518,  0.6748,  0.41021
12132, 4293, -0.04574,  0.0505,  0.14974,  0.54456,  0.55567,  0.6748,  0.37813
12133, 4292, -0.05065,  0.05123,  0.14302,  0.45336,  0.55567,  0.72769,  0.37813
12134, 4294, -0.05676,  0.04341,  0.14569,  0.45336,  0.49136,  0.72769,  0.34563
12135, 4293, -0.04574,  0.0505,  0.14974,  0.54456,  0.55567,  0.6748,  0.37813
12136, 4294, -0.05676,  0.04341,  0.14569,  0.45336,  0.49136,  0.72769,  0.34563
12137, 4295, -0.05382,  0.04266,  0.15288,  0.54456,  0.49136,  0.6748,  0.34563
12138, 4296, -0.06116,  0.03275,  0.15437,  0.54456,  0.42579,  0.6748,  0.3156
12139, 4295, -0.05382,  0.04266,  0.15288,  0.54456,  0.49136,  0.6748,  0.34563
12140, 4294, -0.05676,  0.04341,  0.14569,  0.45336,  0.49136,  0.72769,  0.34563
12141, 4296, -0.06116,  0.03275,  0.15437,  0.54456,  0.42579,  0.6748,  0.3156
12142, 4294, -0.05676,  0.04341,  0.14569,  0.45336,  0.49136,  0.72769,  0.34563
12143, 4297, -0.06206,  0.0334,  0.14672,  0.45336,  0.42579,  0.72769,  0.3156
12144, 4297, -0.06206,  0.0334,  0.14672,  0.45336,  0.42579,  0.72769,  0.3156
12145, 4298, -0.06638,  0.02342,  0.1535,  0.54456,  0.36251,  0.6748,  0.2909
12146, 4296, -0.06116,  0.03275,  0.15437,  0.54456,  0.42579,  0.6748,  0.3156
12147, 4297, -0.06206,  0.0334,  0.14672,  0.45336,  0.42579,  0.72769,  0.3156
12148, 4299, -0.06644,  0.02372,  0.14585,  0.45336,  0.36251,  0.72769,  0.2909
12149, 4298, -0.06638,  0.02342,  0.1535,  0.54456,  0.36251,  0.6748,  0.2909
12150, 4300, -0.06926,  0.01489,  0.15104,  0.54456,  0.3025,  0.6748,  0.24594
12151, 4298, -0.06638,  0.02342,  0.1535,  0.54456,  0.36251,  0.6748,  0.2909
12152, 4299, -0.06644,  0.02372,  0.14585,  0.45336,  0.36251,  0.72769,  0.2909
12153, 4300, -0.06926,  0.01489,  0.15104,  0.54456,  0.3025,  0.6748,  0.24594
12154, 4299, -0.06644,  0.02372,  0.14585,  0.45336,  0.36251,  0.72769,  0.2909
12155, 4301, -0.06939,  0.01495,  0.14376,  0.45336,  0.3025,  0.72769,  0.24594
12156, 4302, -0.06856,  0.00047,  0.14394,  0.54456,  0.19304,  0.6748,  0.04135
12157, 4303, -0.06955,  0.00742,  0.1477,  0.54456,  0.24671,  0.6748,  0.15511
12158, 4304, -0.07038,  0.00765,  0.14114,  0.45336,  0.24671,  0.72769,  0.15511
12159, 4302, -0.06856,  0.00047,  0.14394,  0.54456,  0.19304,  0.6748,  0.04135
12160, 4304, -0.07038,  0.00765,  0.14114,  0.45336,  0.24671,  0.72769,  0.15511
12161, 4305, -0.07039,  0.00108,  0.13824,  0.45336,  0.19304,  0.72769,  0.04135
12162, 4306, -0.06939,  0.01495,  0.14376,  0.45336,  0.3025,  0.72769,  0.24594
12163, 4304, -0.07038,  0.00765,  0.14114,  0.45336,  0.24671,  0.72769,  0.15511
12164, 4303, -0.06955,  0.00742,  0.1477,  0.54456,  0.24671,  0.6748,  0.15511
12165, 4306, -0.06939,  0.01495,  0.14376,  0.45336,  0.3025,  0.72769,  0.24594
12166, 4303, -0.06955,  0.00742,  0.1477,  0.54456,  0.24671,  0.6748,  0.15511
12167, 4307, -0.06926,  0.01489,  0.15104,  0.54456,  0.3025,  0.6748,  0.24594
12168, 4308, -0.05502,  0.02668,  0.02244,  0.64324,  0.13704,  0.76192,  0.57944
12169, 4309, -0.05906,  0.02267,  0.02291,  0.5354,  0.13704,  0.65408,  0.57944
12170, 4310, -0.06099,  0.02383,  0.02987,  0.5354,  0.171,  0.65408,  0.60845
12171, 4308, -0.05502,  0.02668,  0.02244,  0.64324,  0.13704,  0.76192,  0.57944
12172, 4310, -0.06099,  0.02383,  0.02987,  0.5354,  0.171,  0.65408,  0.60845
12173, 4311, -0.05679,  0.02835,  0.02995,  0.64324,  0.171,  0.76192,  0.60845
12174, 4311, -0.05679,  0.02835,  0.02995,  0.64324,  0.171,  0.76192,  0.60845
12175, 4310, -0.06099,  0.02383,  0.02987,  0.5354,  0.171,  0.65408,  0.60845
12176, 4312, -0.06227,  0.02419,  0.03716,  0.5354,  0.20616,  0.65408,  0.63763
12177, 4311, -0.05679,  0.02835,  0.02995,  0.64324,  0.171,  0.76192,  0.60845
12178, 4312, -0.06227,  0.02419,  0.03716,  0.5354,  0.20616,  0.65408,  0.63763
12179, 4313, -0.05797,  0.02908,  0.03778,  0.64324,  0.20616,  0.76192,  0.63763
12180, 4313, -0.05797,  0.02908,  0.03778,  0.64324,  0.20616,  0.76192,  0.63763
12181, 4312, -0.06227,  0.02419,  0.03716,  0.5354,  0.20616,  0.65408,  0.63763
12182, 4314, -0.06242,  0.02377,  0.04473,  0.5354,  0.23469,  0.65408,  0.66726
12183, 4313, -0.05797,  0.02908,  0.03778,  0.64324,  0.20616,  0.76192,  0.63763
12184, 4314, -0.06242,  0.02377,  0.04473,  0.5354,  0.23469,  0.65408,  0.66726
12185, 4315, -0.05814,  0.02889,  0.04594,  0.64324,  0.23469,  0.76192,  0.66726
12186, 4315, -0.05814,  0.02889,  0.04594,  0.64324,  0.23469,  0.76192,  0.66726
12187, 4314, -0.06242,  0.02377,  0.04473,  0.5354,  0.23469,  0.65408,  0.66726
12188, 4316, -0.06178,  0.02274,  0.05205,  0.5354,  0.25916,  0.65408,  0.69362
12189, 4315, -0.05814,  0.02889,  0.04594,  0.64324,  0.23469,  0.76192,  0.66726
12190, 4316, -0.06178,  0.02274,  0.05205,  0.5354,  0.25916,  0.65408,  0.69362
12191, 4317, -0.05765,  0.02796,  0.05375,  0.64324,  0.25916,  0.76192,  0.69362
12192, 4318, -0.0531,  0.02402,  0.01527,  0.64324,  0.11212,  0.76192,  0.5503
12193, 4309, -0.05906,  0.02267,  0.02291,  0.5354,  0.13704,  0.65408,  0.57944
12194, 4308, -0.05502,  0.02668,  0.02244,  0.64324,  0.13704,  0.76192,  0.57944
12195, 4318, -0.0531,  0.02402,  0.01527,  0.64324,  0.11212,  0.76192,  0.5503
12196, 4319, -0.05701,  0.02068,  0.01633,  0.5354,  0.11212,  0.65408,  0.5503
12197, 4309, -0.05906,  0.02267,  0.02291,  0.5354,  0.13704,  0.65408,  0.57944
12198, 4320, -0.05119,  0.02084,  0.00902,  0.64324,  0.09344,  0.76192,  0.52493
12199, 4319, -0.05701,  0.02068,  0.01633,  0.5354,  0.11212,  0.65408,  0.5503
12200, 4318, -0.0531,  0.02402,  0.01527,  0.64324,  0.11212,  0.76192,  0.5503
12201, 4320, -0.05119,  0.02084,  0.00902,  0.64324,  0.09344,  0.76192,  0.52493
12202, 4321, -0.05499,  0.0182,  0.01053,  0.5354,  0.09344,  0.65408,  0.52493
12203, 4319, -0.05701,  0.02068,  0.01633,  0.5354,  0.11212,  0.65408,  0.5503
12204, 4322, -0.04946,  0.01757,  0.00431,  0.64324,  0.07819,  0.76192,  0.50724
12205, 4321, -0.05499,  0.0182,  0.01053,  0.5354,  0.09344,  0.65408,  0.52493
12206, 4320, -0.05119,  0.02084,  0.00902,  0.64324,  0.09344,  0.76192,  0.52493
12207, 4322, -0.04946,  0.01757,  0.00431,  0.64324,  0.07819,  0.76192,  0.50724
12208, 4323, -0.05319,  0.01556,  0.00592,  0.5354,  0.07819,  0.65408,  0.50724
12209, 4321, -0.05499,  0.0182,  0.01053,  0.5354,  0.09344,  0.65408,  0.52493
12210, 4324, -0.04771,  0.0138,  0.00102,  0.64324,  0.06359,  0.76192,  0.49338
12211, 4323, -0.05319,  0.01556,  0.00592,  0.5354,  0.07819,  0.65408,  0.50724
12212, 4322, -0.04946,  0.01757,  0.00431,  0.64324,  0.07819,  0.76192,  0.50724
12213, 4324, -0.04771,  0.0138,  0.00102,  0.64324,  0.06359,  0.76192,  0.49338
12214, 4325, -0.05136,  0.01238,  0.00249,  0.5354,  0.06359,  0.65408,  0.49338
12215, 4323, -0.05319,  0.01556,  0.00592,  0.5354,  0.07819,  0.65408,  0.50724
12216, 4326, -0.04573,  0.00913, -0.00097,  0.64324,  0.04686,  0.76192,  0.47953
12217, 4325, -0.05136,  0.01238,  0.00249,  0.5354,  0.06359,  0.65408,  0.49338
12218, 4324, -0.04771,  0.0138,  0.00102,  0.64324,  0.06359,  0.76192,  0.49338
12219, 4326, -0.04573,  0.00913, -0.00097,  0.64324,  0.04686,  0.76192,  0.47953
12220, 4327, -0.04925,  0.00829,  0.00023,  0.5354,  0.04686,  0.65408,  0.47953
12221, 4325, -0.05136,  0.01238,  0.00249,  0.5354,  0.06359,  0.65408,  0.49338
12222, 4328, -0.04388,  0.00424, -0.00197,  0.64324,  0.03013,  0.76192,  0.45592
12223, 4327, -0.04925,  0.00829,  0.00023,  0.5354,  0.04686,  0.65408,  0.47953
12224, 4326, -0.04573,  0.00913, -0.00097,  0.64324,  0.04686,  0.76192,  0.47953
12225, 4328, -0.04388,  0.00424, -0.00197,  0.64324,  0.03013,  0.76192,  0.45592
12226, 4329, -0.04725,  0.00392, -0.00103,  0.5354,  0.03013,  0.65408,  0.45592
12227, 4327, -0.04925,  0.00829,  0.00023,  0.5354,  0.04686,  0.65408,  0.47953
12228, 4330, -0.04255, -0.00016, -0.0023,  0.64324,  0.01554,  0.76192,  0.41281
12229, 4329, -0.04725,  0.00392, -0.00103,  0.5354,  0.03013,  0.65408,  0.45592
12230, 4328, -0.04388,  0.00424, -0.00197,  0.64324,  0.03013,  0.76192,  0.45592
12231, 4330, -0.04255, -0.00016, -0.0023,  0.64324,  0.01554,  0.76192,  0.41281
12232, 4331, -0.04573, -0.00009, -0.00149,  0.5354,  0.01554,  0.65408,  0.41281
12233, 4329, -0.04725,  0.00392, -0.00103,  0.5354,  0.03013,  0.65408,  0.45592
12234, 4332, -0.04148, -0.00432, -0.0023,  0.64324,  0.00202,  0.76192,  0.35995
12235, 4331, -0.04573, -0.00009, -0.00149,  0.5354,  0.01554,  0.65408,  0.41281
12236, 4330, -0.04255, -0.00016, -0.0023,  0.64324,  0.01554,  0.76192,  0.41281
12237, 4332, -0.04148, -0.00432, -0.0023,  0.64324,  0.00202,  0.76192,  0.35995
12238, 4333, -0.04445, -0.00393, -0.00154,  0.5354,  0.00202,  0.65408,  0.35995
12239, 4331, -0.04573, -0.00009, -0.00149,  0.5354,  0.01554,  0.65408,  0.41281
12240, 4334, -0.05954,  0.01942,  0.06455,  0.5354,  0.30442,  0.65408,  0.72888
12241, 4335, -0.05838,  0.0174,  0.07023,  0.5354,  0.32668,  0.65408,  0.74477
12242, 4336, -0.0549,  0.02254,  0.07248,  0.64324,  0.32668,  0.76192,  0.74477
12243, 4334, -0.05954,  0.01942,  0.06455,  0.5354,  0.30442,  0.65408,  0.72888
12244, 4336, -0.0549,  0.02254,  0.07248,  0.64324,  0.32668,  0.76192,  0.74477
12245, 4337, -0.05592,  0.02458,  0.06667,  0.64324,  0.30442,  0.76192,  0.72888
12246, 4338, -0.05692,  0.01495,  0.07647,  0.5354,  0.3839,  0.65408,  0.76721
12247, 4336, -0.0549,  0.02254,  0.07248,  0.64324,  0.32668,  0.76192,  0.74477
12248, 4335, -0.05838,  0.0174,  0.07023,  0.5354,  0.32668,  0.65408,  0.74477
12249, 4338, -0.05692,  0.01495,  0.07647,  0.5354,  0.3839,  0.65408,  0.76721
12250, 4339, -0.05346,  0.02021,  0.07877,  0.64324,  0.3839,  0.76192,  0.76721
12251, 4336, -0.0549,  0.02254,  0.07248,  0.64324,  0.32668,  0.76192,  0.74477
12252, 4339, -0.05346,  0.02021,  0.07877,  0.64324,  0.3839,  0.76192,  0.76721
12253, 4338, -0.05692,  0.01495,  0.07647,  0.5354,  0.3839,  0.65408,  0.76721
12254, 4340, -0.05481,  0.01181,  0.08417,  0.5354,  0.51102,  0.65408,  0.80274
12255, 4339, -0.05346,  0.02021,  0.07877,  0.64324,  0.3839,  0.76192,  0.76721
12256, 4340, -0.05481,  0.01181,  0.08417,  0.5354,  0.51102,  0.65408,  0.80274
12257, 4341, -0.05121,  0.01749,  0.08632,  0.64324,  0.51102,  0.76192,  0.80274
12258, 4341, -0.05121,  0.01749,  0.08632,  0.64324,  0.51102,  0.76192,  0.80274
12259, 4340, -0.05481,  0.01181,  0.08417,  0.5354,  0.51102,  0.65408,  0.80274
12260, 4342, -0.05237,  0.00833,  0.09258,  0.5354,  0.67311,  0.65408,  0.84482
12261, 4341, -0.05121,  0.01749,  0.08632,  0.64324,  0.51102,  0.76192,  0.80274
12262, 4342, -0.05237,  0.00833,  0.09258,  0.5354,  0.67311,  0.65408,  0.84482
12263, 4343, -0.04856,  0.01456,  0.09449,  0.64324,  0.67311,  0.76192,  0.84482
12264, 4337, -0.05592,  0.02458,  0.06667,  0.64324,  0.30442,  0.76192,  0.72888
12265, 4344, -0.06075,  0.02124,  0.05858,  0.5354,  0.28216,  0.65408,  0.713
12266, 4334, -0.05954,  0.01942,  0.06455,  0.5354,  0.30442,  0.65408,  0.72888
12267, 4337, -0.05592,  0.02458,  0.06667,  0.64324,  0.30442,  0.76192,  0.72888
12268, 4345, -0.05687,  0.02645,  0.06055,  0.64324,  0.28216,  0.76192,  0.713
12269, 4344, -0.06075,  0.02124,  0.05858,  0.5354,  0.28216,  0.65408,  0.713
12270, 4317, -0.05765,  0.02796,  0.05375,  0.64324,  0.25916,  0.76192,  0.69362
12271, 4344, -0.06075,  0.02124,  0.05858,  0.5354,  0.28216,  0.65408,  0.713
12272, 4345, -0.05687,  0.02645,  0.06055,  0.64324,  0.28216,  0.76192,  0.713
12273, 4317, -0.05765,  0.02796,  0.05375,  0.64324,  0.25916,  0.76192,  0.69362
12274, 4316, -0.06178,  0.02274,  0.05205,  0.5354,  0.25916,  0.65408,  0.69362
12275, 4344, -0.06075,  0.02124,  0.05858,  0.5354,  0.28216,  0.65408,  0.713
12276, 4346, -0.06541,  0.02946,  0.0315,  0.53887,  0.09867,  0.46804,  0.3389
12277, 4347, -0.06531,  0.02954,  0.03591,  0.53887,  0.11766,  0.46804,  0.35537
12278, 4348, -0.0607,  0.03333,  0.03704,  0.62996,  0.11766,  0.55913,  0.35537
12279, 4346, -0.06541,  0.02946,  0.0315,  0.53887,  0.09867,  0.46804,  0.3389
12280, 4348, -0.0607,  0.03333,  0.03704,  0.62996,  0.11766,  0.55913,  0.35537
12281, 4349, -0.06108,  0.03304,  0.03239,  0.62996,  0.09867,  0.55913,  0.3389
12282, 4350, -0.06524,  0.03003,  0.04071,  0.53887,  0.13766,  0.46804,  0.3754
12283, 4348, -0.0607,  0.03333,  0.03704,  0.62996,  0.11766,  0.55913,  0.35537
12284, 4347, -0.06531,  0.02954,  0.03591,  0.53887,  0.11766,  0.46804,  0.35537
12285, 4350, -0.06524,  0.03003,  0.04071,  0.53887,  0.13766,  0.46804,  0.3754
12286, 4351, -0.06036,  0.03399,  0.04208,  0.62996,  0.13766,  0.55913,  0.3754
12287, 4348, -0.0607,  0.03333,  0.03704,  0.62996,  0.11766,  0.55913,  0.35537
12288, 4349, -0.06108,  0.03304,  0.03239,  0.62996,  0.09867,  0.55913,  0.3389
12289, 4352, -0.06603,  0.0301,  0.02725,  0.53887,  0.08231,  0.46804,  0.32471
12290, 4346, -0.06541,  0.02946,  0.0315,  0.53887,  0.09867,  0.46804,  0.3389
12291, 4349, -0.06108,  0.03304,  0.03239,  0.62996,  0.09867,  0.55913,  0.3389
12292, 4353, -0.06197,  0.03344,  0.02793,  0.62996,  0.08231,  0.55913,  0.32471
12293, 4352, -0.06603,  0.0301,  0.02725,  0.53887,  0.08231,  0.46804,  0.32471
12294, 4354, -0.0633,  0.03449,  0.0242,  0.62996,  0.06778,  0.55913,  0.31143
12295, 4352, -0.06603,  0.0301,  0.02725,  0.53887,  0.08231,  0.46804,  0.32471
12296, 4353, -0.06197,  0.03344,  0.02793,  0.62996,  0.08231,  0.55913,  0.32471
12297, 4354, -0.0633,  0.03449,  0.0242,  0.62996,  0.06778,  0.55913,  0.31143
12298, 4355, -0.06707,  0.0315,  0.02367,  0.53887,  0.06778,  0.46804,  0.31143
12299, 4352, -0.06603,  0.0301,  0.02725,  0.53887,  0.08231,  0.46804,  0.32471
12300, 4351, -0.06036,  0.03399,  0.04208,  0.62996,  0.13766,  0.55913,  0.3754
12301, 4350, -0.06524,  0.03003,  0.04071,  0.53887,  0.13766,  0.46804,  0.3754
12302, 4356, -0.0647,  0.03061,  0.04613,  0.53887,  0.15702,  0.46804,  0.40024
12303, 4351, -0.06036,  0.03399,  0.04208,  0.62996,  0.13766,  0.55913,  0.3754
12304, 4356, -0.0647,  0.03061,  0.04613,  0.53887,  0.15702,  0.46804,  0.40024
12305, 4357, -0.05961,  0.03469,  0.04769,  0.62996,  0.15702,  0.55913,  0.40024
12306, 4358, -0.05858,  0.03506,  0.05366,  0.62996,  0.192,  0.55913,  0.43131
12307, 4357, -0.05961,  0.03469,  0.04769,  0.62996,  0.15702,  0.55913,  0.40024
12308, 4356, -0.0647,  0.03061,  0.04613,  0.53887,  0.15702,  0.46804,  0.40024
12309, 4358, -0.05858,  0.03506,  0.05366,  0.62996,  0.192,  0.55913,  0.43131
12310, 4356, -0.0647,  0.03061,  0.04613,  0.53887,  0.15702,  0.46804,  0.40024
12311, 4359, -0.06383,  0.03091,  0.05199,  0.53887,  0.192,  0.46804,  0.43131
12312, 4359, -0.06383,  0.03091,  0.05199,  0.53887,  0.192,  0.46804,  0.43131
12313, 4360, -0.05737,  0.03473,  0.05978,  0.62996,  0.25887,  0.55913,  0.47004
12314, 4358, -0.05858,  0.03506,  0.05366,  0.62996,  0.192,  0.55913,  0.43131
12315, 4359, -0.06383,  0.03091,  0.05199,  0.53887,  0.192,  0.46804,  0.43131
12316, 4361, -0.06275,  0.0306,  0.05813,  0.53887,  0.25887,  0.46804,  0.47004
12317, 4360, -0.05737,  0.03473,  0.05978,  0.62996,  0.25887,  0.55913,  0.47004
12318, 4362, -0.06148,  0.0297,  0.06427,  0.53887,  0.33327,  0.46804,  0.51262
12319, 4360, -0.05737,  0.03473,  0.05978,  0.62996,  0.25887,  0.55913,  0.47004
12320, 4361, -0.06275,  0.0306,  0.05813,  0.53887,  0.25887,  0.46804,  0.47004
12321, 4362, -0.06148,  0.0297,  0.06427,  0.53887,  0.33327,  0.46804,  0.51262
12322, 4363, -0.05605,  0.03378,  0.06586,  0.62996,  0.33327,  0.55913,  0.51262
12323, 4360, -0.05737,  0.03473,  0.05978,  0.62996,  0.25887,  0.55913,  0.47004
12324, 4363, -0.05605,  0.03378,  0.06586,  0.62996,  0.33327,  0.55913,  0.51262
12325, 4362, -0.06148,  0.0297,  0.06427,  0.53887,  0.33327,  0.46804,  0.51262
12326, 4364, -0.06007,  0.02824,  0.07014,  0.53887,  0.39086,  0.46804,  0.55526
12327, 4363, -0.05605,  0.03378,  0.06586,  0.62996,  0.33327,  0.55913,  0.51262
12328, 4364, -0.06007,  0.02824,  0.07014,  0.53887,  0.39086,  0.46804,  0.55526
12329, 4365, -0.05473,  0.03226,  0.07169,  0.62996,  0.39086,  0.55913,  0.55526
12330, 4366, -0.05329,  0.03028,  0.07742,  0.62996,  0.44022,  0.55913,  0.59808
12331, 4365, -0.05473,  0.03226,  0.07169,  0.62996,  0.39086,  0.55913,  0.55526
12332, 4364, -0.06007,  0.02824,  0.07014,  0.53887,  0.39086,  0.46804,  0.55526
12333, 4366, -0.05329,  0.03028,  0.07742,  0.62996,  0.44022,  0.55913,  0.59808
12334, 4364, -0.06007,  0.02824,  0.07014,  0.53887,  0.39086,  0.46804,  0.55526
12335, 4367, -0.05833,  0.02626,  0.0758,  0.53887,  0.44022,  0.46804,  0.59808
12336, 4367, -0.05833,  0.02626,  0.0758,  0.53887,  0.44022,  0.46804,  0.59808
12337, 4368, -0.05162,  0.02796,  0.08325,  0.62996,  0.48991,  0.55913,  0.64118
12338, 4366, -0.05329,  0.03028,  0.07742,  0.62996,  0.44022,  0.55913,  0.59808
12339, 4367, -0.05833,  0.02626,  0.0758,  0.53887,  0.44022,  0.46804,  0.59808
12340, 4369, -0.05608,  0.02377,  0.08132,  0.53887,  0.48991,  0.46804,  0.64118
12341, 4368, -0.05162,  0.02796,  0.08325,  0.62996,  0.48991,  0.55913,  0.64118
12342, 4370, -0.05348,  0.02097,  0.08659,  0.53887,  0.55315,  0.46804,  0.69603
12343, 4368, -0.05162,  0.02796,  0.08325,  0.62996,  0.48991,  0.55913,  0.64118
12344, 4369, -0.05608,  0.02377,  0.08132,  0.53887,  0.48991,  0.46804,  0.64118
12345, 4370, -0.05348,  0.02097,  0.08659,  0.53887,  0.55315,  0.46804,  0.69603
12346, 4371, -0.04974,  0.02546,  0.08898,  0.62996,  0.55315,  0.55913,  0.69603
12347, 4368, -0.05162,  0.02796,  0.08325,  0.62996,  0.48991,  0.55913,  0.64118
12348, 4371, -0.04974,  0.02546,  0.08898,  0.62996,  0.55315,  0.55913,  0.69603
12349, 4370, -0.05348,  0.02097,  0.08659,  0.53887,  0.55315,  0.46804,  0.69603
12350, 4372, -0.05071,  0.01804,  0.0915,  0.53887,  0.64313,  0.46804,  0.77408
12351, 4371, -0.04974,  0.02546,  0.08898,  0.62996,  0.55315,  0.55913,  0.69603
12352, 4372, -0.05071,  0.01804,  0.0915,  0.53887,  0.64313,  0.46804,  0.77408
12353, 4373, -0.04772,  0.02295,  0.09449,  0.62996,  0.64313,  0.55913,  0.77408
12354, 4373, -0.04772,  0.02295,  0.09449,  0.62996,  0.64313,  0.55913,  0.77408
12355, 4372, -0.05071,  0.01804,  0.0915,  0.53887,  0.64313,  0.46804,  0.77408
12356, 4374, -0.04784,  0.01504,  0.09624,  0.53887,  0.74649,  0.46804,  0.86374
12357, 4373, -0.04772,  0.02295,  0.09449,  0.62996,  0.64313,  0.55913,  0.77408
12358, 4374, -0.04784,  0.01504,  0.09624,  0.53887,  0.74649,  0.46804,  0.86374
12359, 4375, -0.04563,  0.02042,  0.09987,  0.62996,  0.74649,  0.55913,  0.86374
12360, 4376, -0.07291,  0.04301,  0.01893,  0.62996,  0.00202,  0.55913,  0.22338
12361, 4377, -0.07483,  0.04207,  0.01846,  0.53887,  0.00202,  0.46804,  0.22338
12362, 4378, -0.07238,  0.03921,  0.01894,  0.53887,  0.02161,  0.46804,  0.25353
12363, 4376, -0.07291,  0.04301,  0.01893,  0.62996,  0.00202,  0.55913,  0.22338
12364, 4378, -0.07238,  0.03921,  0.01894,  0.53887,  0.02161,  0.46804,  0.25353
12365, 4379, -0.06988,  0.04058,  0.01943,  0.62996,  0.02161,  0.55913,  0.25353
12366, 4379, -0.06988,  0.04058,  0.01943,  0.62996,  0.02161,  0.55913,  0.25353
12367, 4378, -0.07238,  0.03921,  0.01894,  0.53887,  0.02161,  0.46804,  0.25353
12368, 4380, -0.07016,  0.03641,  0.01976,  0.53887,  0.03956,  0.46804,  0.27964
12369, 4379, -0.06988,  0.04058,  0.01943,  0.62996,  0.02161,  0.55913,  0.25353
12370, 4380, -0.07016,  0.03641,  0.01976,  0.53887,  0.03956,  0.46804,  0.27964
12371, 4381, -0.06715,  0.03826,  0.02027,  0.62996,  0.03956,  0.55913,  0.27964
12372, 4381, -0.06715,  0.03826,  0.02027,  0.62996,  0.03956,  0.55913,  0.27964
12373, 4380, -0.07016,  0.03641,  0.01976,  0.53887,  0.03956,  0.46804,  0.27964
12374, 4382, -0.06842,  0.03372,  0.02126,  0.53887,  0.05424,  0.46804,  0.29767
12375, 4381, -0.06715,  0.03826,  0.02027,  0.62996,  0.03956,  0.55913,  0.27964
12376, 4382, -0.06842,  0.03372,  0.02126,  0.53887,  0.05424,  0.46804,  0.29767
12377, 4383, -0.06499,  0.03617,  0.02176,  0.62996,  0.05424,  0.55913,  0.29767
12378, 4383, -0.06499,  0.03617,  0.02176,  0.62996,  0.05424,  0.55913,  0.29767
12379, 4382, -0.06842,  0.03372,  0.02126,  0.53887,  0.05424,  0.46804,  0.29767
12380, 4355, -0.06707,  0.0315,  0.02367,  0.53887,  0.06778,  0.46804,  0.31143
12381, 4383, -0.06499,  0.03617,  0.02176,  0.62996,  0.05424,  0.55913,  0.29767
12382, 4355, -0.06707,  0.0315,  0.02367,  0.53887,  0.06778,  0.46804,  0.31143
12383, 4354, -0.0633,  0.03449,  0.0242,  0.62996,  0.06778,  0.55913,  0.31143
12384, 4384, -0.05858,  0.04157,  0.02094,  0.61859,  0.00202,  1.53667,  0.29178
12385, 4385, -0.06036,  0.04042,  0.02123,  0.55984,  0.00202,  1.4754,  0.29178
12386, 4386, -0.06271,  0.0386,  0.02769,  0.55984,  0.05163,  1.4754,  0.33165
12387, 4384, -0.05858,  0.04157,  0.02094,  0.61859,  0.00202,  1.53667,  0.29178
12388, 4386, -0.06271,  0.0386,  0.02769,  0.55984,  0.05163,  1.4754,  0.33165
12389, 4387, -0.06035,  0.03991,  0.02767,  0.61859,  0.05163,  1.53667,  0.33165
12390, 4387, -0.06035,  0.03991,  0.02767,  0.61859,  0.05163,  1.53667,  0.33165
12391, 4386, -0.06271,  0.0386,  0.02769,  0.55984,  0.05163,  1.4754,  0.33165
12392, 4388, -0.06465,  0.03684,  0.03413,  0.55984,  0.10273,  1.4754,  0.37316
12393, 4387, -0.06035,  0.03991,  0.02767,  0.61859,  0.05163,  1.53667,  0.33165
12394, 4388, -0.06465,  0.03684,  0.03413,  0.55984,  0.10273,  1.4754,  0.37316
12395, 4389, -0.06177,  0.0383,  0.03438,  0.61859,  0.10273,  1.53667,  0.37316
12396, 4388, -0.06465,  0.03684,  0.03413,  0.55984,  0.10273,  1.4754,  0.37316
12397, 4390, -0.06248,  0.0368,  0.04103,  0.61859,  0.15678,  1.53667,  0.41794
12398, 4389, -0.06177,  0.0383,  0.03438,  0.61859,  0.10273,  1.53667,  0.37316
12399, 4388, -0.06465,  0.03684,  0.03413,  0.55984,  0.10273,  1.4754,  0.37316
12400, 4391, -0.0658,  0.03523,  0.04052,  0.55984,  0.15678,  1.4754,  0.41794
12401, 4390, -0.06248,  0.0368,  0.04103,  0.61859,  0.15678,  1.53667,  0.41794
12402, 4392, -0.06611,  0.03381,  0.04721,  0.55984,  0.2136,  1.4754,  0.46546
12403, 4390, -0.06248,  0.0368,  0.04103,  0.61859,  0.15678,  1.53667,  0.41794
12404, 4391, -0.0658,  0.03523,  0.04052,  0.55984,  0.15678,  1.4754,  0.41794
12405, 4392, -0.06611,  0.03381,  0.04721,  0.55984,  0.2136,  1.4754,  0.46546
12406, 4393, -0.0625,  0.03542,  0.04785,  0.61859,  0.2136,  1.53667,  0.46546
12407, 4390, -0.06248,  0.0368,  0.04103,  0.61859,  0.15678,  1.53667,  0.41794
12408, 4392, -0.06611,  0.03381,  0.04721,  0.55984,  0.2136,  1.4754,  0.46546
12409, 4394, -0.06184,  0.03417,  0.05509,  0.61859,  0.27304,  1.53667,  0.51515
12410, 4393, -0.0625,  0.03542,  0.04785,  0.61859,  0.2136,  1.53667,  0.46546
12411, 4392, -0.06611,  0.03381,  0.04721,  0.55984,  0.2136,  1.4754,  0.46546
12412, 4395, -0.06555,  0.0326,  0.05451,  0.55984,  0.27304,  1.4754,  0.51515
12413, 4394, -0.06184,  0.03417,  0.05509,  0.61859,  0.27304,  1.53667,  0.51515
12414, 4396, -0.06424,  0.03133,  0.06193,  0.55984,  0.32967,  1.4754,  0.56251
12415, 4394, -0.06184,  0.03417,  0.05509,  0.61859,  0.27304,  1.53667,  0.51515
12416, 4395, -0.06555,  0.0326,  0.05451,  0.55984,  0.27304,  1.4754,  0.51515
12417, 4396, -0.06424,  0.03133,  0.06193,  0.55984,  0.32967,  1.4754,  0.56251
12418, 4397, -0.06067,  0.03281,  0.06233,  0.61859,  0.32967,  1.53667,  0.56251
12419, 4394, -0.06184,  0.03417,  0.05509,  0.61859,  0.27304,  1.53667,  0.51515
12420, 4397, -0.06067,  0.03281,  0.06233,  0.61859,  0.32967,  1.53667,  0.56251
12421, 4396, -0.06424,  0.03133,  0.06193,  0.55984,  0.32967,  1.4754,  0.56251
12422, 4398, -0.06232,  0.02971,  0.06893,  0.55984,  0.3781,  1.4754,  0.60301
12423, 4397, -0.06067,  0.03281,  0.06233,  0.61859,  0.32967,  1.53667,  0.56251
12424, 4398, -0.06232,  0.02971,  0.06893,  0.55984,  0.3781,  1.4754,  0.60301
12425, 4399, -0.05922,  0.03109,  0.06916,  0.61859,  0.3781,  1.53667,  0.60301
12426, 4399, -0.05922,  0.03109,  0.06916,  0.61859,  0.3781,  1.53667,  0.60301
12427, 4398, -0.06232,  0.02971,  0.06893,  0.55984,  0.3781,  1.4754,  0.60301
12428, 4400, -0.05998,  0.02763,  0.07537,  0.55984,  0.42243,  1.4754,  0.64007
12429, 4399, -0.05922,  0.03109,  0.06916,  0.61859,  0.3781,  1.53667,  0.60301
12430, 4400, -0.05998,  0.02763,  0.07537,  0.55984,  0.42243,  1.4754,  0.64007
12431, 4401, -0.05745,  0.02897,  0.07551,  0.61859,  0.42243,  1.53667,  0.64007
12432, 4400, -0.05998,  0.02763,  0.07537,  0.55984,  0.42243,  1.4754,  0.64007
12433, 4402, -0.05531,  0.02644,  0.08126,  0.61859,  0.46677,  1.53667,  0.67714
12434, 4401, -0.05745,  0.02897,  0.07551,  0.61859,  0.42243,  1.53667,  0.64007
12435, 4400, -0.05998,  0.02763,  0.07537,  0.55984,  0.42243,  1.4754,  0.64007
12436, 4403, -0.05739,  0.02501,  0.08106,  0.55984,  0.46677,  1.4754,  0.67714
12437, 4402, -0.05531,  0.02644,  0.08126,  0.61859,  0.46677,  1.53667,  0.67714
12438, 4404, -0.05461,  0.02201,  0.08616,  0.55984,  0.52953,  1.4754,  0.72962
12439, 4402, -0.05531,  0.02644,  0.08126,  0.61859,  0.46677,  1.53667,  0.67714
12440, 4403, -0.05739,  0.02501,  0.08106,  0.55984,  0.46677,  1.4754,  0.67714
12441, 4404, -0.05461,  0.02201,  0.08616,  0.55984,  0.52953,  1.4754,  0.72962
12442, 4405, -0.05293,  0.02363,  0.08654,  0.61859,  0.52953,  1.53667,  0.72962
12443, 4402, -0.05531,  0.02644,  0.08126,  0.61859,  0.46677,  1.53667,  0.67714
12444, 4404, -0.05461,  0.02201,  0.08616,  0.55984,  0.52953,  1.4754,  0.72962
12445, 4406, -0.05046,  0.02068,  0.09145,  0.61859,  0.62917,  1.53667,  0.81293
12446, 4405, -0.05293,  0.02363,  0.08654,  0.61859,  0.52953,  1.53667,  0.72962
12447, 4404, -0.05461,  0.02201,  0.08616,  0.55984,  0.52953,  1.4754,  0.72962
12448, 4407, -0.05175,  0.0188,  0.09085,  0.55984,  0.62917,  1.4754,  0.81293
12449, 4406, -0.05046,  0.02068,  0.09145,  0.61859,  0.62917,  1.53667,  0.81293
12450, 4408, -0.04886,  0.01547,  0.09534,  0.55984,  0.74724,  1.4754,  0.91166
12451, 4406, -0.05046,  0.02068,  0.09145,  0.61859,  0.62917,  1.53667,  0.81293
12452, 4407, -0.05175,  0.0188,  0.09085,  0.55984,  0.62917,  1.4754,  0.81293
12453, 4408, -0.04886,  0.01547,  0.09534,  0.55984,  0.74724,  1.4754,  0.91166
12454, 4409, -0.04793,  0.01767,  0.09619,  0.61859,  0.74724,  1.53667,  0.91166
12455, 4406, -0.05046,  0.02068,  0.09145,  0.61859,  0.62917,  1.53667,  0.81293
12456, 4410, -0.05845, -0.03599,  0.06856,  0.6348,  0.15699,  1.77344,  0.46016
12457, 4411, -0.05907, -0.03383,  0.06441,  0.6348,  0.13543,  1.77344,  0.4131
12458, 4412, -0.05229, -0.03613,  0.06232,  0.54183,  0.13543,  1.68047,  0.4131
12459, 4410, -0.05845, -0.03599,  0.06856,  0.6348,  0.15699,  1.77344,  0.46016
12460, 4412, -0.05229, -0.03613,  0.06232,  0.54183,  0.13543,  1.68047,  0.4131
12461, 4413, -0.05124, -0.03842,  0.06648,  0.54183,  0.15699,  1.68047,  0.46016
12462, 4414, -0.0594, -0.03112,  0.06116,  0.6348,  0.11221,  1.77344,  0.36938
12463, 4412, -0.05229, -0.03613,  0.06232,  0.54183,  0.13543,  1.68047,  0.4131
12464, 4411, -0.05907, -0.03383,  0.06441,  0.6348,  0.13543,  1.77344,  0.4131
12465, 4414, -0.0594, -0.03112,  0.06116,  0.6348,  0.11221,  1.77344,  0.36938
12466, 4415, -0.05324, -0.03325,  0.05915,  0.54183,  0.11221,  1.68047,  0.36938
12467, 4412, -0.05229, -0.03613,  0.06232,  0.54183,  0.13543,  1.68047,  0.4131
12468, 4410, -0.05845, -0.03599,  0.06856,  0.6348,  0.15699,  1.77344,  0.46016
12469, 4413, -0.05124, -0.03842,  0.06648,  0.54183,  0.15699,  1.68047,  0.46016
12470, 4416, -0.05014, -0.03993,  0.07176,  0.54183,  0.17193,  1.68047,  0.50168
12471, 4410, -0.05845, -0.03599,  0.06856,  0.6348,  0.15699,  1.77344,  0.46016
12472, 4416, -0.05014, -0.03993,  0.07176,  0.54183,  0.17193,  1.68047,  0.50168
12473, 4417, -0.05745, -0.03738,  0.07378,  0.6348,  0.17193,  1.77344,  0.50168
12474, 4417, -0.05745, -0.03738,  0.07378,  0.6348,  0.17193,  1.77344,  0.50168
12475, 4416, -0.05014, -0.03993,  0.07176,  0.54183,  0.17193,  1.68047,  0.50168
12476, 4418, -0.04913, -0.04033,  0.07749,  0.54183,  0.18552,  1.68047,  0.54129
12477, 4417, -0.05745, -0.03738,  0.07378,  0.6348,  0.17193,  1.77344,  0.50168
12478, 4418, -0.04913, -0.04033,  0.07749,  0.54183,  0.18552,  1.68047,  0.54129
12479, 4419, -0.0563, -0.03767,  0.07937,  0.6348,  0.18552,  1.77344,  0.54129
12480, 4419, -0.0563, -0.03767,  0.07937,  0.6348,  0.18552,  1.77344,  0.54129
12481, 4418, -0.04913, -0.04033,  0.07749,  0.54183,  0.18552,  1.68047,  0.54129
12482, 4420, -0.04833, -0.03928,  0.083,  0.54183,  0.20304,  1.68047,  0.58265
12483, 4419, -0.0563, -0.03767,  0.07937,  0.6348,  0.18552,  1.77344,  0.54129
12484, 4420, -0.04833, -0.03928,  0.083,  0.54183,  0.20304,  1.68047,  0.58265
12485, 4421, -0.05522, -0.03652,  0.08463,  0.6348,  0.20304,  1.77344,  0.58265
12486, 4421, -0.05522, -0.03652,  0.08463,  0.6348,  0.20304,  1.77344,  0.58265
12487, 4420, -0.04833, -0.03928,  0.083,  0.54183,  0.20304,  1.68047,  0.58265
12488, 4422, -0.04769, -0.03711,  0.08825,  0.54183,  0.22301,  1.68047,  0.62409
12489, 4421, -0.05522, -0.03652,  0.08463,  0.6348,  0.20304,  1.77344,  0.58265
12490, 4422, -0.04769, -0.03711,  0.08825,  0.54183,  0.22301,  1.68047,  0.62409
12491, 4423, -0.05406, -0.03423,  0.08956,  0.6348,  0.22301,  1.77344,  0.62409
12492, 4423, -0.05406, -0.03423,  0.08956,  0.6348,  0.22301,  1.77344,  0.62409
12493, 4422, -0.04769, -0.03711,  0.08825,  0.54183,  0.22301,  1.68047,  0.62409
12494, 4424, -0.04713, -0.03415,  0.09319,  0.54183,  0.244,  1.68047,  0.66397
12495, 4423, -0.05406, -0.03423,  0.08956,  0.6348,  0.22301,  1.77344,  0.62409
12496, 4424, -0.04713, -0.03415,  0.09319,  0.54183,  0.244,  1.68047,  0.66397
12497, 4425, -0.05265, -0.03106,  0.09418,  0.6348,  0.244,  1.77344,  0.66397
12498, 4425, -0.05265, -0.03106,  0.09418,  0.6348,  0.244,  1.77344,  0.66397
12499, 4424, -0.04713, -0.03415,  0.09319,  0.54183,  0.244,  1.68047,  0.66397
12500, 4426, -0.04618, -0.03056,  0.09765,  0.54183,  0.26913,  1.68047,  0.69873
12501, 4425, -0.05265, -0.03106,  0.09418,  0.6348,  0.244,  1.77344,  0.66397
12502, 4426, -0.04618, -0.03056,  0.09765,  0.54183,  0.26913,  1.68047,  0.69873
12503, 4427, -0.05093, -0.0275,  0.09844,  0.6348,  0.26913,  1.77344,  0.69873
12504, 4414, -0.0594, -0.03112,  0.06116,  0.6348,  0.11221,  1.77344,  0.36938
12505, 4428, -0.05404, -0.03,  0.0568,  0.54183,  0.09225,  1.68047,  0.3379
12506, 4415, -0.05324, -0.03325,  0.05915,  0.54183,  0.11221,  1.68047,  0.36938
12507, 4414, -0.0594, -0.03112,  0.06116,  0.6348,  0.11221,  1.77344,  0.36938
12508, 4429, -0.05953, -0.02804,  0.05865,  0.6348,  0.09225,  1.77344,  0.3379
12509, 4428, -0.05404, -0.03,  0.0568,  0.54183,  0.09225,  1.68047,  0.3379
12510, 4430, -0.05946, -0.02492,  0.0572,  0.6348,  0.06952,  1.77344,  0.31416
12511, 4428, -0.05404, -0.03,  0.0568,  0.54183,  0.09225,  1.68047,  0.3379
12512, 4429, -0.05953, -0.02804,  0.05865,  0.6348,  0.09225,  1.77344,  0.3379
12513, 4430, -0.05946, -0.02492,  0.0572,  0.6348,  0.06952,  1.77344,  0.31416
12514, 4431, -0.05472, -0.02663,  0.05553,  0.54183,  0.06952,  1.68047,  0.31416
12515, 4428, -0.05404, -0.03,  0.0568,  0.54183,  0.09225,  1.68047,  0.3379
12516, 4427, -0.05093, -0.0275,  0.09844,  0.6348,  0.26913,  1.77344,  0.69873
12517, 4426, -0.04618, -0.03056,  0.09765,  0.54183,  0.26913,  1.68047,  0.69873
12518, 4432, -0.04437, -0.02653,  0.10145,  0.54183,  0.30156,  1.68047,  0.72484
12519, 4427, -0.05093, -0.0275,  0.09844,  0.6348,  0.26913,  1.77344,  0.69873
12520, 4432, -0.04437, -0.02653,  0.10145,  0.54183,  0.30156,  1.68047,  0.72484
12521, 4433, -0.0488, -0.02403,  0.10232,  0.6348,  0.30156,  1.77344,  0.72484
12522, 4433, -0.0488, -0.02403,  0.10232,  0.6348,  0.30156,  1.77344,  0.72484
12523, 4432, -0.04437, -0.02653,  0.10145,  0.54183,  0.30156,  1.68047,  0.72484
12524, 4434, -0.04235, -0.02265,  0.10385,  0.54183,  0.33999,  1.68047,  0.74803
12525, 4433, -0.0488, -0.02403,  0.10232,  0.6348,  0.30156,  1.77344,  0.72484
12526, 4434, -0.04235, -0.02265,  0.10385,  0.54183,  0.33999,  1.68047,  0.74803
12527, 4435, -0.04647, -0.02081,  0.10476,  0.6348,  0.33999,  1.77344,  0.74803
12528, 4435, -0.04647, -0.02081,  0.10476,  0.6348,  0.33999,  1.77344,  0.74803
12529, 4434, -0.04235, -0.02265,  0.10385,  0.54183,  0.33999,  1.68047,  0.74803
12530, 4436, -0.04071, -0.0195,  0.10409,  0.54183,  0.38313,  1.68047,  0.77407
12531, 4435, -0.04647, -0.02081,  0.10476,  0.6348,  0.33999,  1.77344,  0.74803
12532, 4436, -0.04071, -0.0195,  0.10409,  0.54183,  0.38313,  1.68047,  0.77407
12533, 4437, -0.04416, -0.01802,  0.10475,  0.6348,  0.38313,  1.77344,  0.77407
12534, 4437, -0.04416, -0.01802,  0.10475,  0.6348,  0.38313,  1.77344,  0.77407
12535, 4436, -0.04071, -0.0195,  0.10409,  0.54183,  0.38313,  1.68047,  0.77407
12536, 4438, -0.03928, -0.01671,  0.10326,  0.54183,  0.42863,  1.68047,  0.80153
12537, 4437, -0.04416, -0.01802,  0.10475,  0.6348,  0.38313,  1.77344,  0.77407
12538, 4438, -0.03928, -0.01671,  0.10326,  0.54183,  0.42863,  1.68047,  0.80153
12539, 4439, -0.04185, -0.01544,  0.1035,  0.6348,  0.42863,  1.77344,  0.80153
12540, 4440, -0.05877, -0.01936,  0.0577,  0.6348,  0.00202,  1.77344,  0.2748
12541, 4441, -0.05586, -0.0203,  0.0563,  0.54183,  0.00202,  1.68047,  0.2748
12542, 4442, -0.05531, -0.02342,  0.05558,  0.54183,  0.03797,  1.68047,  0.29367
12543, 4440, -0.05877, -0.01936,  0.0577,  0.6348,  0.00202,  1.77344,  0.2748
12544, 4442, -0.05531, -0.02342,  0.05558,  0.54183,  0.03797,  1.68047,  0.29367
12545, 4443, -0.05917, -0.02207,  0.05711,  0.6348,  0.03797,  1.77344,  0.29367
12546, 4443, -0.05917, -0.02207,  0.05711,  0.6348,  0.03797,  1.77344,  0.29367
12547, 4442, -0.05531, -0.02342,  0.05558,  0.54183,  0.03797,  1.68047,  0.29367
12548, 4444, -0.05472, -0.02663,  0.05553,  0.54183,  0.06952,  1.68047,  0.31416
12549, 4443, -0.05917, -0.02207,  0.05711,  0.6348,  0.03797,  1.77344,  0.29367
12550, 4444, -0.05472, -0.02663,  0.05553,  0.54183,  0.06952,  1.68047,  0.31416
12551, 4445, -0.05946, -0.02492,  0.0572,  0.6348,  0.06952,  1.77344,  0.31416
12552, 4446, -0.0177, -0.0125,  0.14117,  0.39572,  0.75486,  0.45535,  0.42302
12553, 4447, -0.02039, -0.01043,  0.13425,  0.39572,  0.82196,  0.45535,  0.46453
12554, 4448, -0.0167,  0.00136,  0.13824,  0.22206,  0.82196,  0.55131,  0.46453
12555, 4446, -0.0177, -0.0125,  0.14117,  0.39572,  0.75486,  0.45535,  0.42302
12556, 4448, -0.0167,  0.00136,  0.13824,  0.22206,  0.82196,  0.55131,  0.46453
12557, 4449, -0.01394, -0.00019,  0.14491,  0.22206,  0.75486,  0.55131,  0.42302
12558, 4450, -0.02439, -0.00799,  0.12816,  0.39572,  0.88809,  0.45535,  0.50529
12559, 4448, -0.0167,  0.00136,  0.13824,  0.22206,  0.82196,  0.55131,  0.46453
12560, 4447, -0.02039, -0.01043,  0.13425,  0.39572,  0.82196,  0.45535,  0.46453
12561, 4450, -0.02439, -0.00799,  0.12816,  0.39572,  0.88809,  0.45535,  0.50529
12562, 4451, -0.02096,  0.0032,  0.13236,  0.22206,  0.88809,  0.55131,  0.50529
12563, 4448, -0.0167,  0.00136,  0.13824,  0.22206,  0.82196,  0.55131,  0.46453
12564, 4449, -0.01394, -0.00019,  0.14491,  0.22206,  0.75486,  0.55131,  0.42302
12565, 4452, -0.01766, -0.01382,  0.14975,  0.39572,  0.68586,  0.45535,  0.38001
12566, 4446, -0.0177, -0.0125,  0.14117,  0.39572,  0.75486,  0.45535,  0.42302
12567, 4449, -0.01394, -0.00019,  0.14491,  0.22206,  0.75486,  0.55131,  0.42302
12568, 4453, -0.01418, -0.00116,  0.15312,  0.22206,  0.68586,  0.55131,  0.38001
12569, 4452, -0.01766, -0.01382,  0.14975,  0.39572,  0.68586,  0.45535,  0.38001
12570, 4454, -0.02003, -0.01411,  0.15807,  0.39572,  0.61978,  0.45535,  0.33582
12571, 4452, -0.01766, -0.01382,  0.14975,  0.39572,  0.68586,  0.45535,  0.38001
12572, 4453, -0.01418, -0.00116,  0.15312,  0.22206,  0.68586,  0.55131,  0.38001
12573, 4454, -0.02003, -0.01411,  0.15807,  0.39572,  0.61978,  0.45535,  0.33582
12574, 4453, -0.01418, -0.00116,  0.15312,  0.22206,  0.68586,  0.55131,  0.38001
12575, 4455, -0.01707, -0.00132,  0.16102,  0.22206,  0.61978,  0.55131,  0.33582
12576, 4455, -0.01707, -0.00132,  0.16102,  0.22206,  0.61978,  0.55131,  0.33582
12577, 4456, -0.02461, -0.01309,  0.1642,  0.39572,  0.5615,  0.45535,  0.29078
12578, 4454, -0.02003, -0.01411,  0.15807,  0.39572,  0.61978,  0.45535,  0.33582
12579, 4455, -0.01707, -0.00132,  0.16102,  0.22206,  0.61978,  0.55131,  0.33582
12580, 4457, -0.02228, -0.00039,  0.16676,  0.22206,  0.5615,  0.55131,  0.29078
12581, 4456, -0.02461, -0.01309,  0.1642,  0.39572,  0.5615,  0.45535,  0.29078
12582, 4458, -0.03109, -0.01114,  0.16727,  0.39572,  0.50397,  0.45535,  0.2458
12583, 4456, -0.02461, -0.01309,  0.1642,  0.39572,  0.5615,  0.45535,  0.29078
12584, 4457, -0.02228, -0.00039,  0.16676,  0.22206,  0.5615,  0.55131,  0.29078
12585, 4458, -0.03109, -0.01114,  0.16727,  0.39572,  0.50397,  0.45535,  0.2458
12586, 4457, -0.02228, -0.00039,  0.16676,  0.22206,  0.5615,  0.55131,  0.29078
12587, 4459, -0.02928,  0.00099,  0.16963,  0.22206,  0.50397,  0.55131,  0.2458
12588, 4459, -0.02928,  0.00099,  0.16963,  0.22206,  0.50397,  0.55131,  0.2458
12589, 4460, -0.03916, -0.00868,  0.16636,  0.39572,  0.44017,  0.45535,  0.2018
12590, 4458, -0.03109, -0.01114,  0.16727,  0.39572,  0.50397,  0.45535,  0.2458
12591, 4459, -0.02928,  0.00099,  0.16963,  0.22206,  0.50397,  0.55131,  0.2458
12592, 4461, -0.03756,  0.00221,  0.16894,  0.22206,  0.44017,  0.55131,  0.2018
12593, 4460, -0.03916, -0.00868,  0.16636,  0.39572,  0.44017,  0.45535,  0.2018
12594, 4462, -0.04537,  0.00361,  0.16618,  0.22206,  0.36154,  0.55131,  0.16083
12595, 4460, -0.03916, -0.00868,  0.16636,  0.39572,  0.44017,  0.45535,  0.2018
12596, 4461, -0.03756,  0.00221,  0.16894,  0.22206,  0.44017,  0.55131,  0.2018
12597, 4462, -0.04537,  0.00361,  0.16618,  0.22206,  0.36154,  0.55131,  0.16083
12598, 4463, -0.04694, -0.00577,  0.16335,  0.39572,  0.36154,  0.45535,  0.16083
12599, 4460, -0.03916, -0.00868,  0.16636,  0.39572,  0.44017,  0.45535,  0.2018
12600, 4463, -0.04694, -0.00577,  0.16335,  0.39572,  0.36154,  0.45535,  0.16083
12601, 4462, -0.04537,  0.00361,  0.16618,  0.22206,  0.36154,  0.55131,  0.16083
12602, 4464, -0.05099,  0.00558,  0.16287,  0.22206,  0.25955,  0.55131,  0.12491
12603, 4463, -0.04694, -0.00577,  0.16335,  0.39572,  0.36154,  0.45535,  0.16083
12604, 4464, -0.05099,  0.00558,  0.16287,  0.22206,  0.25955,  0.55131,  0.12491
12605, 4465, -0.05256, -0.00248,  0.16009,  0.39572,  0.25955,  0.45535,  0.12491
12606, 4466, -0.05658,  0.00068,  0.15577,  0.39572,  0.15631,  0.45535,  0.0927
12607, 4465, -0.05256, -0.00248,  0.16009,  0.39572,  0.25955,  0.45535,  0.12491
12608, 4464, -0.05099,  0.00558,  0.16287,  0.22206,  0.25955,  0.55131,  0.12491
12609, 4466, -0.05658,  0.00068,  0.15577,  0.39572,  0.15631,  0.45535,  0.0927
12610, 4464, -0.05099,  0.00558,  0.16287,  0.22206,  0.25955,  0.55131,  0.12491
12611, 4467, -0.05497,  0.00754,  0.15832,  0.22206,  0.15631,  0.55131,  0.0927
12612, 4468, -0.06023,  0.01007,  0.14442,  0.22206,  0.00202,  0.55131,  0.03416
12613, 4469, -0.06201,  0.00544,  0.14244,  0.39572,  0.00202,  0.45535,  0.03416
12614, 4470, -0.05955,  0.00322,  0.14957,  0.39572,  0.07395,  0.45535,  0.06284
12615, 4468, -0.06023,  0.01007,  0.14442,  0.22206,  0.00202,  0.55131,  0.03416
12616, 4470, -0.05955,  0.00322,  0.14957,  0.39572,  0.07395,  0.45535,  0.06284
12617, 4471, -0.05787,  0.00894,  0.15185,  0.22206,  0.07395,  0.55131,  0.06284
12618, 4472, -0.05497,  0.00754,  0.15832,  0.22206,  0.15631,  0.55131,  0.0927
12619, 4471, -0.05787,  0.00894,  0.15185,  0.22206,  0.07395,  0.55131,  0.06284
12620, 4470, -0.05955,  0.00322,  0.14957,  0.39572,  0.07395,  0.45535,  0.06284
12621, 4472, -0.05497,  0.00754,  0.15832,  0.22206,  0.15631,  0.55131,  0.0927
12622, 4470, -0.05955,  0.00322,  0.14957,  0.39572,  0.07395,  0.45535,  0.06284
12623, 4473, -0.05658,  0.00068,  0.15577,  0.39572,  0.15631,  0.45535,  0.0927
12624, 4474,  0.01137, -0.05254,  0.00786,  0.55656,  0.23178,  0.10625,  0.64267
12625, 4475,  0.00926, -0.05108,  0.00638,  0.64261,  0.23178,  0.17705,  0.64267
12626, 4476,  0.00996, -0.04994,  0.00246,  0.64261,  0.11643,  0.17705,  0.60387
12627, 4474,  0.01137, -0.05254,  0.00786,  0.55656,  0.23178,  0.10625,  0.64267
12628, 4476,  0.00996, -0.04994,  0.00246,  0.64261,  0.11643,  0.17705,  0.60387
12629, 4477,  0.01184, -0.05064,  0.00362,  0.55656,  0.11643,  0.10625,  0.60387
12630, 4477,  0.01184, -0.05064,  0.00362,  0.55656,  0.11643,  0.10625,  0.60387
12631, 4476,  0.00996, -0.04994,  0.00246,  0.64261,  0.11643,  0.17705,  0.60387
12632, 4478,  0.01032, -0.04828, -0.00123,  0.64261,  0.00202,  0.17705,  0.56356
12633, 4477,  0.01184, -0.05064,  0.00362,  0.55656,  0.11643,  0.10625,  0.60387
12634, 4478,  0.01032, -0.04828, -0.00123,  0.64261,  0.00202,  0.17705,  0.56356
12635, 4479,  0.01188, -0.04867, -0.00036,  0.55656,  0.00202,  0.10625,  0.56356
12636, 4480,  0.01004, -0.0543,  0.01261,  0.55656,  0.349,  0.10625,  0.67843
12637, 4475,  0.00926, -0.05108,  0.00638,  0.64261,  0.23178,  0.17705,  0.64267
12638, 4474,  0.01137, -0.05254,  0.00786,  0.55656,  0.23178,  0.10625,  0.64267
12639, 4480,  0.01004, -0.0543,  0.01261,  0.55656,  0.349,  0.10625,  0.67843
12640, 4481,  0.00787, -0.05117,  0.01077,  0.64261,  0.349,  0.17705,  0.67843
12641, 4475,  0.00926, -0.05108,  0.00638,  0.64261,  0.23178,  0.17705,  0.64267
12642, 4482,  0.00826, -0.05598,  0.01761,  0.55656,  0.46714,  0.10625,  0.71267
12643, 4481,  0.00787, -0.05117,  0.01077,  0.64261,  0.349,  0.17705,  0.67843
12644, 4480,  0.01004, -0.0543,  0.01261,  0.55656,  0.349,  0.10625,  0.67843
12645, 4482,  0.00826, -0.05598,  0.01761,  0.55656,  0.46714,  0.10625,  0.71267
12646, 4483,  0.00613, -0.05074,  0.01538,  0.64261,  0.46714,  0.17705,  0.71267
12647, 4481,  0.00787, -0.05117,  0.01077,  0.64261,  0.349,  0.17705,  0.67843
12648, 4484, -0.02128, -0.00389, -0.03858,  0.51529,  0.17748,  0.11329,  0.70693
12649, 4485, -0.02119, -0.00031, -0.03919,  0.60488,  0.17748,  0.18409,  0.70693
12650, 4486, -0.02248, -0.00243, -0.04398,  0.60488,  0.09368,  0.18409,  0.68203
12651, 4484, -0.02128, -0.00389, -0.03858,  0.51529,  0.17748,  0.11329,  0.70693
12652, 4486, -0.02248, -0.00243, -0.04398,  0.60488,  0.09368,  0.18409,  0.68203
12653, 4487, -0.02251, -0.00499, -0.04329,  0.51529,  0.09368,  0.11329,  0.68203
12654, 4487, -0.02251, -0.00499, -0.04329,  0.51529,  0.09368,  0.11329,  0.68203
12655, 4486, -0.02248, -0.00243, -0.04398,  0.60488,  0.09368,  0.18409,  0.68203
12656, 4488, -0.02394, -0.00485, -0.04873,  0.60488,  0.00202,  0.18409,  0.65643
12657, 4487, -0.02251, -0.00499, -0.04329,  0.51529,  0.09368,  0.11329,  0.68203
12658, 4488, -0.02394, -0.00485, -0.04873,  0.60488,  0.00202,  0.18409,  0.65643
12659, 4489, -0.02391, -0.00622, -0.048,  0.51529,  0.00202,  0.11329,  0.65643
12660, 4490, -0.0204, -0.00306, -0.03386,  0.51529,  0.24557,  0.11329,  0.73044
12661, 4485, -0.02119, -0.00031, -0.03919,  0.60488,  0.17748,  0.18409,  0.70693
12662, 4484, -0.02128, -0.00389, -0.03858,  0.51529,  0.17748,  0.11329,  0.70693
12663, 4490, -0.0204, -0.00306, -0.03386,  0.51529,  0.24557,  0.11329,  0.73044
12664, 4491, -0.02026,  0.00123, -0.03429,  0.60488,  0.24557,  0.18409,  0.73044
12665, 4485, -0.02119, -0.00031, -0.03919,  0.60488,  0.17748,  0.18409,  0.70693
12666, 4492, -0.01972, -0.00254, -0.02919,  0.51529,  0.30878,  0.11329,  0.75499
12667, 4491, -0.02026,  0.00123, -0.03429,  0.60488,  0.24557,  0.18409,  0.73044
12668, 4490, -0.0204, -0.00306, -0.03386,  0.51529,  0.24557,  0.11329,  0.73044
12669, 4492, -0.01972, -0.00254, -0.02919,  0.51529,  0.30878,  0.11329,  0.75499
12670, 4493, -0.01957,  0.0023, -0.02945,  0.60488,  0.30878,  0.18409,  0.75499
12671, 4491, -0.02026,  0.00123, -0.03429,  0.60488,  0.24557,  0.18409,  0.73044
12672, 4494, -0.01913, -0.0024, -0.0246,  0.51529,  0.37794,  0.11329,  0.783
12673, 4493, -0.01957,  0.0023, -0.02945,  0.60488,  0.30878,  0.18409,  0.75499
12674, 4492, -0.01972, -0.00254, -0.02919,  0.51529,  0.30878,  0.11329,  0.75499
12675, 4494, -0.01913, -0.0024, -0.0246,  0.51529,  0.37794,  0.11329,  0.783
12676, 4495, -0.01899,  0.00302, -0.02484,  0.60488,  0.37794,  0.18409,  0.783
12677, 4493, -0.01957,  0.0023, -0.02945,  0.60488,  0.30878,  0.18409,  0.75499
12678, 4496, -0.01857, -0.00244, -0.02006,  0.51529,  0.45009,  0.11329,  0.81275
12679, 4495, -0.01899,  0.00302, -0.02484,  0.60488,  0.37794,  0.18409,  0.783
12680, 4494, -0.01913, -0.0024, -0.0246,  0.51529,  0.37794,  0.11329,  0.783
12681, 4496, -0.01857, -0.00244, -0.02006,  0.51529,  0.45009,  0.11329,  0.81275
12682, 4497, -0.01844,  0.00355, -0.02034,  0.60488,  0.45009,  0.18409,  0.81275
12683, 4495, -0.01899,  0.00302, -0.02484,  0.60488,  0.37794,  0.18409,  0.783
12684, 4498, -0.02039, -0.00595, -0.03761,  0.51983,  0.17748,  0.19492,  0.68954
12685, 4499, -0.02136, -0.00215, -0.03835,  0.59298,  0.17748,  0.26572,  0.68954
12686, 4500, -0.02254, -0.00395, -0.04291,  0.59298,  0.09368,  0.26572,  0.6744
12687, 4498, -0.02039, -0.00595, -0.03761,  0.51983,  0.17748,  0.19492,  0.68954
12688, 4500, -0.02254, -0.00395, -0.04291,  0.59298,  0.09368,  0.26572,  0.6744
12689, 4501, -0.02177, -0.00726, -0.04191,  0.51983,  0.09368,  0.19492,  0.6744
12690, 4501, -0.02177, -0.00726, -0.04191,  0.51983,  0.09368,  0.19492,  0.6744
12691, 4500, -0.02254, -0.00395, -0.04291,  0.59298,  0.09368,  0.26572,  0.6744
12692, 4502, -0.0239, -0.00618, -0.04748,  0.59298,  0.00202,  0.26572,  0.65926
12693, 4501, -0.02177, -0.00726, -0.04191,  0.51983,  0.09368,  0.19492,  0.6744
12694, 4502, -0.0239, -0.00618, -0.04748,  0.59298,  0.00202,  0.26572,  0.65926
12695, 4503, -0.02336, -0.00896, -0.04621,  0.51983,  0.00202,  0.19492,  0.65926
12696, 4504, -0.01941, -0.00542, -0.0333,  0.51983,  0.24557,  0.19492,  0.70468
12697, 4499, -0.02136, -0.00215, -0.03835,  0.59298,  0.17748,  0.26572,  0.68954
12698, 4498, -0.02039, -0.00595, -0.03761,  0.51983,  0.17748,  0.19492,  0.68954
12699, 4504, -0.01941, -0.00542, -0.0333,  0.51983,  0.24557,  0.19492,  0.70468
12700, 4505, -0.02054, -0.00118, -0.03378,  0.59298,  0.24557,  0.26572,  0.70468
12701, 4499, -0.02136, -0.00215, -0.03835,  0.59298,  0.17748,  0.26572,  0.68954
12702, 4506, -0.01877, -0.00557, -0.02895,  0.51983,  0.30878,  0.19492,  0.72176
12703, 4505, -0.02054, -0.00118, -0.03378,  0.59298,  0.24557,  0.26572,  0.70468
12704, 4504, -0.01941, -0.00542, -0.0333,  0.51983,  0.24557,  0.19492,  0.70468
12705, 4506, -0.01877, -0.00557, -0.02895,  0.51983,  0.30878,  0.19492,  0.72176
12706, 4507, -0.01997, -0.00094, -0.02932,  0.59298,  0.30878,  0.26572,  0.72176
12707, 4505, -0.02054, -0.00118, -0.03378,  0.59298,  0.24557,  0.26572,  0.70468
12708, 4508, -0.01843, -0.00631, -0.02457,  0.51983,  0.37794,  0.19492,  0.74272
12709, 4507, -0.01997, -0.00094, -0.02932,  0.59298,  0.30878,  0.26572,  0.72176
12710, 4506, -0.01877, -0.00557, -0.02895,  0.51983,  0.30878,  0.19492,  0.72176
12711, 4508, -0.01843, -0.00631, -0.02457,  0.51983,  0.37794,  0.19492,  0.74272
12712, 4509, -0.01954, -0.00133, -0.02507,  0.59298,  0.37794,  0.26572,  0.74272
12713, 4507, -0.01997, -0.00094, -0.02932,  0.59298,  0.30878,  0.26572,  0.72176
12714, 4510, -0.0182, -0.00734, -0.02016,  0.51983,  0.45009,  0.19492,  0.76562
12715, 4509, -0.01954, -0.00133, -0.02507,  0.59298,  0.37794,  0.26572,  0.74272
12716, 4508, -0.01843, -0.00631, -0.02457,  0.51983,  0.37794,  0.19492,  0.74272
12717, 4510, -0.0182, -0.00734, -0.02016,  0.51983,  0.45009,  0.19492,  0.76562
12718, 4511, -0.01917, -0.00203, -0.02092,  0.59298,  0.45009,  0.26572,  0.76562
12719, 4509, -0.01954, -0.00133, -0.02507,  0.59298,  0.37794,  0.26572,  0.74272
12720, 4512, -0.01892, -0.01163, -0.02792,  0.60333,  0.23178,  0.61269,  0.69969
12721, 4513, -0.01916, -0.00737, -0.02791,  0.66024,  0.23178,  0.68349,  0.69969
12722, 4514, -0.02034, -0.00774, -0.03364,  0.66024,  0.11643,  0.68349,  0.64813
12723, 4512, -0.01892, -0.01163, -0.02792,  0.60333,  0.23178,  0.61269,  0.69969
12724, 4514, -0.02034, -0.00774, -0.03364,  0.66024,  0.11643,  0.68349,  0.64813
12725, 4515, -0.02001, -0.01092, -0.03375,  0.60333,  0.11643,  0.61269,  0.64813
12726, 4515, -0.02001, -0.01092, -0.03375,  0.60333,  0.11643,  0.61269,  0.64813
12727, 4514, -0.02034, -0.00774, -0.03364,  0.66024,  0.11643,  0.68349,  0.64813
12728, 4516, -0.02173, -0.00833, -0.04021,  0.66024,  0.00202,  0.68349,  0.59456
12729, 4515, -0.02001, -0.01092, -0.03375,  0.60333,  0.11643,  0.61269,  0.64813
12730, 4516, -0.02173, -0.00833, -0.04021,  0.66024,  0.00202,  0.68349,  0.59456
12731, 4517, -0.02138, -0.01022, -0.04021,  0.60333,  0.00202,  0.61269,  0.59456
12732, 4518, -0.01844, -0.01234, -0.02333,  0.60333,  0.349,  0.61269,  0.74721
12733, 4513, -0.01916, -0.00737, -0.02791,  0.66024,  0.23178,  0.68349,  0.69969
12734, 4512, -0.01892, -0.01163, -0.02792,  0.60333,  0.23178,  0.61269,  0.69969
12735, 4518, -0.01844, -0.01234, -0.02333,  0.60333,  0.349,  0.61269,  0.74721
12736, 4519, -0.0185, -0.00745, -0.02387,  0.66024,  0.349,  0.68349,  0.74721
12737, 4513, -0.01916, -0.00737, -0.02791,  0.66024,  0.23178,  0.68349,  0.69969
12738, 4520, -0.01821, -0.01306, -0.01937,  0.60333,  0.46714,  0.61269,  0.79273
12739, 4519, -0.0185, -0.00745, -0.02387,  0.66024,  0.349,  0.68349,  0.74721
12740, 4518, -0.01844, -0.01234, -0.02333,  0.60333,  0.349,  0.61269,  0.74721
12741, 4520, -0.01821, -0.01306, -0.01937,  0.60333,  0.46714,  0.61269,  0.79273
12742, 4521, -0.01807, -0.00775, -0.02067,  0.66024,  0.46714,  0.68349,  0.79273
12743, 4519, -0.0185, -0.00745, -0.02387,  0.66024,  0.349,  0.68349,  0.74721
12744, 4522, -0.01781, -0.01442, -0.0275,  0.60333,  0.23178,  0.03567,  0.69969
12745, 4523, -0.01865, -0.01064, -0.02739,  0.66024,  0.23178,  0.10647,  0.69969
12746, 4524, -0.01956, -0.01182, -0.03178,  0.66024,  0.11643,  0.10647,  0.64813
12747, 4522, -0.01781, -0.01442, -0.0275,  0.60333,  0.23178,  0.03567,  0.69969
12748, 4524, -0.01956, -0.01182, -0.03178,  0.66024,  0.11643,  0.10647,  0.64813
12749, 4525, -0.01878, -0.01455, -0.03168,  0.60333,  0.11643,  0.03567,  0.64813
12750, 4525, -0.01878, -0.01455, -0.03168,  0.60333,  0.11643,  0.03567,  0.64813
12751, 4524, -0.01956, -0.01182, -0.03178,  0.66024,  0.11643,  0.10647,  0.64813
12752, 4526, -0.02077, -0.01369, -0.03636,  0.66024,  0.00202,  0.10647,  0.59456
12753, 4525, -0.01878, -0.01455, -0.03168,  0.60333,  0.11643,  0.03567,  0.64813
12754, 4526, -0.02077, -0.01369, -0.03636,  0.66024,  0.00202,  0.10647,  0.59456
12755, 4527, -0.01996, -0.01524, -0.0358,  0.60333,  0.00202,  0.03567,  0.59456
12756, 4528, -0.01719, -0.01541, -0.02323,  0.60333,  0.349,  0.03567,  0.74721
12757, 4523, -0.01865, -0.01064, -0.02739,  0.66024,  0.23178,  0.10647,  0.69969
12758, 4522, -0.01781, -0.01442, -0.0275,  0.60333,  0.23178,  0.03567,  0.69969
12759, 4528, -0.01719, -0.01541, -0.02323,  0.60333,  0.349,  0.03567,  0.74721
12760, 4529, -0.01831, -0.01087, -0.02339,  0.66024,  0.349,  0.10647,  0.74721
12761, 4523, -0.01865, -0.01064, -0.02739,  0.66024,  0.23178,  0.10647,  0.69969
12762, 4530, -0.01671, -0.01695, -0.01891,  0.60333,  0.46714,  0.03567,  0.79273
12763, 4529, -0.01831, -0.01087, -0.02339,  0.66024,  0.349,  0.10647,  0.74721
12764, 4528, -0.01719, -0.01541, -0.02323,  0.60333,  0.349,  0.03567,  0.74721
12765, 4530, -0.01671, -0.01695, -0.01891,  0.60333,  0.46714,  0.03567,  0.79273
12766, 4531, -0.01821, -0.0118, -0.01956,  0.66024,  0.46714,  0.10647,  0.79273
12767, 4529, -0.01831, -0.01087, -0.02339,  0.66024,  0.349,  0.10647,  0.74721
12768, 4532, -0.01547, -0.01993, -0.02421,  0.60205,  0.23178,  0.10625,  0.72832
12769, 4533, -0.01731, -0.01685, -0.02304,  0.67912,  0.23178,  0.17705,  0.72832
12770, 4534, -0.01695, -0.01739, -0.02782,  0.67912,  0.11643,  0.17705,  0.64752
12771, 4532, -0.01547, -0.01993, -0.02421,  0.60205,  0.23178,  0.10625,  0.72832
12772, 4534, -0.01695, -0.01739, -0.02782,  0.67912,  0.11643,  0.17705,  0.64752
12773, 4535, -0.01543, -0.02003, -0.029,  0.60205,  0.11643,  0.10625,  0.64752
12774, 4535, -0.01543, -0.02003, -0.029,  0.60205,  0.11643,  0.10625,  0.64752
12775, 4534, -0.01695, -0.01739, -0.02782,  0.67912,  0.11643,  0.17705,  0.64752
12776, 4536, -0.01641, -0.01826, -0.03376,  0.67912,  0.00202,  0.17705,  0.56356
12777, 4535, -0.01543, -0.02003, -0.029,  0.60205,  0.11643,  0.10625,  0.64752
12778, 4536, -0.01641, -0.01826, -0.03376,  0.67912,  0.00202,  0.17705,  0.56356
12779, 4537, -0.01519, -0.02049, -0.0345,  0.60205,  0.00202,  0.10625,  0.56356
12780, 4538, -0.01513, -0.02053, -0.02084,  0.60205,  0.349,  0.10625,  0.80281
12781, 4533, -0.01731, -0.01685, -0.02304,  0.67912,  0.23178,  0.17705,  0.72832
12782, 4532, -0.01547, -0.01993, -0.02421,  0.60205,  0.23178,  0.10625,  0.72832
12783, 4538, -0.01513, -0.02053, -0.02084,  0.60205,  0.349,  0.10625,  0.80281
12784, 4539, -0.01731, -0.01699, -0.02057,  0.67912,  0.349,  0.17705,  0.80281
12785, 4533, -0.01731, -0.01685, -0.02304,  0.67912,  0.23178,  0.17705,  0.72832
12786, 4540, -0.01462, -0.02149, -0.01818,  0.60205,  0.46714,  0.10625,  0.87414
12787, 4539, -0.01731, -0.01699, -0.02057,  0.67912,  0.349,  0.17705,  0.80281
12788, 4538, -0.01513, -0.02053, -0.02084,  0.60205,  0.349,  0.10625,  0.80281
12789, 4540, -0.01462, -0.02149, -0.01818,  0.60205,  0.46714,  0.10625,  0.87414
12790, 4541, -0.01712, -0.01746, -0.01925,  0.67912,  0.46714,  0.17705,  0.87414
12791, 4539, -0.01731, -0.01699, -0.02057,  0.67912,  0.349,  0.17705,  0.80281
12792, 4542, -0.01446, -0.02223, -0.02385,  0.52386,  0.23178,  0.10625,  0.69518
12793, 4543, -0.01623, -0.01933, -0.02255,  0.60093,  0.23178,  0.17705,  0.69518
12794, 4544, -0.01682, -0.0194, -0.02692,  0.60093,  0.11643,  0.17705,  0.63063
12795, 4542, -0.01446, -0.02223, -0.02385,  0.52386,  0.23178,  0.10625,  0.69518
12796, 4544, -0.01682, -0.0194, -0.02692,  0.60093,  0.11643,  0.17705,  0.63063
12797, 4545, -0.01527, -0.02191, -0.02813,  0.52386,  0.11643,  0.10625,  0.63063
12798, 4545, -0.01527, -0.02191, -0.02813,  0.52386,  0.11643,  0.10625,  0.63063
12799, 4544, -0.01682, -0.0194, -0.02692,  0.60093,  0.11643,  0.17705,  0.63063
12800, 4546, -0.01738, -0.01978, -0.03206,  0.60093,  0.00202,  0.17705,  0.56356
12801, 4545, -0.01527, -0.02191, -0.02813,  0.52386,  0.11643,  0.10625,  0.63063
12802, 4546, -0.01738, -0.01978, -0.03206,  0.60093,  0.00202,  0.17705,  0.56356
12803, 4547, -0.01589, -0.02199, -0.03296,  0.52386,  0.00202,  0.10625,  0.56356
12804, 4548, -0.01326, -0.02337, -0.02063,  0.52386,  0.349,  0.10625,  0.75469
12805, 4543, -0.01623, -0.01933, -0.02255,  0.60093,  0.23178,  0.17705,  0.69518
12806, 4542, -0.01446, -0.02223, -0.02385,  0.52386,  0.23178,  0.10625,  0.69518
12807, 4548, -0.01326, -0.02337, -0.02063,  0.52386,  0.349,  0.10625,  0.75469
12808, 4549, -0.01559, -0.0199, -0.01973,  0.60093,  0.349,  0.17705,  0.75469
12809, 4543, -0.01623, -0.01933, -0.02255,  0.60093,  0.23178,  0.17705,  0.69518
12810, 4550, -0.01186, -0.02491, -0.01794,  0.52386,  0.46714,  0.10625,  0.81167
12811, 4549, -0.01559, -0.0199, -0.01973,  0.60093,  0.349,  0.17705,  0.75469
12812, 4548, -0.01326, -0.02337, -0.02063,  0.52386,  0.349,  0.10625,  0.75469
12813, 4550, -0.01186, -0.02491, -0.01794,  0.52386,  0.46714,  0.10625,  0.81167
12814, 4551, -0.01492, -0.0208, -0.01767,  0.60093,  0.46714,  0.17705,  0.81167
12815, 4549, -0.01559, -0.0199, -0.01973,  0.60093,  0.349,  0.17705,  0.75469
12816, 4552, -0.01233, -0.02387, -0.02421,  0.66152,  0.23178,  0.10625,  0.64267
12817, 4553, -0.01485, -0.02096, -0.02316,  0.60461,  0.23178,  0.17705,  0.64267
12818, 4554, -0.0154, -0.02048, -0.02686,  0.60461,  0.11643,  0.17705,  0.60387
12819, 4552, -0.01233, -0.02387, -0.02421,  0.66152,  0.23178,  0.10625,  0.64267
12820, 4554, -0.0154, -0.02048, -0.02686,  0.60461,  0.11643,  0.17705,  0.60387
12821, 4555, -0.01336, -0.02296, -0.02808,  0.66152,  0.11643,  0.10625,  0.60387
12822, 4555, -0.01336, -0.02296, -0.02808,  0.66152,  0.11643,  0.10625,  0.60387
12823, 4554, -0.0154, -0.02048, -0.02686,  0.60461,  0.11643,  0.17705,  0.60387
12824, 4556, -0.01566, -0.02052, -0.0309,  0.60461,  0.00202,  0.17705,  0.56356
12825, 4555, -0.01336, -0.02296, -0.02808,  0.66152,  0.11643,  0.10625,  0.60387
12826, 4556, -0.01566, -0.02052, -0.0309,  0.60461,  0.00202,  0.17705,  0.56356
12827, 4557, -0.01405, -0.02275, -0.03185,  0.66152,  0.00202,  0.10625,  0.56356
12828, 4558, -0.01058, -0.02615, -0.02013,  0.66152,  0.349,  0.10625,  0.67843
12829, 4553, -0.01485, -0.02096, -0.02316,  0.60461,  0.23178,  0.17705,  0.64267
12830, 4552, -0.01233, -0.02387, -0.02421,  0.66152,  0.23178,  0.10625,  0.64267
12831, 4558, -0.01058, -0.02615, -0.02013,  0.66152,  0.349,  0.10625,  0.67843
12832, 4559, -0.01373, -0.02249, -0.02015,  0.60461,  0.349,  0.17705,  0.67843
12833, 4553, -0.01485, -0.02096, -0.02316,  0.60461,  0.23178,  0.17705,  0.64267
12834, 4560, -0.00848, -0.02913, -0.01595,  0.66152,  0.46714,  0.10625,  0.71267
12835, 4559, -0.01373, -0.02249, -0.02015,  0.60461,  0.349,  0.17705,  0.67843
12836, 4558, -0.01058, -0.02615, -0.02013,  0.66152,  0.349,  0.10625,  0.67843
12837, 4560, -0.00848, -0.02913, -0.01595,  0.66152,  0.46714,  0.10625,  0.71267
12838, 4561, -0.01233, -0.02454, -0.01748,  0.60461,  0.46714,  0.17705,  0.71267
12839, 4559, -0.01373, -0.02249, -0.02015,  0.60461,  0.349,  0.17705,  0.67843
12840, 4562, -0.02019,  0.00558, -0.03946,  0.51983,  0.17748,  0.77195,  0.69863
12841, 4563, -0.02145,  0.0028, -0.04416,  0.51983,  0.09368,  0.77195,  0.67894
12842, 4564, -0.02206, -0.00031, -0.04348,  0.59298,  0.09368,  0.84275,  0.67894
12843, 4562, -0.02019,  0.00558, -0.03946,  0.51983,  0.17748,  0.77195,  0.69863
12844, 4564, -0.02206, -0.00031, -0.04348,  0.59298,  0.09368,  0.84275,  0.67894
12845, 4565, -0.02114,  0.0013, -0.0388,  0.59298,  0.17748,  0.84275,  0.69863
12846, 4566, -0.02281, -0.00051, -0.04884,  0.51983,  0.00202,  0.77195,  0.65926
12847, 4564, -0.02206, -0.00031, -0.04348,  0.59298,  0.09368,  0.84275,  0.67894
12848, 4563, -0.02145,  0.0028, -0.04416,  0.51983,  0.09368,  0.77195,  0.67894
12849, 4566, -0.02281, -0.00051, -0.04884,  0.51983,  0.00202,  0.77195,  0.65926
12850, 4567, -0.02299, -0.00221, -0.04819,  0.59298,  0.00202,  0.84275,  0.65926
12851, 4564, -0.02206, -0.00031, -0.04348,  0.59298,  0.09368,  0.84275,  0.67894
12852, 4565, -0.02114,  0.0013, -0.0388,  0.59298,  0.17748,  0.84275,  0.69863
12853, 4568, -0.01914,  0.0073, -0.03468,  0.51983,  0.24557,  0.77195,  0.71831
12854, 4562, -0.02019,  0.00558, -0.03946,  0.51983,  0.17748,  0.77195,  0.69863
12855, 4565, -0.02114,  0.0013, -0.0388,  0.59298,  0.17748,  0.84275,  0.69863
12856, 4569, -0.02027,  0.00232, -0.03418,  0.59298,  0.24557,  0.84275,  0.71831
12857, 4568, -0.01914,  0.0073, -0.03468,  0.51983,  0.24557,  0.77195,  0.71831
12858, 4570, -0.01955,  0.00287, -0.02957,  0.59298,  0.30878,  0.84275,  0.74052
12859, 4568, -0.01914,  0.0073, -0.03468,  0.51983,  0.24557,  0.77195,  0.71831
12860, 4569, -0.02027,  0.00232, -0.03418,  0.59298,  0.24557,  0.84275,  0.71831
12861, 4570, -0.01955,  0.00287, -0.02957,  0.59298,  0.30878,  0.84275,  0.74052
12862, 4571, -0.01839,  0.00834, -0.02993,  0.51983,  0.30878,  0.77195,  0.74052
12863, 4568, -0.01914,  0.0073, -0.03468,  0.51983,  0.24557,  0.77195,  0.71831
12864, 4571, -0.01839,  0.00834, -0.02993,  0.51983,  0.30878,  0.77195,  0.74052
12865, 4570, -0.01955,  0.00287, -0.02957,  0.59298,  0.30878,  0.84275,  0.74052
12866, 4572, -0.01905,  0.00308, -0.02496,  0.59298,  0.37794,  0.84275,  0.76777
12867, 4571, -0.01839,  0.00834, -0.02993,  0.51983,  0.30878,  0.77195,  0.74052
12868, 4572, -0.01905,  0.00308, -0.02496,  0.59298,  0.37794,  0.84275,  0.76777
12869, 4573, -0.01801,  0.00907, -0.02528,  0.51983,  0.37794,  0.77195,  0.76777
12870, 4574, -0.0178,  0.00963, -0.02068,  0.51983,  0.45009,  0.77195,  0.79754
12871, 4573, -0.01801,  0.00907, -0.02528,  0.51983,  0.37794,  0.77195,  0.76777
12872, 4572, -0.01905,  0.00308, -0.02496,  0.59298,  0.37794,  0.84275,  0.76777
12873, 4574, -0.0178,  0.00963, -0.02068,  0.51983,  0.45009,  0.77195,  0.79754
12874, 4572, -0.01905,  0.00308, -0.02496,  0.59298,  0.37794,  0.84275,  0.76777
12875, 4575, -0.01865,  0.00311, -0.02033,  0.59298,  0.45009,  0.84275,  0.79754
12876, 4576, -0.01755,  0.01572, -0.03035,  0.60423,  0.23178,  0.10625,  0.69528
12877, 4577, -0.01837,  0.01624, -0.0356,  0.60423,  0.11643,  0.10625,  0.63068
12878, 4578, -0.01912,  0.01266, -0.03561,  0.6813,  0.11643,  0.17705,  0.63068
12879, 4576, -0.01755,  0.01572, -0.03035,  0.60423,  0.23178,  0.10625,  0.69528
12880, 4578, -0.01912,  0.01266, -0.03561,  0.6813,  0.11643,  0.17705,  0.63068
12881, 4579, -0.0184,  0.01104, -0.03033,  0.6813,  0.23178,  0.17705,  0.69528
12882, 4580, -0.0193,  0.01712, -0.04088,  0.60423,  0.00202,  0.10625,  0.56356
12883, 4578, -0.01912,  0.01266, -0.03561,  0.6813,  0.11643,  0.17705,  0.63068
12884, 4577, -0.01837,  0.01624, -0.0356,  0.60423,  0.11643,  0.10625,  0.63068
12885, 4580, -0.0193,  0.01712, -0.04088,  0.60423,  0.00202,  0.10625,  0.56356
12886, 4581, -0.01995,  0.01478, -0.04128,  0.6813,  0.00202,  0.17705,  0.56356
12887, 4578, -0.01912,  0.01266, -0.03561,  0.6813,  0.11643,  0.17705,  0.63068
12888, 4579, -0.0184,  0.01104, -0.03033,  0.6813,  0.23178,  0.17705,  0.69528
12889, 4582, -0.01696,  0.0159, -0.02518,  0.60423,  0.349,  0.10625,  0.75482
12890, 4576, -0.01755,  0.01572, -0.03035,  0.60423,  0.23178,  0.10625,  0.69528
12891, 4579, -0.0184,  0.01104, -0.03033,  0.6813,  0.23178,  0.17705,  0.69528
12892, 4583, -0.01792,  0.01043, -0.02584,  0.6813,  0.349,  0.17705,  0.75482
12893, 4582, -0.01696,  0.0159, -0.02518,  0.60423,  0.349,  0.10625,  0.75482
12894, 4584, -0.0165,  0.01642, -0.02005,  0.60423,  0.46714,  0.10625,  0.81184
12895, 4582, -0.01696,  0.0159, -0.02518,  0.60423,  0.349,  0.10625,  0.75482
12896, 4583, -0.01792,  0.01043, -0.02584,  0.6813,  0.349,  0.17705,  0.75482
12897, 4584, -0.0165,  0.01642, -0.02005,  0.60423,  0.46714,  0.10625,  0.81184
12898, 4583, -0.01792,  0.01043, -0.02584,  0.6813,  0.349,  0.17705,  0.75482
12899, 4585, -0.01753,  0.01031, -0.02174,  0.6813,  0.46714,  0.17705,  0.81184
12900, 4586, -0.01689,  0.01798, -0.03014,  0.60423,  0.23178,  0.68327,  0.69528
12901, 4587, -0.01772,  0.01782, -0.03456,  0.60423,  0.11643,  0.68327,  0.63068
12902, 4588, -0.01938,  0.0137, -0.03443,  0.6813,  0.11643,  0.75407,  0.63068
12903, 4586, -0.01689,  0.01798, -0.03014,  0.60423,  0.23178,  0.68327,  0.69528
12904, 4588, -0.01938,  0.0137, -0.03443,  0.6813,  0.11643,  0.75407,  0.63068
12905, 4589, -0.01854,  0.01314, -0.03009,  0.6813,  0.23178,  0.75407,  0.69528
12906, 4590, -0.01842,  0.0182, -0.03857,  0.60423,  0.00202,  0.68327,  0.56356
12907, 4588, -0.01938,  0.0137, -0.03443,  0.6813,  0.11643,  0.75407,  0.63068
12908, 4587, -0.01772,  0.01782, -0.03456,  0.60423,  0.11643,  0.68327,  0.63068
12909, 4590, -0.01842,  0.0182, -0.03857,  0.60423,  0.00202,  0.68327,  0.56356
12910, 4591, -0.02025,  0.01491, -0.03874,  0.6813,  0.00202,  0.75407,  0.56356
12911, 4588, -0.01938,  0.0137, -0.03443,  0.6813,  0.11643,  0.75407,  0.63068
12912, 4589, -0.01854,  0.01314, -0.03009,  0.6813,  0.23178,  0.75407,  0.69528
12913, 4592, -0.01582,  0.01918, -0.02486,  0.60423,  0.349,  0.68327,  0.75482
12914, 4586, -0.01689,  0.01798, -0.03014,  0.60423,  0.23178,  0.68327,  0.69528
12915, 4589, -0.01854,  0.01314, -0.03009,  0.6813,  0.23178,  0.75407,  0.69528
12916, 4593, -0.01774,  0.01389, -0.02568,  0.6813,  0.349,  0.75407,  0.75482
12917, 4592, -0.01582,  0.01918, -0.02486,  0.60423,  0.349,  0.68327,  0.75482
12918, 4594, -0.01462,  0.0209, -0.01916,  0.60423,  0.46714,  0.68327,  0.81184
12919, 4592, -0.01582,  0.01918, -0.02486,  0.60423,  0.349,  0.68327,  0.75482
12920, 4593, -0.01774,  0.01389, -0.02568,  0.6813,  0.349,  0.75407,  0.75482
12921, 4594, -0.01462,  0.0209, -0.01916,  0.60423,  0.46714,  0.68327,  0.81184
12922, 4593, -0.01774,  0.01389, -0.02568,  0.6813,  0.349,  0.75407,  0.75482
12923, 4595, -0.01697,  0.01529, -0.02123,  0.6813,  0.46714,  0.75407,  0.81184
12924, 4596, -0.01482,  0.02056, -0.02604,  0.51372,  0.17748,  0.10625,  0.67851
12925, 4597, -0.01542,  0.01955, -0.02769,  0.51372,  0.09368,  0.10625,  0.6245
12926, 4598, -0.01662,  0.01669, -0.02666,  0.61277,  0.09368,  0.17705,  0.6245
12927, 4596, -0.01482,  0.02056, -0.02604,  0.51372,  0.17748,  0.10625,  0.67851
12928, 4598, -0.01662,  0.01669, -0.02666,  0.61277,  0.09368,  0.17705,  0.6245
12929, 4599, -0.01607,  0.01752, -0.02473,  0.61277,  0.17748,  0.17705,  0.67851
12930, 4600, -0.01611,  0.01847, -0.02948,  0.51372,  0.00202,  0.10625,  0.56356
12931, 4598, -0.01662,  0.01669, -0.02666,  0.61277,  0.09368,  0.17705,  0.6245
12932, 4597, -0.01542,  0.01955, -0.02769,  0.51372,  0.09368,  0.10625,  0.6245
12933, 4600, -0.01611,  0.01847, -0.02948,  0.51372,  0.00202,  0.10625,  0.56356
12934, 4601, -0.01725,  0.01582, -0.0287,  0.61277,  0.00202,  0.17705,  0.56356
12935, 4598, -0.01662,  0.01669, -0.02666,  0.61277,  0.09368,  0.17705,  0.6245
12936, 4599, -0.01607,  0.01752, -0.02473,  0.61277,  0.17748,  0.17705,  0.67851
12937, 4602, -0.01436,  0.02142, -0.02466,  0.51372,  0.24557,  0.10625,  0.71866
12938, 4596, -0.01482,  0.02056, -0.02604,  0.51372,  0.17748,  0.10625,  0.67851
12939, 4599, -0.01607,  0.01752, -0.02473,  0.61277,  0.17748,  0.17705,  0.67851
12940, 4603, -0.01567,  0.01827, -0.02303,  0.61277,  0.24557,  0.17705,  0.71866
12941, 4602, -0.01436,  0.02142, -0.02466,  0.51372,  0.24557,  0.10625,  0.71866
12942, 4604, -0.01388,  0.02235, -0.02305,  0.51372,  0.30878,  0.10625,  0.74822
12943, 4602, -0.01436,  0.02142, -0.02466,  0.51372,  0.24557,  0.10625,  0.71866
12944, 4603, -0.01567,  0.01827, -0.02303,  0.61277,  0.24557,  0.17705,  0.71866
12945, 4604, -0.01388,  0.02235, -0.02305,  0.51372,  0.30878,  0.10625,  0.74822
12946, 4603, -0.01567,  0.01827, -0.02303,  0.61277,  0.24557,  0.17705,  0.71866
12947, 4605, -0.01541,  0.01887, -0.02171,  0.61277,  0.30878,  0.17705,  0.74822
12948, 4605, -0.01541,  0.01887, -0.02171,  0.61277,  0.30878,  0.17705,  0.74822
12949, 4606, -0.01318,  0.02357, -0.02069,  0.51372,  0.37794,  0.10625,  0.77044
12950, 4604, -0.01388,  0.02235, -0.02305,  0.51372,  0.30878,  0.10625,  0.74822
12951, 4605, -0.01541,  0.01887, -0.02171,  0.61277,  0.30878,  0.17705,  0.74822
12952, 4607, -0.01525,  0.01922, -0.02092,  0.61277,  0.37794,  0.17705,  0.77044
12953, 4606, -0.01318,  0.02357, -0.02069,  0.51372,  0.37794,  0.10625,  0.77044
12954, 4608, -0.01238,  0.02493, -0.01797,  0.51372,  0.45009,  0.10625,  0.78899
12955, 4606, -0.01318,  0.02357, -0.02069,  0.51372,  0.37794,  0.10625,  0.77044
12956, 4607, -0.01525,  0.01922, -0.02092,  0.61277,  0.37794,  0.17705,  0.77044
12957, 4608, -0.01238,  0.02493, -0.01797,  0.51372,  0.45009,  0.10625,  0.78899
12958, 4607, -0.01525,  0.01922, -0.02092,  0.61277,  0.37794,  0.17705,  0.77044
12959, 4609, -0.01515,  0.01946, -0.0204,  0.61277,  0.45009,  0.17705,  0.78899
12960, 4610, -0.00784,  0.02791, -0.02393,  0.6052,  0.23178,  0.01521,  0.71754
12961, 4611, -0.00853,  0.02638, -0.02749,  0.6052,  0.11643,  0.01521,  0.66236
12962, 4612, -0.01079,  0.02412, -0.02663,  0.6749,  0.11643,  0.08601,  0.66236
12963, 4610, -0.00784,  0.02791, -0.02393,  0.6052,  0.23178,  0.01521,  0.71754
12964, 4612, -0.01079,  0.02412, -0.02663,  0.6749,  0.11643,  0.08601,  0.66236
12965, 4613, -0.0104,  0.02533, -0.02343,  0.6749,  0.23178,  0.08601,  0.71754
12966, 4614, -0.00909,  0.02465, -0.03085,  0.6052,  0.00202,  0.01521,  0.59456
12967, 4612, -0.01079,  0.02412, -0.02663,  0.6749,  0.11643,  0.08601,  0.66236
12968, 4611, -0.00853,  0.02638, -0.02749,  0.6052,  0.11643,  0.01521,  0.66236
12969, 4614, -0.00909,  0.02465, -0.03085,  0.6052,  0.00202,  0.01521,  0.59456
12970, 4615, -0.01117,  0.0226, -0.03019,  0.6749,  0.00202,  0.08601,  0.59456
12971, 4612, -0.01079,  0.02412, -0.02663,  0.6749,  0.11643,  0.08601,  0.66236
12972, 4613, -0.0104,  0.02533, -0.02343,  0.6749,  0.23178,  0.08601,  0.71754
12973, 4616, -0.00682,  0.02903, -0.01995,  0.6052,  0.349,  0.01521,  0.74746
12974, 4610, -0.00784,  0.02791, -0.02393,  0.6052,  0.23178,  0.01521,  0.71754
12975, 4613, -0.0104,  0.02533, -0.02343,  0.6749,  0.23178,  0.08601,  0.71754
12976, 4617, -0.00993,  0.02594, -0.02088,  0.6749,  0.349,  0.08601,  0.74746
12977, 4616, -0.00682,  0.02903, -0.01995,  0.6052,  0.349,  0.01521,  0.74746
12978, 4618, -0.00564,  0.02995, -0.01576,  0.6052,  0.46714,  0.01521,  0.76476
12979, 4616, -0.00682,  0.02903, -0.01995,  0.6052,  0.349,  0.01521,  0.74746
12980, 4617, -0.00993,  0.02594, -0.02088,  0.6749,  0.349,  0.08601,  0.74746
12981, 4618, -0.00564,  0.02995, -0.01576,  0.6052,  0.46714,  0.01521,  0.76476
12982, 4617, -0.00993,  0.02594, -0.02088,  0.6749,  0.349,  0.08601,  0.74746
12983, 4619, -0.00942,  0.02625, -0.01866,  0.6749,  0.46714,  0.08601,  0.76476
12984, 4620, -0.00672,  0.03022, -0.02426,  0.6052,  0.23178,  0.01521,  0.68485
12985, 4621, -0.00761,  0.03029, -0.0275,  0.6052,  0.11643,  0.01521,  0.64057
12986, 4622, -0.01006,  0.02811, -0.02669,  0.6749,  0.11643,  0.08601,  0.64057
12987, 4620, -0.00672,  0.03022, -0.02426,  0.6052,  0.23178,  0.01521,  0.68485
12988, 4622, -0.01006,  0.02811, -0.02669,  0.6749,  0.11643,  0.08601,  0.64057
12989, 4623, -0.00952,  0.02781, -0.02356,  0.6749,  0.23178,  0.08601,  0.68485
12990, 4624, -0.00822,  0.03081, -0.03025,  0.6052,  0.00202,  0.01521,  0.59456
12991, 4622, -0.01006,  0.02811, -0.02669,  0.6749,  0.11643,  0.08601,  0.64057
12992, 4621, -0.00761,  0.03029, -0.0275,  0.6052,  0.11643,  0.01521,  0.64057
12993, 4624, -0.00822,  0.03081, -0.03025,  0.6052,  0.00202,  0.01521,  0.59456
12994, 4625, -0.01035,  0.02882, -0.0296,  0.6749,  0.00202,  0.08601,  0.59456
12995, 4622, -0.01006,  0.02811, -0.02669,  0.6749,  0.11643,  0.08601,  0.64057
12996, 4623, -0.00952,  0.02781, -0.02356,  0.6749,  0.23178,  0.08601,  0.68485
12997, 4626, -0.00522,  0.03106, -0.01997,  0.6052,  0.349,  0.01521,  0.72567
12998, 4620, -0.00672,  0.03022, -0.02426,  0.6052,  0.23178,  0.01521,  0.68485
12999, 4623, -0.00952,  0.02781, -0.02356,  0.6749,  0.23178,  0.08601,  0.68485
13000, 4627, -0.00854,  0.02834, -0.01998,  0.6749,  0.349,  0.08601,  0.72567
13001, 4626, -0.00522,  0.03106, -0.01997,  0.6052,  0.349,  0.01521,  0.72567
13002, 4628, -0.00342,  0.03237, -0.01517,  0.6052,  0.46714,  0.01521,  0.76476
13003, 4626, -0.00522,  0.03106, -0.01997,  0.6052,  0.349,  0.01521,  0.72567
13004, 4627, -0.00854,  0.02834, -0.01998,  0.6749,  0.349,  0.08601,  0.72567
13005, 4628, -0.00342,  0.03237, -0.01517,  0.6052,  0.46714,  0.01521,  0.76476
13006, 4627, -0.00854,  0.02834, -0.01998,  0.6749,  0.349,  0.08601,  0.72567
13007, 4629, -0.00731,  0.02929, -0.01618,  0.6749,  0.46714,  0.08601,  0.76476
13008, 4630, -0.02231, -0.00509, -0.03862,  0.52394,  0.17748,  0.10625,  0.60387
13009, 4631, -0.02229, -0.00142, -0.0395,  0.59709,  0.17748,  0.17705,  0.60387
13010, 4632, -0.0236, -0.00347, -0.04516,  0.59709,  0.09368,  0.17705,  0.58372
13011, 4630, -0.02231, -0.00509, -0.03862,  0.52394,  0.17748,  0.10625,  0.60387
13012, 4632, -0.0236, -0.00347, -0.04516,  0.59709,  0.09368,  0.17705,  0.58372
13013, 4633, -0.02357, -0.00663, -0.04394,  0.52394,  0.09368,  0.10625,  0.58372
13014, 4633, -0.02357, -0.00663, -0.04394,  0.52394,  0.09368,  0.10625,  0.58372
13015, 4632, -0.0236, -0.00347, -0.04516,  0.59709,  0.09368,  0.17705,  0.58372
13016, 4634, -0.02508, -0.00592, -0.05101,  0.59709,  0.00202,  0.17705,  0.56356
13017, 4633, -0.02357, -0.00663, -0.04394,  0.52394,  0.09368,  0.10625,  0.58372
13018, 4634, -0.02508, -0.00592, -0.05101,  0.59709,  0.00202,  0.17705,  0.56356
13019, 4635, -0.02499, -0.00857, -0.04947,  0.52394,  0.00202,  0.10625,  0.56356
13020, 4636, -0.02141, -0.00437, -0.03373,  0.52394,  0.24557,  0.10625,  0.62403
13021, 4631, -0.02229, -0.00142, -0.0395,  0.59709,  0.17748,  0.17705,  0.60387
13022, 4630, -0.02231, -0.00509, -0.03862,  0.52394,  0.17748,  0.10625,  0.60387
13023, 4636, -0.02141, -0.00437, -0.03373,  0.52394,  0.24557,  0.10625,  0.62403
13024, 4637, -0.0213, -0.00016, -0.03425,  0.59709,  0.24557,  0.17705,  0.62403
13025, 4631, -0.02229, -0.00142, -0.0395,  0.59709,  0.17748,  0.17705,  0.60387
13026, 4638, -0.02073, -0.0042, -0.02916,  0.52394,  0.30878,  0.10625,  0.64771
13027, 4637, -0.0213, -0.00016, -0.03425,  0.59709,  0.24557,  0.17705,  0.62403
13028, 4636, -0.02141, -0.00437, -0.03373,  0.52394,  0.24557,  0.10625,  0.62403
13029, 4638, -0.02073, -0.0042, -0.02916,  0.52394,  0.30878,  0.10625,  0.64771
13030, 4639, -0.02054,  0.00055, -0.02941,  0.59709,  0.30878,  0.17705,  0.64771
13031, 4637, -0.0213, -0.00016, -0.03425,  0.59709,  0.24557,  0.17705,  0.62403
13032, 4640, -0.02019, -0.00434, -0.0248,  0.52394,  0.37794,  0.10625,  0.67843
13033, 4639, -0.02054,  0.00055, -0.02941,  0.59709,  0.30878,  0.17705,  0.64771
13034, 4638, -0.02073, -0.0042, -0.02916,  0.52394,  0.30878,  0.10625,  0.64771
13035, 4640, -0.02019, -0.00434, -0.0248,  0.52394,  0.37794,  0.10625,  0.67843
13036, 4641, -0.01988,  0.00096, -0.02498,  0.59709,  0.37794,  0.17705,  0.67843
13037, 4639, -0.02054,  0.00055, -0.02941,  0.59709,  0.30878,  0.17705,  0.64771
13038, 4642, -0.01969, -0.00463, -0.02055,  0.52394,  0.45009,  0.10625,  0.71267
13039, 4641, -0.01988,  0.00096, -0.02498,  0.59709,  0.37794,  0.17705,  0.67843
13040, 4640, -0.02019, -0.00434, -0.0248,  0.52394,  0.37794,  0.10625,  0.67843
13041, 4642, -0.01969, -0.00463, -0.02055,  0.52394,  0.45009,  0.10625,  0.71267
13042, 4643, -0.01926,  0.00121, -0.02075,  0.59709,  0.45009,  0.17705,  0.71267
13043, 4641, -0.01988,  0.00096, -0.02498,  0.59709,  0.37794,  0.17705,  0.67843
13044, 4644,  0.02097,  0.06753,  0.054,  0.33678,  0.87168,  0.228,  0.49293
13045, 4645,  0.02926,  0.06771,  0.06228,  0.25342,  0.87168,  0.14464,  0.49293
13046, 4646,  0.034,  0.06684,  0.05492,  0.25342,  0.9355,  0.14464,  0.41789
13047, 4644,  0.02097,  0.06753,  0.054,  0.33678,  0.87168,  0.228,  0.49293
13048, 4646,  0.034,  0.06684,  0.05492,  0.25342,  0.9355,  0.14464,  0.41789
13049, 4647,  0.0254,  0.06678,  0.04995,  0.33678,  0.9355,  0.228,  0.41789
13050, 4647,  0.0254,  0.06678,  0.04995,  0.33678,  0.9355,  0.228,  0.41789
13051, 4646,  0.034,  0.06684,  0.05492,  0.25342,  0.9355,  0.14464,  0.41789
13052, 4648,  0.03787,  0.06556,  0.04721,  0.25342,  0.99739,  0.14464,  0.34651
13053, 4647,  0.0254,  0.06678,  0.04995,  0.33678,  0.9355,  0.228,  0.41789
13054, 4648,  0.03787,  0.06556,  0.04721,  0.25342,  0.99739,  0.14464,  0.34651
13055, 4649,  0.02841,  0.06572,  0.04695,  0.33678,  0.99739,  0.228,  0.34651
13056, 4644,  0.02097,  0.06753,  0.054,  0.33678,  0.87168,  0.228,  0.49293
13057, 4650,  0.02278,  0.06777,  0.06895,  0.25342,  0.80399,  0.14464,  0.5753
13058, 4645,  0.02926,  0.06771,  0.06228,  0.25342,  0.87168,  0.14464,  0.49293
13059, 4644,  0.02097,  0.06753,  0.054,  0.33678,  0.87168,  0.228,  0.49293
13060, 4651,  0.01371,  0.06766,  0.06015,  0.33678,  0.80399,  0.228,  0.5753
13061, 4650,  0.02278,  0.06777,  0.06895,  0.25342,  0.80399,  0.14464,  0.5753
13062, 4652,  0.00536,  0.06728,  0.06706,  0.33678,  0.73578,  0.228,  0.66021
13063, 4650,  0.02278,  0.06777,  0.06895,  0.25342,  0.80399,  0.14464,  0.5753
13064, 4651,  0.01371,  0.06766,  0.06015,  0.33678,  0.80399,  0.228,  0.5753
13065, 4652,  0.00536,  0.06728,  0.06706,  0.33678,  0.73578,  0.228,  0.66021
13066, 4653,  0.01556,  0.06704,  0.0749,  0.25342,  0.73578,  0.14464,  0.66021
13067, 4650,  0.02278,  0.06777,  0.06895,  0.25342,  0.80399,  0.14464,  0.5753
13068, 4652,  0.00536,  0.06728,  0.06706,  0.33678,  0.73578,  0.228,  0.66021
13069, 4654,  0.00861,  0.06554,  0.08009,  0.25342,  0.67042,  0.14464,  0.74288
13070, 4653,  0.01556,  0.06704,  0.0749,  0.25342,  0.73578,  0.14464,  0.66021
13071, 4652,  0.00536,  0.06728,  0.06706,  0.33678,  0.73578,  0.228,  0.66021
13072, 4655, -0.00233,  0.06651,  0.07341,  0.33678,  0.67042,  0.228,  0.74288
13073, 4654,  0.00861,  0.06554,  0.08009,  0.25342,  0.67042,  0.14464,  0.74288
13074, 4656, -0.00968,  0.06554,  0.07946,  0.33678,  0.60649,  0.228,  0.82444
13075, 4654,  0.00861,  0.06554,  0.08009,  0.25342,  0.67042,  0.14464,  0.74288
13076, 4655, -0.00233,  0.06651,  0.07341,  0.33678,  0.67042,  0.228,  0.74288
13077, 4656, -0.00968,  0.06554,  0.07946,  0.33678,  0.60649,  0.228,  0.82444
13078, 4657,  0.0018,  0.06366,  0.08491,  0.25342,  0.60649,  0.14464,  0.82444
13079, 4654,  0.00861,  0.06554,  0.08009,  0.25342,  0.67042,  0.14464,  0.74288
13080, 4658, -0.02409,  0.0547,  0.09301,  0.35786,  0.57999,  0.76564,  0.59903
13081, 4659, -0.02361,  0.06007,  0.09288,  0.44508,  0.57999,  0.8175,  0.59903
13082, 4660, -0.02973,  0.05387,  0.09507,  0.44508,  0.62606,  0.8175,  0.63857
13083, 4658, -0.02409,  0.0547,  0.09301,  0.35786,  0.57999,  0.76564,  0.59903
13084, 4660, -0.02973,  0.05387,  0.09507,  0.44508,  0.62606,  0.8175,  0.63857
13085, 4661, -0.02782,  0.05042,  0.09466,  0.35786,  0.62606,  0.76564,  0.63857
13086, 4661, -0.02782,  0.05042,  0.09466,  0.35786,  0.62606,  0.76564,  0.63857
13087, 4660, -0.02973,  0.05387,  0.09507,  0.44508,  0.62606,  0.8175,  0.63857
13088, 4662, -0.03454,  0.04872,  0.09678,  0.44508,  0.67217,  0.8175,  0.67814
13089, 4661, -0.02782,  0.05042,  0.09466,  0.35786,  0.62606,  0.76564,  0.63857
13090, 4662, -0.03454,  0.04872,  0.09678,  0.44508,  0.67217,  0.8175,  0.67814
13091, 4663, -0.03088,  0.04675,  0.09601,  0.35786,  0.67217,  0.76564,  0.67814
13092, 4662, -0.03454,  0.04872,  0.09678,  0.44508,  0.67217,  0.8175,  0.67814
13093, 4664, -0.03257,  0.04429,  0.09676,  0.35786,  0.71836,  0.76564,  0.71779
13094, 4663, -0.03088,  0.04675,  0.09601,  0.35786,  0.67217,  0.76564,  0.67814
13095, 4662, -0.03454,  0.04872,  0.09678,  0.44508,  0.67217,  0.8175,  0.67814
13096, 4665, -0.03672,  0.04567,  0.09756,  0.44508,  0.71836,  0.8175,  0.71779
13097, 4664, -0.03257,  0.04429,  0.09676,  0.35786,  0.71836,  0.76564,  0.71779
13098, 4666, -0.03758,  0.04368,  0.09787,  0.44508,  0.7646,  0.8175,  0.75748
13099, 4664, -0.03257,  0.04429,  0.09676,  0.35786,  0.71836,  0.76564,  0.71779
13100, 4665, -0.03672,  0.04567,  0.09756,  0.44508,  0.71836,  0.8175,  0.71779
13101, 4666, -0.03758,  0.04368,  0.09787,  0.44508,  0.7646,  0.8175,  0.75748
13102, 4667, -0.03359,  0.04243,  0.09722,  0.35786,  0.7646,  0.76564,  0.75748
13103, 4664, -0.03257,  0.04429,  0.09676,  0.35786,  0.71836,  0.76564,  0.71779
13104, 4668,  0.03985,  0.05577,  0.02959,  0.09412,  0.99137,  0.1647,  0.87671
13105, 4669,  0.03706,  0.05852,  0.03554,  0.09412,  0.92067,  0.1647,  0.82304
13106, 4670,  0.04105,  0.05908,  0.04108,  0.01548,  0.92067,  0.21656,  0.82304
13107, 4668,  0.03985,  0.05577,  0.02959,  0.09412,  0.99137,  0.1647,  0.87671
13108, 4670,  0.04105,  0.05908,  0.04108,  0.01548,  0.92067,  0.21656,  0.82304
13109, 4671,  0.04456,  0.05516,  0.03661,  0.01548,  0.99137,  0.21656,  0.87671
13110, 4672,  0.0339,  0.06118,  0.04076,  0.09412,  0.84333,  0.1647,  0.77491
13111, 4670,  0.04105,  0.05908,  0.04108,  0.01548,  0.92067,  0.21656,  0.82304
13112, 4669,  0.03706,  0.05852,  0.03554,  0.09412,  0.92067,  0.1647,  0.82304
13113, 4672,  0.0339,  0.06118,  0.04076,  0.09412,  0.84333,  0.1647,  0.77491
13114, 4673,  0.03762,  0.06302,  0.04518,  0.01548,  0.84333,  0.21656,  0.77491
13115, 4670,  0.04105,  0.05908,  0.04108,  0.01548,  0.92067,  0.21656,  0.82304
13116, 4672,  0.0339,  0.06118,  0.04076,  0.09412,  0.84333,  0.1647,  0.77491
13117, 4674,  0.03437,  0.06703,  0.04855,  0.01548,  0.75268,  0.21656,  0.73785
13118, 4673,  0.03762,  0.06302,  0.04518,  0.01548,  0.84333,  0.21656,  0.77491
13119, 4672,  0.0339,  0.06118,  0.04076,  0.09412,  0.84333,  0.1647,  0.77491
13120, 4675,  0.02998,  0.06366,  0.04455,  0.09412,  0.75268,  0.1647,  0.73785
13121, 4674,  0.03437,  0.06703,  0.04855,  0.01548,  0.75268,  0.21656,  0.73785
13122, 4676,  0.03121,  0.07106,  0.05155,  0.01548,  0.6554,  0.21656,  0.70633
13123, 4674,  0.03437,  0.06703,  0.04855,  0.01548,  0.75268,  0.21656,  0.73785
13124, 4675,  0.02998,  0.06366,  0.04455,  0.09412,  0.75268,  0.1647,  0.73785
13125, 4676,  0.03121,  0.07106,  0.05155,  0.01548,  0.6554,  0.21656,  0.70633
13126, 4675,  0.02998,  0.06366,  0.04455,  0.09412,  0.75268,  0.1647,  0.73785
13127, 4677,  0.02568,  0.06605,  0.04763,  0.09412,  0.6554,  0.1647,  0.70633
13128, 4678,  0.04295,  0.06827,  0.06289,  0.34563,  0.85337,  0.20033,  0.6391
13129, 4679,  0.04356,  0.06973,  0.07142,  0.25228,  0.85337,  0.14847,  0.6391
13130, 4680,  0.0505,  0.06524,  0.07517,  0.25228,  0.92306,  0.14847,  0.57115
13131, 4678,  0.04295,  0.06827,  0.06289,  0.34563,  0.85337,  0.20033,  0.6391
13132, 4680,  0.0505,  0.06524,  0.07517,  0.25228,  0.92306,  0.14847,  0.57115
13133, 4681,  0.05015,  0.06354,  0.06632,  0.34563,  0.92306,  0.20033,  0.57115
13134, 4681,  0.05015,  0.06354,  0.06632,  0.34563,  0.92306,  0.20033,  0.57115
13135, 4680,  0.0505,  0.06524,  0.07517,  0.25228,  0.92306,  0.14847,  0.57115
13136, 4682,  0.05733,  0.05953,  0.0789,  0.25228,  0.99739,  0.14847,  0.49887
13137, 4681,  0.05015,  0.06354,  0.06632,  0.34563,  0.92306,  0.20033,  0.57115
13138, 4682,  0.05733,  0.05953,  0.0789,  0.25228,  0.99739,  0.14847,  0.49887
13139, 4683,  0.05777,  0.05777,  0.07018,  0.34563,  0.99739,  0.20033,  0.49887
13140, 4679,  0.04356,  0.06973,  0.07142,  0.25228,  0.85337,  0.14847,  0.6391
13141, 4678,  0.04295,  0.06827,  0.06289,  0.34563,  0.85337,  0.20033,  0.6391
13142, 4684,  0.03656,  0.07091,  0.06032,  0.34563,  0.79296,  0.20033,  0.69836
13143, 4679,  0.04356,  0.06973,  0.07142,  0.25228,  0.85337,  0.14847,  0.6391
13144, 4684,  0.03656,  0.07091,  0.06032,  0.34563,  0.79296,  0.20033,  0.69836
13145, 4685,  0.03638,  0.07177,  0.06765,  0.25228,  0.79296,  0.14847,  0.69836
13146, 4686,  0.02868,  0.07247,  0.06483,  0.25228,  0.74305,  0.14847,  0.74752
13147, 4685,  0.03638,  0.07177,  0.06765,  0.25228,  0.79296,  0.14847,  0.69836
13148, 4684,  0.03656,  0.07091,  0.06032,  0.34563,  0.79296,  0.20033,  0.69836
13149, 4686,  0.02868,  0.07247,  0.06483,  0.25228,  0.74305,  0.14847,  0.74752
13150, 4684,  0.03656,  0.07091,  0.06032,  0.34563,  0.79296,  0.20033,  0.69836
13151, 4687,  0.03019,  0.07201,  0.05852,  0.34563,  0.74305,  0.20033,  0.74752
13152, 4687,  0.03019,  0.07201,  0.05852,  0.34563,  0.74305,  0.20033,  0.74752
13153, 4688,  0.02017,  0.07294,  0.06395,  0.25228,  0.70484,  0.14847,  0.78516
13154, 4686,  0.02868,  0.07247,  0.06483,  0.25228,  0.74305,  0.14847,  0.74752
13155, 4687,  0.03019,  0.07201,  0.05852,  0.34563,  0.74305,  0.20033,  0.74752
13156, 4689,  0.02306,  0.07211,  0.05739,  0.34563,  0.70484,  0.20033,  0.78516
13157, 4688,  0.02017,  0.07294,  0.06395,  0.25228,  0.70484,  0.14847,  0.78516
13158, 4690,  0.01642,  0.07178,  0.05689,  0.34563,  0.67232,  0.20033,  0.81635
13159, 4688,  0.02017,  0.07294,  0.06395,  0.25228,  0.70484,  0.14847,  0.78516
13160, 4689,  0.02306,  0.07211,  0.05739,  0.34563,  0.70484,  0.20033,  0.78516
13161, 4690,  0.01642,  0.07178,  0.05689,  0.34563,  0.67232,  0.20033,  0.81635
13162, 4691,  0.01249,  0.07313,  0.06412,  0.25228,  0.67232,  0.14847,  0.81635
13163, 4688,  0.02017,  0.07294,  0.06395,  0.25228,  0.70484,  0.14847,  0.78516
13164, 4691,  0.01249,  0.07313,  0.06412,  0.25228,  0.67232,  0.14847,  0.81635
13165, 4690,  0.01642,  0.07178,  0.05689,  0.34563,  0.67232,  0.20033,  0.81635
13166, 4692,  0.01153,  0.0716,  0.05696,  0.34563,  0.63948,  0.20033,  0.84615
13167, 4691,  0.01249,  0.07313,  0.06412,  0.25228,  0.67232,  0.14847,  0.81635
13168, 4692,  0.01153,  0.0716,  0.05696,  0.34563,  0.63948,  0.20033,  0.84615
13169, 4693,  0.00729,  0.07295,  0.06441,  0.25228,  0.63948,  0.14847,  0.84615
13170, 4694,  0.00333,  0.07259,  0.06476,  0.25228,  0.60649,  0.14847,  0.87526
13171, 4693,  0.00729,  0.07295,  0.06441,  0.25228,  0.63948,  0.14847,  0.84615
13172, 4692,  0.01153,  0.0716,  0.05696,  0.34563,  0.63948,  0.20033,  0.84615
13173, 4694,  0.00333,  0.07259,  0.06476,  0.25228,  0.60649,  0.14847,  0.87526
13174, 4692,  0.01153,  0.0716,  0.05696,  0.34563,  0.63948,  0.20033,  0.84615
13175, 4695,  0.0075,  0.07148,  0.05733,  0.34563,  0.60649,  0.20033,  0.87526
13176, 4696,  0.01291,  0.07271,  0.0594,  0.34563,  0.6727,  0.20033,  0.81598
13177, 4697,  0.01272,  0.07311,  0.06373,  0.25228,  0.6727,  0.14847,  0.81598
13178, 4698,  0.02095,  0.07309,  0.06208,  0.25228,  0.70525,  0.14847,  0.78476
13179, 4696,  0.01291,  0.07271,  0.0594,  0.34563,  0.6727,  0.20033,  0.81598
13180, 4698,  0.02095,  0.07309,  0.06208,  0.25228,  0.70525,  0.14847,  0.78476
13181, 4699,  0.02163,  0.07238,  0.05686,  0.34563,  0.70525,  0.20033,  0.78476
13182, 4699,  0.02163,  0.07238,  0.05686,  0.34563,  0.70525,  0.20033,  0.78476
13183, 4698,  0.02095,  0.07309,  0.06208,  0.25228,  0.70525,  0.14847,  0.78476
13184, 4700,  0.0294,  0.07262,  0.06148,  0.25228,  0.74517,  0.14847,  0.74544
13185, 4699,  0.02163,  0.07238,  0.05686,  0.34563,  0.70525,  0.20033,  0.78476
13186, 4700,  0.0294,  0.07262,  0.06148,  0.25228,  0.74517,  0.14847,  0.74544
13187, 4701,  0.03002,  0.07128,  0.05526,  0.34563,  0.74517,  0.20033,  0.74544
13188, 4696,  0.01291,  0.07271,  0.0594,  0.34563,  0.6727,  0.20033,  0.81598
13189, 4702,  0.00634,  0.07303,  0.06633,  0.25228,  0.6397,  0.14847,  0.84593
13190, 4697,  0.01272,  0.07311,  0.06373,  0.25228,  0.6727,  0.14847,  0.81598
13191, 4696,  0.01291,  0.07271,  0.0594,  0.34563,  0.6727,  0.20033,  0.81598
13192, 4703,  0.00571,  0.07275,  0.06308,  0.34563,  0.6397,  0.20033,  0.84593
13193, 4702,  0.00634,  0.07303,  0.06633,  0.25228,  0.6397,  0.14847,  0.84593
13194, 4704, -0.00073,  0.07266,  0.06734,  0.34563,  0.60649,  0.20033,  0.87526
13195, 4702,  0.00634,  0.07303,  0.06633,  0.25228,  0.6397,  0.14847,  0.84593
13196, 4703,  0.00571,  0.07275,  0.06308,  0.34563,  0.6397,  0.20033,  0.84593
13197, 4704, -0.00073,  0.07266,  0.06734,  0.34563,  0.60649,  0.20033,  0.87526
13198, 4705,  0.00086,  0.07292,  0.06942,  0.25228,  0.60649,  0.14847,  0.87526
13199, 4702,  0.00634,  0.07303,  0.06633,  0.25228,  0.6397,  0.14847,  0.84593
13200, 4700,  0.0294,  0.07262,  0.06148,  0.25228,  0.74517,  0.14847,  0.74544
13201, 4706,  0.03622,  0.06892,  0.05441,  0.34563,  0.80026,  0.20033,  0.69117
13202, 4701,  0.03002,  0.07128,  0.05526,  0.34563,  0.74517,  0.20033,  0.74544
13203, 4700,  0.0294,  0.07262,  0.06148,  0.25228,  0.74517,  0.14847,  0.74544
13204, 4707,  0.03649,  0.07134,  0.06199,  0.25228,  0.80026,  0.14847,  0.69117
13205, 4706,  0.03622,  0.06892,  0.05441,  0.34563,  0.80026,  0.20033,  0.69117
13206, 4708,  0.04343,  0.06825,  0.06374,  0.25228,  0.86408,  0.14847,  0.62854
13207, 4706,  0.03622,  0.06892,  0.05441,  0.34563,  0.80026,  0.20033,  0.69117
13208, 4707,  0.03649,  0.07134,  0.06199,  0.25228,  0.80026,  0.14847,  0.69117
13209, 4708,  0.04343,  0.06825,  0.06374,  0.25228,  0.86408,  0.14847,  0.62854
13210, 4709,  0.04205,  0.06542,  0.05486,  0.34563,  0.86408,  0.20033,  0.62854
13211, 4706,  0.03622,  0.06892,  0.05441,  0.34563,  0.80026,  0.20033,  0.69117
13212, 4709,  0.04205,  0.06542,  0.05486,  0.34563,  0.86408,  0.20033,  0.62854
13213, 4708,  0.04343,  0.06825,  0.06374,  0.25228,  0.86408,  0.14847,  0.62854
13214, 4710,  0.05144,  0.06233,  0.06687,  0.25228,  0.93017,  0.14847,  0.56415
13215, 4709,  0.04205,  0.06542,  0.05486,  0.34563,  0.86408,  0.20033,  0.62854
13216, 4710,  0.05144,  0.06233,  0.06687,  0.25228,  0.93017,  0.14847,  0.56415
13217, 4711,  0.04929,  0.06092,  0.05714,  0.34563,  0.93017,  0.20033,  0.56415
13218, 4711,  0.04929,  0.06092,  0.05714,  0.34563,  0.93017,  0.20033,  0.56415
13219, 4710,  0.05144,  0.06233,  0.06687,  0.25228,  0.93017,  0.14847,  0.56415
13220, 4712,  0.05999,  0.05501,  0.07069,  0.25228,  0.99739,  0.14847,  0.49887
13221, 4711,  0.04929,  0.06092,  0.05714,  0.34563,  0.93017,  0.20033,  0.56415
13222, 4712,  0.05999,  0.05501,  0.07069,  0.25228,  0.99739,  0.14847,  0.49887
13223, 4713,  0.05723,  0.05591,  0.06034,  0.34563,  0.99739,  0.20033,  0.49887
13224, 4714, -0.01867,  0.07128,  0.0794,  0.55846,  0.44428,  0.46387,  0.82042
13225, 4715, -0.01696,  0.07291,  0.07675,  0.55846,  0.36574,  0.46387,  0.7653
13226, 4716, -0.02096,  0.07254,  0.07794,  0.64119,  0.36574,  0.54659,  0.7653
13227, 4714, -0.01867,  0.07128,  0.0794,  0.55846,  0.44428,  0.46387,  0.82042
13228, 4716, -0.02096,  0.07254,  0.07794,  0.64119,  0.36574,  0.54659,  0.7653
13229, 4717, -0.02285,  0.06978,  0.08101,  0.64119,  0.44428,  0.54659,  0.82042
13230, 4718, -0.015,  0.07406,  0.07337,  0.55846,  0.31018,  0.46387,  0.7263
13231, 4716, -0.02096,  0.07254,  0.07794,  0.64119,  0.36574,  0.54659,  0.7653
13232, 4715, -0.01696,  0.07291,  0.07675,  0.55846,  0.36574,  0.46387,  0.7653
13233, 4718, -0.015,  0.07406,  0.07337,  0.55846,  0.31018,  0.46387,  0.7263
13234, 4719, -0.01888,  0.07467,  0.07423,  0.64119,  0.31018,  0.54659,  0.7263
13235, 4716, -0.02096,  0.07254,  0.07794,  0.64119,  0.36574,  0.54659,  0.7653
13236, 4718, -0.015,  0.07406,  0.07337,  0.55846,  0.31018,  0.46387,  0.7263
13237, 4720, -0.01662,  0.07621,  0.07123,  0.64119,  0.25846,  0.54659,  0.69001
13238, 4719, -0.01888,  0.07467,  0.07423,  0.64119,  0.31018,  0.54659,  0.7263
13239, 4718, -0.015,  0.07406,  0.07337,  0.55846,  0.31018,  0.46387,  0.7263
13240, 4721, -0.01312,  0.07504,  0.07005,  0.55846,  0.25846,  0.46387,  0.69001
13241, 4720, -0.01662,  0.07621,  0.07123,  0.64119,  0.25846,  0.54659,  0.69001
13242, 4722, -0.01109,  0.0761,  0.06709,  0.55846,  0.21424,  0.46387,  0.65897
13243, 4720, -0.01662,  0.07621,  0.07123,  0.64119,  0.25846,  0.54659,  0.69001
13244, 4721, -0.01312,  0.07504,  0.07005,  0.55846,  0.25846,  0.46387,  0.69001
13245, 4722, -0.01109,  0.0761,  0.06709,  0.55846,  0.21424,  0.46387,  0.65897
13246, 4723, -0.01409,  0.07758,  0.06874,  0.64119,  0.21424,  0.54659,  0.65897
13247, 4720, -0.01662,  0.07621,  0.07123,  0.64119,  0.25846,  0.54659,  0.69001
13248, 4723, -0.01409,  0.07758,  0.06874,  0.64119,  0.21424,  0.54659,  0.65897
13249, 4722, -0.01109,  0.0761,  0.06709,  0.55846,  0.21424,  0.46387,  0.65897
13250, 4724, -0.00868,  0.07746,  0.06482,  0.55846,  0.18114,  0.46387,  0.63574
13251, 4723, -0.01409,  0.07758,  0.06874,  0.64119,  0.21424,  0.54659,  0.65897
13252, 4724, -0.00868,  0.07746,  0.06482,  0.55846,  0.18114,  0.46387,  0.63574
13253, 4725, -0.0112,  0.07917,  0.06656,  0.64119,  0.18114,  0.54659,  0.63574
13254, 4726, -0.00817,  0.08108,  0.06471,  0.64119,  0.14155,  0.54659,  0.60956
13255, 4725, -0.0112,  0.07917,  0.06656,  0.64119,  0.18114,  0.54659,  0.63574
13256, 4724, -0.00868,  0.07746,  0.06482,  0.55846,  0.18114,  0.46387,  0.63574
13257, 4726, -0.00817,  0.08108,  0.06471,  0.64119,  0.14155,  0.54659,  0.60956
13258, 4724, -0.00868,  0.07746,  0.06482,  0.55846,  0.18114,  0.46387,  0.63574
13259, 4727, -0.00612,  0.07916,  0.06299,  0.55846,  0.14155,  0.46387,  0.60956
13260, 4728, -0.00362,  0.08122,  0.06136,  0.55846,  0.07782,  0.46387,  0.56966
13261, 4726, -0.00817,  0.08108,  0.06471,  0.64119,  0.14155,  0.54659,  0.60956
13262, 4727, -0.00612,  0.07916,  0.06299,  0.55846,  0.14155,  0.46387,  0.60956
13263, 4728, -0.00362,  0.08122,  0.06136,  0.55846,  0.07782,  0.46387,  0.56966
13264, 4729, -0.00522,  0.08337,  0.0632,  0.64119,  0.07782,  0.54659,  0.56966
13265, 4726, -0.00817,  0.08108,  0.06471,  0.64119,  0.14155,  0.54659,  0.60956
13266, 4730, -0.00114,  0.08347,  0.05983,  0.55846,  0.00202,  0.46387,  0.5229
13267, 4729, -0.00522,  0.08337,  0.0632,  0.64119,  0.07782,  0.54659,  0.56966
13268, 4728, -0.00362,  0.08122,  0.06136,  0.55846,  0.07782,  0.46387,  0.56966
13269, 4730, -0.00114,  0.08347,  0.05983,  0.55846,  0.00202,  0.46387,  0.5229
13270, 4731, -0.00231,  0.08585,  0.06186,  0.64119,  0.00202,  0.54659,  0.5229
13271, 4729, -0.00522,  0.08337,  0.0632,  0.64119,  0.07782,  0.54659,  0.56966
13272, 4717, -0.02285,  0.06978,  0.08101,  0.64119,  0.44428,  0.54659,  0.82042
13273, 4732, -0.02453,  0.06631,  0.08209,  0.64119,  0.56491,  0.54659,  0.90508
13274, 4733, -0.01982,  0.06882,  0.08057,  0.55846,  0.56491,  0.46387,  0.90508
13275, 4734, -0.02611,  0.0625,  0.08218,  0.64119,  0.7066,  0.54659,  1.00452
13276, 4733, -0.01982,  0.06882,  0.08057,  0.55846,  0.56491,  0.46387,  0.90508
13277, 4732, -0.02453,  0.06631,  0.08209,  0.64119,  0.56491,  0.54659,  0.90508
13278, 4734, -0.02611,  0.0625,  0.08218,  0.64119,  0.7066,  0.54659,  1.00452
13279, 4735, -0.02069,  0.06596,  0.08098,  0.55846,  0.7066,  0.46387,  1.00452
13280, 4733, -0.01982,  0.06882,  0.08057,  0.55846,  0.56491,  0.46387,  0.90508
13281, 4717, -0.02285,  0.06978,  0.08101,  0.64119,  0.44428,  0.54659,  0.82042
13282, 4733, -0.01982,  0.06882,  0.08057,  0.55846,  0.56491,  0.46387,  0.90508
13283, 4714, -0.01867,  0.07128,  0.0794,  0.55846,  0.44428,  0.46387,  0.82042
13284, 4736,  0.02062, -0.06595,  0.0527,  0.33678,  0.87168,  0.228,  0.72633
13285, 4737,  0.02539, -0.06578,  0.04897,  0.33678,  0.9355,  0.228,  0.68535
13286, 4738,  0.03143, -0.06549,  0.05438,  0.25342,  0.9355,  0.14464,  0.68535
13287, 4736,  0.02062, -0.06595,  0.0527,  0.33678,  0.87168,  0.228,  0.72633
13288, 4738,  0.03143, -0.06549,  0.05438,  0.25342,  0.9355,  0.14464,  0.68535
13289, 4739,  0.02675, -0.06616,  0.06133,  0.25342,  0.87168,  0.14464,  0.72633
13290, 4740,  0.02905, -0.06591,  0.04624,  0.33678,  0.99739,  0.228,  0.64638
13291, 4738,  0.03143, -0.06549,  0.05438,  0.25342,  0.9355,  0.14464,  0.68535
13292, 4737,  0.02539, -0.06578,  0.04897,  0.33678,  0.9355,  0.228,  0.68535
13293, 4740,  0.02905, -0.06591,  0.04624,  0.33678,  0.99739,  0.228,  0.64638
13294, 4741,  0.0357, -0.06497,  0.04703,  0.25342,  0.99739,  0.14464,  0.64638
13295, 4738,  0.03143, -0.06549,  0.05438,  0.25342,  0.9355,  0.14464,  0.68535
13296, 4736,  0.02062, -0.06595,  0.0527,  0.33678,  0.87168,  0.228,  0.72633
13297, 4739,  0.02675, -0.06616,  0.06133,  0.25342,  0.87168,  0.14464,  0.72633
13298, 4742,  0.02128, -0.06712,  0.06749,  0.25342,  0.80399,  0.14464,  0.77131
13299, 4736,  0.02062, -0.06595,  0.0527,  0.33678,  0.87168,  0.228,  0.72633
13300, 4742,  0.02128, -0.06712,  0.06749,  0.25342,  0.80399,  0.14464,  0.77131
13301, 4743,  0.01361, -0.06672,  0.05844,  0.33678,  0.80399,  0.228,  0.77131
13302, 4743,  0.01361, -0.06672,  0.05844,  0.33678,  0.80399,  0.228,  0.77131
13303, 4742,  0.02128, -0.06712,  0.06749,  0.25342,  0.80399,  0.14464,  0.77131
13304, 4744,  0.01527, -0.06745,  0.07306,  0.25342,  0.73578,  0.14464,  0.81767
13305, 4743,  0.01361, -0.06672,  0.05844,  0.33678,  0.80399,  0.228,  0.77131
13306, 4744,  0.01527, -0.06745,  0.07306,  0.25342,  0.73578,  0.14464,  0.81767
13307, 4745,  0.00582, -0.06744,  0.06502,  0.33678,  0.73578,  0.228,  0.81767
13308, 4745,  0.00582, -0.06744,  0.06502,  0.33678,  0.73578,  0.228,  0.81767
13309, 4744,  0.01527, -0.06745,  0.07306,  0.25342,  0.73578,  0.14464,  0.81767
13310, 4746,  0.00898, -0.06626,  0.07826,  0.25342,  0.67042,  0.14464,  0.86282
13311, 4745,  0.00582, -0.06744,  0.06502,  0.33678,  0.73578,  0.228,  0.81767
13312, 4746,  0.00898, -0.06626,  0.07826,  0.25342,  0.67042,  0.14464,  0.86282
13313, 4747, -0.0013, -0.06748,  0.07126,  0.33678,  0.67042,  0.228,  0.86282
13314, 4747, -0.0013, -0.06748,  0.07126,  0.33678,  0.67042,  0.228,  0.86282
13315, 4746,  0.00898, -0.06626,  0.07826,  0.25342,  0.67042,  0.14464,  0.86282
13316, 4748,  0.00256, -0.06431,  0.08328,  0.25342,  0.60649,  0.14464,  0.90735
13317, 4747, -0.0013, -0.06748,  0.07126,  0.33678,  0.67042,  0.228,  0.86282
13318, 4748,  0.00256, -0.06431,  0.08328,  0.25342,  0.60649,  0.14464,  0.90735
13319, 4749, -0.00808, -0.06717,  0.07734,  0.33678,  0.60649,  0.228,  0.90735
13320, 4750, -0.02271, -0.05528,  0.09164,  0.24534,  0.57999,  0.76564,  0.58254
13321, 4751, -0.02679, -0.04974,  0.09391,  0.24534,  0.60597,  0.76564,  0.63013
13322, 4752, -0.02892, -0.05221,  0.09452,  0.2972,  0.60597,  0.8175,  0.63013
13323, 4750, -0.02271, -0.05528,  0.09164,  0.24534,  0.57999,  0.76564,  0.58254
13324, 4752, -0.02892, -0.05221,  0.09452,  0.2972,  0.60597,  0.8175,  0.63013
13325, 4753, -0.02247, -0.05829,  0.09215,  0.2972,  0.57999,  0.8175,  0.58254
13326, 4754, -0.03012, -0.04512,  0.09574,  0.24534,  0.63198,  0.76564,  0.67776
13327, 4752, -0.02892, -0.05221,  0.09452,  0.2972,  0.60597,  0.8175,  0.63013
13328, 4751, -0.02679, -0.04974,  0.09391,  0.24534,  0.60597,  0.76564,  0.63013
13329, 4754, -0.03012, -0.04512,  0.09574,  0.24534,  0.63198,  0.76564,  0.67776
13330, 4755, -0.03396, -0.04718,  0.09635,  0.2972,  0.63198,  0.8175,  0.67776
13331, 4752, -0.02892, -0.05221,  0.09452,  0.2972,  0.60597,  0.8175,  0.63013
13332, 4754, -0.03012, -0.04512,  0.09574,  0.24534,  0.63198,  0.76564,  0.67776
13333, 4756, -0.03621, -0.04426,  0.09708,  0.2972,  0.65804,  0.8175,  0.72548
13334, 4755, -0.03396, -0.04718,  0.09635,  0.2972,  0.63198,  0.8175,  0.67776
13335, 4754, -0.03012, -0.04512,  0.09574,  0.24534,  0.63198,  0.76564,  0.67776
13336, 4757, -0.03195, -0.04236,  0.09666,  0.24534,  0.65804,  0.76564,  0.72548
13337, 4756, -0.03621, -0.04426,  0.09708,  0.2972,  0.65804,  0.8175,  0.72548
13338, 4758, -0.03705, -0.04238,  0.09727,  0.2972,  0.68412,  0.8175,  0.77324
13339, 4756, -0.03621, -0.04426,  0.09708,  0.2972,  0.65804,  0.8175,  0.72548
13340, 4757, -0.03195, -0.04236,  0.09666,  0.24534,  0.65804,  0.76564,  0.72548
13341, 4758, -0.03705, -0.04238,  0.09727,  0.2972,  0.68412,  0.8175,  0.77324
13342, 4757, -0.03195, -0.04236,  0.09666,  0.24534,  0.65804,  0.76564,  0.72548
13343, 4759, -0.03304, -0.04052,  0.09714,  0.24534,  0.68412,  0.76564,  0.77324
13344, 4760,  0.03842, -0.05742,  0.02933,  0.08682,  0.99834,  0.1647,  0.87671
13345, 4761,  0.04249, -0.05794,  0.03586,  0.00817,  0.99834,  0.21656,  0.87671
13346, 4762,  0.03928, -0.0608,  0.04061,  0.00817,  0.95677,  0.21656,  0.82304
13347, 4760,  0.03842, -0.05742,  0.02933,  0.08682,  0.99834,  0.1647,  0.87671
13348, 4762,  0.03928, -0.0608,  0.04061,  0.00817,  0.95677,  0.21656,  0.82304
13349, 4763,  0.03654, -0.06024,  0.03539,  0.08682,  0.95677,  0.1647,  0.82304
13350, 4763,  0.03654, -0.06024,  0.03539,  0.08682,  0.95677,  0.1647,  0.82304
13351, 4762,  0.03928, -0.0608,  0.04061,  0.00817,  0.95677,  0.21656,  0.82304
13352, 4764,  0.03591, -0.0636,  0.04486,  0.00817,  0.88422,  0.21656,  0.77491
13353, 4763,  0.03654, -0.06024,  0.03539,  0.08682,  0.95677,  0.1647,  0.82304
13354, 4764,  0.03591, -0.0636,  0.04486,  0.00817,  0.88422,  0.21656,  0.77491
13355, 4765,  0.03418, -0.06273,  0.04063,  0.08682,  0.88422,  0.1647,  0.77491
13356, 4764,  0.03591, -0.0636,  0.04486,  0.00817,  0.88422,  0.21656,  0.77491
13357, 4766,  0.03087, -0.06459,  0.04425,  0.08682,  0.7497,  0.1647,  0.73785
13358, 4765,  0.03418, -0.06273,  0.04063,  0.08682,  0.88422,  0.1647,  0.77491
13359, 4764,  0.03591, -0.0636,  0.04486,  0.00817,  0.88422,  0.21656,  0.77491
13360, 4767,  0.03222, -0.06629,  0.04812,  0.00817,  0.7497,  0.21656,  0.73785
13361, 4766,  0.03087, -0.06459,  0.04425,  0.08682,  0.7497,  0.1647,  0.73785
13362, 4768,  0.02834, -0.06893,  0.05091,  0.00817,  0.5842,  0.21656,  0.70633
13363, 4766,  0.03087, -0.06459,  0.04425,  0.08682,  0.7497,  0.1647,  0.73785
13364, 4767,  0.03222, -0.06629,  0.04812,  0.00817,  0.7497,  0.21656,  0.73785
13365, 4768,  0.02834, -0.06893,  0.05091,  0.00817,  0.5842,  0.21656,  0.70633
13366, 4769,  0.02708, -0.06613,  0.04705,  0.08682,  0.5842,  0.1647,  0.70633
13367, 4766,  0.03087, -0.06459,  0.04425,  0.08682,  0.7497,  0.1647,  0.73785
13368, 4770,  0.04177, -0.06783,  0.0622,  0.34563,  0.85337,  0.54257,  0.86876
13369, 4771,  0.05006, -0.06351,  0.06442,  0.34563,  0.92306,  0.54257,  0.92751
13370, 4772,  0.05119, -0.06278,  0.07282,  0.25228,  0.92306,  0.45557,  0.92751
13371, 4770,  0.04177, -0.06783,  0.0622,  0.34563,  0.85337,  0.54257,  0.86876
13372, 4772,  0.05119, -0.06278,  0.07282,  0.25228,  0.92306,  0.45557,  0.92751
13373, 4773,  0.04301, -0.06723,  0.06971,  0.25228,  0.85337,  0.45557,  0.86876
13374, 4774,  0.05852, -0.05785,  0.06651,  0.34563,  0.99739,  0.54257,  0.98853
13375, 4772,  0.05119, -0.06278,  0.07282,  0.25228,  0.92306,  0.45557,  0.92751
13376, 4771,  0.05006, -0.06351,  0.06442,  0.34563,  0.92306,  0.54257,  0.92751
13377, 4774,  0.05852, -0.05785,  0.06651,  0.34563,  0.99739,  0.54257,  0.98853
13378, 4775,  0.05933, -0.05722,  0.07577,  0.25228,  0.99739,  0.45557,  0.98853
13379, 4772,  0.05119, -0.06278,  0.07282,  0.25228,  0.92306,  0.45557,  0.92751
13380, 4773,  0.04301, -0.06723,  0.06971,  0.25228,  0.85337,  0.45557,  0.86876
13381, 4776,  0.03383, -0.06947,  0.0597,  0.34563,  0.79296,  0.54257,  0.81456
13382, 4770,  0.04177, -0.06783,  0.0622,  0.34563,  0.85337,  0.54257,  0.86876
13383, 4773,  0.04301, -0.06723,  0.06971,  0.25228,  0.85337,  0.45557,  0.86876
13384, 4777,  0.03474, -0.06946,  0.06629,  0.25228,  0.79296,  0.45557,  0.81456
13385, 4776,  0.03383, -0.06947,  0.0597,  0.34563,  0.79296,  0.54257,  0.81456
13386, 4778,  0.0266, -0.07065,  0.06351,  0.25228,  0.74305,  0.45557,  0.76518
13387, 4776,  0.03383, -0.06947,  0.0597,  0.34563,  0.79296,  0.54257,  0.81456
13388, 4777,  0.03474, -0.06946,  0.06629,  0.25228,  0.79296,  0.45557,  0.81456
13389, 4778,  0.0266, -0.07065,  0.06351,  0.25228,  0.74305,  0.45557,  0.76518
13390, 4779,  0.02659, -0.06984,  0.05745,  0.34563,  0.74305,  0.54257,  0.76518
13391, 4776,  0.03383, -0.06947,  0.0597,  0.34563,  0.79296,  0.54257,  0.81456
13392, 4779,  0.02659, -0.06984,  0.05745,  0.34563,  0.74305,  0.54257,  0.76518
13393, 4778,  0.0266, -0.07065,  0.06351,  0.25228,  0.74305,  0.45557,  0.76518
13394, 4780,  0.01878, -0.07195,  0.06233,  0.25228,  0.70484,  0.45557,  0.72091
13395, 4779,  0.02659, -0.06984,  0.05745,  0.34563,  0.74305,  0.54257,  0.76518
13396, 4780,  0.01878, -0.07195,  0.06233,  0.25228,  0.70484,  0.45557,  0.72091
13397, 4781,  0.0204, -0.07036,  0.05598,  0.34563,  0.70484,  0.54257,  0.72091
13398, 4782,  0.01508, -0.07092,  0.05523,  0.34563,  0.67232,  0.54257,  0.67811
13399, 4781,  0.0204, -0.07036,  0.05598,  0.34563,  0.70484,  0.54257,  0.72091
13400, 4780,  0.01878, -0.07195,  0.06233,  0.25228,  0.70484,  0.45557,  0.72091
13401, 4782,  0.01508, -0.07092,  0.05523,  0.34563,  0.67232,  0.54257,  0.67811
13402, 4780,  0.01878, -0.07195,  0.06233,  0.25228,  0.70484,  0.45557,  0.72091
13403, 4783,  0.01212, -0.07294,  0.06211,  0.25228,  0.67232,  0.45557,  0.67811
13404, 4783,  0.01212, -0.07294,  0.06211,  0.25228,  0.67232,  0.45557,  0.67811
13405, 4784,  0.01049, -0.07143,  0.05514,  0.34563,  0.63948,  0.54257,  0.63313
13406, 4782,  0.01508, -0.07092,  0.05523,  0.34563,  0.67232,  0.54257,  0.67811
13407, 4783,  0.01212, -0.07294,  0.06211,  0.25228,  0.67232,  0.45557,  0.67811
13408, 4785,  0.00748, -0.07319,  0.06225,  0.25228,  0.63948,  0.45557,  0.63313
13409, 4784,  0.01049, -0.07143,  0.05514,  0.34563,  0.63948,  0.54257,  0.63313
13410, 4786,  0.00384, -0.07308,  0.06256,  0.25228,  0.60649,  0.45557,  0.58708
13411, 4784,  0.01049, -0.07143,  0.05514,  0.34563,  0.63948,  0.54257,  0.63313
13412, 4785,  0.00748, -0.07319,  0.06225,  0.25228,  0.63948,  0.45557,  0.63313
13413, 4786,  0.00384, -0.07308,  0.06256,  0.25228,  0.60649,  0.45557,  0.58708
13414, 4787,  0.00625, -0.07191,  0.0554,  0.34563,  0.60649,  0.54257,  0.58708
13415, 4784,  0.01049, -0.07143,  0.05514,  0.34563,  0.63948,  0.54257,  0.63313
13416, 4788,  0.01176, -0.0724,  0.05757,  0.34563,  0.6727,  0.20033,  0.81598
13417, 4789,  0.01919, -0.07117,  0.05551,  0.34563,  0.70525,  0.20033,  0.78476
13418, 4790,  0.01898, -0.07182,  0.06055,  0.25228,  0.70525,  0.14847,  0.78476
13419, 4788,  0.01176, -0.0724,  0.05757,  0.34563,  0.6727,  0.20033,  0.81598
13420, 4790,  0.01898, -0.07182,  0.06055,  0.25228,  0.70525,  0.14847,  0.78476
13421, 4791,  0.01214, -0.07279,  0.06175,  0.25228,  0.6727,  0.14847,  0.81598
13422, 4792,  0.02665, -0.06963,  0.05441,  0.34563,  0.74517,  0.20033,  0.74544
13423, 4790,  0.01898, -0.07182,  0.06055,  0.25228,  0.70525,  0.14847,  0.78476
13424, 4789,  0.01919, -0.07117,  0.05551,  0.34563,  0.70525,  0.20033,  0.78476
13425, 4792,  0.02665, -0.06963,  0.05441,  0.34563,  0.74517,  0.20033,  0.74544
13426, 4793,  0.0265, -0.07074,  0.06039,  0.25228,  0.74517,  0.14847,  0.74544
13427, 4790,  0.01898, -0.07182,  0.06055,  0.25228,  0.70525,  0.14847,  0.78476
13428, 4788,  0.01176, -0.0724,  0.05757,  0.34563,  0.6727,  0.20033,  0.81598
13429, 4791,  0.01214, -0.07279,  0.06175,  0.25228,  0.6727,  0.14847,  0.81598
13430, 4794,  0.0066, -0.07328,  0.06415,  0.25228,  0.6397,  0.14847,  0.84593
13431, 4788,  0.01176, -0.0724,  0.05757,  0.34563,  0.6727,  0.20033,  0.81598
13432, 4794,  0.0066, -0.07328,  0.06415,  0.25228,  0.6397,  0.14847,  0.84593
13433, 4795,  0.00565, -0.07307,  0.06097,  0.34563,  0.6397,  0.20033,  0.84593
13434, 4795,  0.00565, -0.07307,  0.06097,  0.34563,  0.6397,  0.20033,  0.84593
13435, 4794,  0.0066, -0.07328,  0.06415,  0.25228,  0.6397,  0.14847,  0.84593
13436, 4796,  0.00171, -0.07354,  0.06715,  0.25228,  0.60649,  0.14847,  0.87526
13437, 4795,  0.00565, -0.07307,  0.06097,  0.34563,  0.6397,  0.20033,  0.84593
13438, 4796,  0.00171, -0.07354,  0.06715,  0.25228,  0.60649,  0.14847,  0.87526
13439, 4797,  0.0002, -0.07346,  0.06505,  0.34563,  0.60649,  0.20033,  0.87526
13440, 4793,  0.0265, -0.07074,  0.06039,  0.25228,  0.74517,  0.14847,  0.74544
13441, 4792,  0.02665, -0.06963,  0.05441,  0.34563,  0.74517,  0.20033,  0.74544
13442, 4798,  0.03284, -0.06802,  0.05384,  0.34563,  0.80026,  0.20033,  0.69117
13443, 4793,  0.0265, -0.07074,  0.06039,  0.25228,  0.74517,  0.14847,  0.74544
13444, 4798,  0.03284, -0.06802,  0.05384,  0.34563,  0.80026,  0.20033,  0.69117
13445, 4799,  0.03405, -0.06989,  0.06112,  0.25228,  0.80026,  0.14847,  0.69117
13446, 4799,  0.03405, -0.06989,  0.06112,  0.25228,  0.80026,  0.14847,  0.69117
13447, 4798,  0.03284, -0.06802,  0.05384,  0.34563,  0.80026,  0.20033,  0.69117
13448, 4800,  0.03934, -0.06579,  0.05397,  0.34563,  0.86408,  0.20033,  0.62854
13449, 4799,  0.03405, -0.06989,  0.06112,  0.25228,  0.80026,  0.14847,  0.69117
13450, 4800,  0.03934, -0.06579,  0.05397,  0.34563,  0.86408,  0.20033,  0.62854
13451, 4801,  0.04228, -0.06768,  0.06244,  0.25228,  0.86408,  0.14847,  0.62854
13452, 4800,  0.03934, -0.06579,  0.05397,  0.34563,  0.86408,  0.20033,  0.62854
13453, 4802,  0.05185, -0.06251,  0.06403,  0.25228,  0.93017,  0.14847,  0.56415
13454, 4801,  0.04228, -0.06768,  0.06244,  0.25228,  0.86408,  0.14847,  0.62854
13455, 4800,  0.03934, -0.06579,  0.05397,  0.34563,  0.86408,  0.20033,  0.62854
13456, 4803,  0.0477, -0.06241,  0.05495,  0.34563,  0.93017,  0.20033,  0.56415
13457, 4802,  0.05185, -0.06251,  0.06403,  0.25228,  0.93017,  0.14847,  0.56415
13458, 4804,  0.05699, -0.05845,  0.05637,  0.34563,  0.99739,  0.20033,  0.49887
13459, 4802,  0.05185, -0.06251,  0.06403,  0.25228,  0.93017,  0.14847,  0.56415
13460, 4803,  0.0477, -0.06241,  0.05495,  0.34563,  0.93017,  0.20033,  0.56415
13461, 4804,  0.05699, -0.05845,  0.05637,  0.34563,  0.99739,  0.20033,  0.49887
13462, 4805,  0.06208, -0.05584,  0.06577,  0.25228,  0.99739,  0.14847,  0.49887
13463, 4802,  0.05185, -0.06251,  0.06403,  0.25228,  0.93017,  0.14847,  0.56415
13464, 4806, -0.01659, -0.07264,  0.07726,  0.55846,  0.44428,  0.5441,  0.75191
13465, 4807, -0.02077, -0.07134,  0.07915,  0.64119,  0.44428,  0.62682,  0.75191
13466, 4808, -0.01879, -0.07393,  0.07583,  0.64119,  0.36574,  0.62682,  0.70896
13467, 4806, -0.01659, -0.07264,  0.07726,  0.55846,  0.44428,  0.5441,  0.75191
13468, 4808, -0.01879, -0.07393,  0.07583,  0.64119,  0.36574,  0.62682,  0.70896
13469, 4809, -0.01485, -0.07427,  0.07443,  0.55846,  0.36574,  0.5441,  0.70896
13470, 4809, -0.01485, -0.07427,  0.07443,  0.55846,  0.36574,  0.5441,  0.70896
13471, 4808, -0.01879, -0.07393,  0.07583,  0.64119,  0.36574,  0.62682,  0.70896
13472, 4810, -0.01663, -0.07611,  0.07186,  0.64119,  0.31018,  0.62682,  0.67857
13473, 4809, -0.01485, -0.07427,  0.07443,  0.55846,  0.36574,  0.5441,  0.70896
13474, 4810, -0.01663, -0.07611,  0.07186,  0.64119,  0.31018,  0.62682,  0.67857
13475, 4811, -0.01289, -0.07554,  0.07092,  0.55846,  0.31018,  0.5441,  0.67857
13476, 4810, -0.01663, -0.07611,  0.07186,  0.64119,  0.31018,  0.62682,  0.67857
13477, 4812, -0.01108, -0.07662,  0.06757,  0.55846,  0.25846,  0.5441,  0.65029
13478, 4811, -0.01289, -0.07554,  0.07092,  0.55846,  0.31018,  0.5441,  0.67857
13479, 4810, -0.01663, -0.07611,  0.07186,  0.64119,  0.31018,  0.62682,  0.67857
13480, 4813, -0.0144, -0.07776,  0.06875,  0.64119,  0.25846,  0.62682,  0.65029
13481, 4812, -0.01108, -0.07662,  0.06757,  0.55846,  0.25846,  0.5441,  0.65029
13482, 4814, -0.00919, -0.07767,  0.06463,  0.55846,  0.21424,  0.5441,  0.62611
13483, 4812, -0.01108, -0.07662,  0.06757,  0.55846,  0.25846,  0.5441,  0.65029
13484, 4813, -0.0144, -0.07776,  0.06875,  0.64119,  0.25846,  0.62682,  0.65029
13485, 4814, -0.00919, -0.07767,  0.06463,  0.55846,  0.21424,  0.5441,  0.62611
13486, 4813, -0.0144, -0.07776,  0.06875,  0.64119,  0.25846,  0.62682,  0.65029
13487, 4815, -0.01198, -0.07916,  0.06624,  0.64119,  0.21424,  0.62682,  0.62611
13488, 4815, -0.01198, -0.07916,  0.06624,  0.64119,  0.21424,  0.62682,  0.62611
13489, 4816, -0.00697, -0.07886,  0.06236,  0.55846,  0.18114,  0.5441,  0.60801
13490, 4814, -0.00919, -0.07767,  0.06463,  0.55846,  0.21424,  0.5441,  0.62611
13491, 4815, -0.01198, -0.07916,  0.06624,  0.64119,  0.21424,  0.62682,  0.62611
13492, 4817, -0.00927, -0.08059,  0.06405,  0.64119,  0.18114,  0.62682,  0.60801
13493, 4816, -0.00697, -0.07886,  0.06236,  0.55846,  0.18114,  0.5441,  0.60801
13494, 4818, -0.00643, -0.08229,  0.06218,  0.64119,  0.14155,  0.62682,  0.58761
13495, 4816, -0.00697, -0.07886,  0.06236,  0.55846,  0.18114,  0.5441,  0.60801
13496, 4817, -0.00927, -0.08059,  0.06405,  0.64119,  0.18114,  0.62682,  0.60801
13497, 4818, -0.00643, -0.08229,  0.06218,  0.64119,  0.14155,  0.62682,  0.58761
13498, 4819, -0.00458, -0.08037,  0.06052,  0.55846,  0.14155,  0.5441,  0.58761
13499, 4816, -0.00697, -0.07886,  0.06236,  0.55846,  0.18114,  0.5441,  0.60801
13500, 4819, -0.00458, -0.08037,  0.06052,  0.55846,  0.14155,  0.5441,  0.58761
13501, 4818, -0.00643, -0.08229,  0.06218,  0.64119,  0.14155,  0.62682,  0.58761
13502, 4820, -0.00363, -0.08444,  0.06066,  0.64119,  0.07782,  0.62682,  0.55653
13503, 4819, -0.00458, -0.08037,  0.06052,  0.55846,  0.14155,  0.5441,  0.58761
13504, 4820, -0.00363, -0.08444,  0.06066,  0.64119,  0.07782,  0.62682,  0.55653
13505, 4821, -0.0022, -0.08239,  0.05887,  0.55846,  0.07782,  0.5441,  0.55653
13506, 4822,  0.00018, -0.08466,  0.05732,  0.55846,  0.00202,  0.5441,  0.52009
13507, 4821, -0.0022, -0.08239,  0.05887,  0.55846,  0.07782,  0.5441,  0.55653
13508, 4820, -0.00363, -0.08444,  0.06066,  0.64119,  0.07782,  0.62682,  0.55653
13509, 4822,  0.00018, -0.08466,  0.05732,  0.55846,  0.00202,  0.5441,  0.52009
13510, 4820, -0.00363, -0.08444,  0.06066,  0.64119,  0.07782,  0.62682,  0.55653
13511, 4823, -0.00086, -0.08682,  0.0593,  0.64119,  0.00202,  0.62682,  0.52009
13512, 4824, -0.02399, -0.06546,  0.08027,  0.64119,  0.7066,  0.62682,  0.89535
13513, 4825, -0.02245, -0.06847,  0.08026,  0.64119,  0.56491,  0.62682,  0.81787
13514, 4826, -0.01771, -0.07049,  0.07857,  0.55846,  0.56491,  0.5441,  0.81787
13515, 4824, -0.02399, -0.06546,  0.08027,  0.64119,  0.7066,  0.62682,  0.89535
13516, 4826, -0.01771, -0.07049,  0.07857,  0.55846,  0.56491,  0.5441,  0.81787
13517, 4827, -0.01852, -0.06808,  0.07913,  0.55846,  0.7066,  0.5441,  0.89535
13518, 4807, -0.02077, -0.07134,  0.07915,  0.64119,  0.44428,  0.62682,  0.75191
13519, 4826, -0.01771, -0.07049,  0.07857,  0.55846,  0.56491,  0.5441,  0.81787
13520, 4825, -0.02245, -0.06847,  0.08026,  0.64119,  0.56491,  0.62682,  0.81787
13521, 4807, -0.02077, -0.07134,  0.07915,  0.64119,  0.44428,  0.62682,  0.75191
13522, 4806, -0.01659, -0.07264,  0.07726,  0.55846,  0.44428,  0.5441,  0.75191
13523, 4826, -0.01771, -0.07049,  0.07857,  0.55846,  0.56491,  0.5441,  0.81787
13524, 4828,  0.03482, -0.04887, -0.04995,  0.47968,  0.04002,  1.66348,  0.23083
13525, 4829,  0.03111, -0.05307, -0.04788,  0.37831,  0.04002,  1.76485,  0.23185
13526, 4830,  0.02845, -0.05449, -0.05137,  0.37831,  0.03512,  1.76485,  0.20862
13527, 4828,  0.03482, -0.04887, -0.04995,  0.47968,  0.04002,  1.66348,  0.23083
13528, 4830,  0.02845, -0.05449, -0.05137,  0.37831,  0.03512,  1.76485,  0.20862
13529, 4831,  0.03178, -0.05083, -0.05344,  0.47968,  0.03512,  1.66348,  0.20988
13530, 4832,  0.02828, -0.05346, -0.05624,  0.47968,  0.02971,  1.66348,  0.18378
13531, 4831,  0.03178, -0.05083, -0.05344,  0.47968,  0.03512,  1.66348,  0.20988
13532, 4830,  0.02845, -0.05449, -0.05137,  0.37831,  0.03512,  1.76485,  0.20862
13533, 4832,  0.02828, -0.05346, -0.05624,  0.47968,  0.02971,  1.66348,  0.18378
13534, 4830,  0.02845, -0.05449, -0.05137,  0.37831,  0.03512,  1.76485,  0.20862
13535, 4833,  0.02551, -0.05639, -0.05426,  0.37831,  0.02971,  1.76485,  0.18056
13536, 4834, -0.08392,  0.00686,  0.10991,  0.45471,  0.48346,  0.49814,  0.34372
13537, 4835, -0.07786,  0.01314,  0.11148,  0.3913,  0.48292,  0.56155,  0.34339
13538, 4836, -0.07808,  0.01585,  0.10525,  0.3913,  0.44249,  0.56155,  0.31877
13539, 4834, -0.08392,  0.00686,  0.10991,  0.45471,  0.48346,  0.49814,  0.34372
13540, 4836, -0.07808,  0.01585,  0.10525,  0.3913,  0.44249,  0.56155,  0.31877
13541, 4837, -0.08422,  0.00922,  0.10375,  0.45471,  0.44376,  0.49814,  0.31954
13542, 4837, -0.08422,  0.00922,  0.10375,  0.45471,  0.44376,  0.49814,  0.31954
13543, 4836, -0.07808,  0.01585,  0.10525,  0.3913,  0.44249,  0.56155,  0.31877
13544, 4838, -0.07801,  0.01817,  0.09988,  0.3913,  0.40015,  0.56155,  0.29299
13545, 4837, -0.08422,  0.00922,  0.10375,  0.45471,  0.44376,  0.49814,  0.31954
13546, 4838, -0.07801,  0.01817,  0.09988,  0.3913,  0.40015,  0.56155,  0.29299
13547, 4839, -0.08374,  0.01129,  0.09833,  0.45471,  0.40183,  0.49814,  0.29401
13548, 4840, -0.02047,  0.06282,  0.08916,  0.18641,  0.6894,  0.65321,  0.83384
13549, 4841, -0.01859,  0.06239,  0.08867,  0.18641,  0.66471,  0.65321,  0.81528
13550, 4842, -0.00539,  0.07001,  0.08495,  0.30011,  0.66471,  0.76691,  0.81528
13551, 4840, -0.02047,  0.06282,  0.08916,  0.18641,  0.6894,  0.65321,  0.83384
13552, 4842, -0.00539,  0.07001,  0.08495,  0.30011,  0.66471,  0.76691,  0.81528
13553, 4843, -0.01074,  0.06967,  0.08568,  0.30011,  0.6894,  0.76691,  0.83384
13554, 4844, -0.01682,  0.06136,  0.08796,  0.18641,  0.64205,  0.65321,  0.79825
13555, 4842, -0.00539,  0.07001,  0.08495,  0.30011,  0.66471,  0.76691,  0.81528
13556, 4841, -0.01859,  0.06239,  0.08867,  0.18641,  0.66471,  0.65321,  0.81528
13557, 4844, -0.01682,  0.06136,  0.08796,  0.18641,  0.64205,  0.65321,  0.79825
13558, 4845, -0.00058,  0.06947,  0.08412,  0.30011,  0.64205,  0.76691,  0.79825
13559, 4842, -0.00539,  0.07001,  0.08495,  0.30011,  0.66471,  0.76691,  0.81528
13560, 4844, -0.01682,  0.06136,  0.08796,  0.18641,  0.64205,  0.65321,  0.79825
13561, 4846,  0.00287,  0.06778,  0.08312,  0.30011,  0.62268,  0.76691,  0.7837
13562, 4845, -0.00058,  0.06947,  0.08412,  0.30011,  0.64205,  0.76691,  0.79825
13563, 4844, -0.01682,  0.06136,  0.08796,  0.18641,  0.64205,  0.65321,  0.79825
13564, 4847, -0.01554,  0.05956,  0.08687,  0.18641,  0.62268,  0.65321,  0.7837
13565, 4846,  0.00287,  0.06778,  0.08312,  0.30011,  0.62268,  0.76691,  0.7837
13566, 4848, -0.0145,  0.05736,  0.0856,  0.18641,  0.60497,  0.65321,  0.77039
13567, 4846,  0.00287,  0.06778,  0.08312,  0.30011,  0.62268,  0.76691,  0.7837
13568, 4847, -0.01554,  0.05956,  0.08687,  0.18641,  0.62268,  0.65321,  0.7837
13569, 4848, -0.0145,  0.05736,  0.0856,  0.18641,  0.60497,  0.65321,  0.77039
13570, 4849,  0.00565,  0.06553,  0.08205,  0.30011,  0.60497,  0.76691,  0.77039
13571, 4846,  0.00287,  0.06778,  0.08312,  0.30011,  0.62268,  0.76691,  0.7837
13572, 4843, -0.01074,  0.06967,  0.08568,  0.30011,  0.6894,  0.76691,  0.83384
13573, 4850, -0.02211,  0.06284,  0.08958,  0.18641,  0.71487,  0.65321,  0.85298
13574, 4840, -0.02047,  0.06282,  0.08916,  0.18641,  0.6894,  0.65321,  0.83384
13575, 4843, -0.01074,  0.06967,  0.08568,  0.30011,  0.6894,  0.76691,  0.83384
13576, 4851, -0.01583,  0.06868,  0.08633,  0.30011,  0.71487,  0.76691,  0.85298
13577, 4850, -0.02211,  0.06284,  0.08958,  0.18641,  0.71487,  0.65321,  0.85298
13578, 4852, -0.02055,  0.06696,  0.08681,  0.30011,  0.74213,  0.76691,  0.87347
13579, 4850, -0.02211,  0.06284,  0.08958,  0.18641,  0.71487,  0.65321,  0.85298
13580, 4851, -0.01583,  0.06868,  0.08633,  0.30011,  0.71487,  0.76691,  0.85298
13581, 4852, -0.02055,  0.06696,  0.08681,  0.30011,  0.74213,  0.76691,  0.87347
13582, 4853, -0.0241,  0.06197,  0.08994,  0.18641,  0.74213,  0.65321,  0.87347
13583, 4850, -0.02211,  0.06284,  0.08958,  0.18641,  0.71487,  0.65321,  0.85298
13584, 4852, -0.02055,  0.06696,  0.08681,  0.30011,  0.74213,  0.76691,  0.87347
13585, 4854, -0.02706,  0.05973,  0.09026,  0.18641,  0.7722,  0.65321,  0.89607
13586, 4853, -0.0241,  0.06197,  0.08994,  0.18641,  0.74213,  0.65321,  0.87347
13587, 4852, -0.02055,  0.06696,  0.08681,  0.30011,  0.74213,  0.76691,  0.87347
13588, 4855, -0.02479,  0.06445,  0.08705,  0.30011,  0.7722,  0.76691,  0.89607
13589, 4854, -0.02706,  0.05973,  0.09026,  0.18641,  0.7722,  0.65321,  0.89607
13590, 4856, -0.02878,  0.06153,  0.08717,  0.30011,  0.80368,  0.76691,  0.91973
13591, 4854, -0.02706,  0.05973,  0.09026,  0.18641,  0.7722,  0.65321,  0.89607
13592, 4855, -0.02479,  0.06445,  0.08705,  0.30011,  0.7722,  0.76691,  0.89607
13593, 4856, -0.02878,  0.06153,  0.08717,  0.30011,  0.80368,  0.76691,  0.91973
13594, 4857, -0.03049,  0.05681,  0.09055,  0.18641,  0.80368,  0.65321,  0.91973
13595, 4854, -0.02706,  0.05973,  0.09026,  0.18641,  0.7722,  0.65321,  0.89607
13596, 4858,  0.0007, -0.06994,  0.08238,  0.3367,  0.72595,  0.75068,  0.8063
13597, 4859, -0.01489, -0.06026,  0.08668,  0.223,  0.72595,  0.57059,  0.8063
13598, 4860, -0.01684, -0.06149,  0.0872,  0.223,  0.74861,  0.57059,  0.82327
13599, 4858,  0.0007, -0.06994,  0.08238,  0.3367,  0.72595,  0.75068,  0.8063
13600, 4860, -0.01684, -0.06149,  0.0872,  0.223,  0.74861,  0.57059,  0.82327
13601, 4861, -0.00424, -0.0701,  0.08295,  0.3367,  0.74861,  0.75068,  0.82327
13602, 4861, -0.00424, -0.0701,  0.08295,  0.3367,  0.74861,  0.75068,  0.82327
13603, 4860, -0.01684, -0.06149,  0.0872,  0.223,  0.74861,  0.57059,  0.82327
13604, 4862, -0.01876, -0.06205,  0.08769,  0.223,  0.7733,  0.57059,  0.84176
13605, 4861, -0.00424, -0.0701,  0.08295,  0.3367,  0.74861,  0.75068,  0.82327
13606, 4862, -0.01876, -0.06205,  0.08769,  0.223,  0.7733,  0.57059,  0.84176
13607, 4863, -0.00932, -0.06946,  0.0836,  0.3367,  0.7733,  0.75068,  0.84176
13608, 4858,  0.0007, -0.06994,  0.08238,  0.3367,  0.72595,  0.75068,  0.8063
13609, 4864, -0.01313, -0.05807,  0.08616,  0.223,  0.70658,  0.57059,  0.7918
13610, 4859, -0.01489, -0.06026,  0.08668,  0.223,  0.72595,  0.57059,  0.8063
13611, 4858,  0.0007, -0.06994,  0.08238,  0.3367,  0.72595,  0.75068,  0.8063
13612, 4865,  0.0052, -0.0685,  0.08188,  0.3367,  0.70658,  0.75068,  0.7918
13613, 4864, -0.01313, -0.05807,  0.08616,  0.223,  0.70658,  0.57059,  0.7918
13614, 4866,  0.00947, -0.06644,  0.0814,  0.3367,  0.68887,  0.75068,  0.77853
13615, 4864, -0.01313, -0.05807,  0.08616,  0.223,  0.70658,  0.57059,  0.7918
13616, 4865,  0.0052, -0.0685,  0.08188,  0.3367,  0.70658,  0.75068,  0.7918
13617, 4866,  0.00947, -0.06644,  0.0814,  0.3367,  0.68887,  0.75068,  0.77853
13618, 4867, -0.01145, -0.05541,  0.08565,  0.223,  0.68887,  0.57059,  0.77853
13619, 4864, -0.01313, -0.05807,  0.08616,  0.223,  0.70658,  0.57059,  0.7918
13620, 4862, -0.01876, -0.06205,  0.08769,  0.223,  0.7733,  0.57059,  0.84176
13621, 4868, -0.01423, -0.0685,  0.08438,  0.3367,  0.79877,  0.75068,  0.86083
13622, 4863, -0.00932, -0.06946,  0.0836,  0.3367,  0.7733,  0.75068,  0.84176
13623, 4862, -0.01876, -0.06205,  0.08769,  0.223,  0.7733,  0.57059,  0.84176
13624, 4869, -0.02045, -0.06223,  0.08809,  0.223,  0.79877,  0.57059,  0.86083
13625, 4868, -0.01423, -0.0685,  0.08438,  0.3367,  0.79877,  0.75068,  0.86083
13626, 4870, -0.01886, -0.0671,  0.08502,  0.3367,  0.82603,  0.75068,  0.88125
13627, 4868, -0.01423, -0.0685,  0.08438,  0.3367,  0.79877,  0.75068,  0.86083
13628, 4869, -0.02045, -0.06223,  0.08809,  0.223,  0.79877,  0.57059,  0.86083
13629, 4870, -0.01886, -0.0671,  0.08502,  0.3367,  0.82603,  0.75068,  0.88125
13630, 4869, -0.02045, -0.06223,  0.08809,  0.223,  0.79877,  0.57059,  0.86083
13631, 4871, -0.02254, -0.06159,  0.08842,  0.223,  0.82603,  0.57059,  0.88125
13632, 4871, -0.02254, -0.06159,  0.08842,  0.223,  0.82603,  0.57059,  0.88125
13633, 4872, -0.02308, -0.06516,  0.08528,  0.3367,  0.8561,  0.75068,  0.90377
13634, 4870, -0.01886, -0.0671,  0.08502,  0.3367,  0.82603,  0.75068,  0.88125
13635, 4871, -0.02254, -0.06159,  0.08842,  0.223,  0.82603,  0.57059,  0.88125
13636, 4873, -0.02569, -0.05971,  0.08874,  0.223,  0.8561,  0.57059,  0.90377
13637, 4872, -0.02308, -0.06516,  0.08528,  0.3367,  0.8561,  0.75068,  0.90377
13638, 4874, -0.02937, -0.0572,  0.08905,  0.223,  0.88758,  0.57059,  0.92734
13639, 4872, -0.02308, -0.06516,  0.08528,  0.3367,  0.8561,  0.75068,  0.90377
13640, 4873, -0.02569, -0.05971,  0.08874,  0.223,  0.8561,  0.57059,  0.90377
13641, 4874, -0.02937, -0.0572,  0.08905,  0.223,  0.88758,  0.57059,  0.92734
13642, 4875, -0.02711, -0.06294,  0.08534,  0.3367,  0.88758,  0.75068,  0.92734
13643, 4872, -0.02308, -0.06516,  0.08528,  0.3367,  0.8561,  0.75068,  0.90377
13644, 4876, -0.02989,  0.05789,  0.09052,  0.21223,  0.66539,  0.76986,  0.68856
13645, 4877, -0.03046,  0.05714,  0.09447,  0.27158,  0.66539,  0.71311,  0.68856
13646, 4878, -0.02696,  0.06008,  0.09369,  0.27158,  0.63795,  0.71311,  0.65688
13647, 4876, -0.02989,  0.05789,  0.09052,  0.21223,  0.66539,  0.76986,  0.68856
13648, 4878, -0.02696,  0.06008,  0.09369,  0.27158,  0.63795,  0.71311,  0.65688
13649, 4879, -0.02658,  0.06149,  0.0899,  0.21223,  0.63795,  0.76986,  0.65688
13650, 4879, -0.02658,  0.06149,  0.0899,  0.21223,  0.63795,  0.76986,  0.65688
13651, 4878, -0.02696,  0.06008,  0.09369,  0.27158,  0.63795,  0.71311,  0.65688
13652, 4880, -0.02383,  0.06194,  0.09284,  0.27158,  0.61192,  0.71311,  0.62595
13653, 4879, -0.02658,  0.06149,  0.0899,  0.21223,  0.63795,  0.76986,  0.65688
13654, 4880, -0.02383,  0.06194,  0.09284,  0.27158,  0.61192,  0.71311,  0.62595
13655, 4881, -0.02341,  0.06379,  0.0894,  0.21223,  0.61192,  0.76986,  0.62595
13656, 4880, -0.02383,  0.06194,  0.09284,  0.27158,  0.61192,  0.71311,  0.62595
13657, 4882, -0.02099,  0.06419,  0.08908,  0.21223,  0.5895,  0.76986,  0.59644
13658, 4881, -0.02341,  0.06379,  0.0894,  0.21223,  0.61192,  0.76986,  0.62595
13659, 4880, -0.02383,  0.06194,  0.09284,  0.27158,  0.61192,  0.71311,  0.62595
13660, 4883, -0.02173,  0.06218,  0.09217,  0.27158,  0.5895,  0.71311,  0.59644
13661, 4882, -0.02099,  0.06419,  0.08908,  0.21223,  0.5895,  0.76986,  0.59644
13662, 4884, -0.01933,  0.06339,  0.08877,  0.21223,  0.56824,  0.76986,  0.56969
13663, 4882, -0.02099,  0.06419,  0.08908,  0.21223,  0.5895,  0.76986,  0.59644
13664, 4883, -0.02173,  0.06218,  0.09217,  0.27158,  0.5895,  0.71311,  0.59644
13665, 4884, -0.01933,  0.06339,  0.08877,  0.21223,  0.56824,  0.76986,  0.56969
13666, 4883, -0.02173,  0.06218,  0.09217,  0.27158,  0.5895,  0.71311,  0.59644
13667, 4885, -0.02087,  0.06103,  0.0913,  0.27158,  0.56824,  0.71311,  0.56969
13668, 4886, -0.02145,  0.05873,  0.08983,  0.27158,  0.54571,  0.71311,  0.54704
13669, 4884, -0.01933,  0.06339,  0.08877,  0.21223,  0.56824,  0.76986,  0.56969
13670, 4885, -0.02087,  0.06103,  0.0913,  0.27158,  0.56824,  0.71311,  0.56969
13671, 4886, -0.02145,  0.05873,  0.08983,  0.27158,  0.54571,  0.71311,  0.54704
13672, 4887, -0.01843,  0.06205,  0.08828,  0.21223,  0.54571,  0.76986,  0.54704
13673, 4884, -0.01933,  0.06339,  0.08877,  0.21223,  0.56824,  0.76986,  0.56969
13674, 4888, -0.02275,  0.05585,  0.08807,  0.27158,  0.52254,  0.71311,  0.52644
13675, 4887, -0.01843,  0.06205,  0.08828,  0.21223,  0.54571,  0.76986,  0.54704
13676, 4886, -0.02145,  0.05873,  0.08983,  0.27158,  0.54571,  0.71311,  0.54704
13677, 4888, -0.02275,  0.05585,  0.08807,  0.27158,  0.52254,  0.71311,  0.52644
13678, 4889, -0.01791,  0.06046,  0.08769,  0.21223,  0.52254,  0.76986,  0.52644
13679, 4887, -0.01843,  0.06205,  0.08828,  0.21223,  0.54571,  0.76986,  0.54704
13680, 4877, -0.03046,  0.05714,  0.09447,  0.27158,  0.66539,  0.71311,  0.68856
13681, 4876, -0.02989,  0.05789,  0.09052,  0.21223,  0.66539,  0.76986,  0.68856
13682, 4890, -0.03275,  0.05358,  0.09118,  0.21223,  0.69206,  0.76986,  0.72029
13683, 4877, -0.03046,  0.05714,  0.09447,  0.27158,  0.66539,  0.71311,  0.68856
13684, 4890, -0.03275,  0.05358,  0.09118,  0.21223,  0.69206,  0.76986,  0.72029
13685, 4891, -0.03366,  0.05366,  0.09492,  0.27158,  0.69206,  0.71311,  0.72029
13686, 4891, -0.03366,  0.05366,  0.09492,  0.27158,  0.69206,  0.71311,  0.72029
13687, 4890, -0.03275,  0.05358,  0.09118,  0.21223,  0.69206,  0.76986,  0.72029
13688, 4892, -0.03518,  0.04918,  0.09193,  0.21223,  0.71646,  0.76986,  0.75141
13689, 4891, -0.03366,  0.05366,  0.09492,  0.27158,  0.69206,  0.71311,  0.72029
13690, 4892, -0.03518,  0.04918,  0.09193,  0.21223,  0.71646,  0.76986,  0.75141
13691, 4893, -0.0364,  0.0498,  0.09528,  0.27158,  0.71639,  0.71311,  0.75141
13692, 4893, -0.0364,  0.0498,  0.09528,  0.27158,  0.71639,  0.71311,  0.75141
13693, 4892, -0.03518,  0.04918,  0.09193,  0.21223,  0.71646,  0.76986,  0.75141
13694, 4894, -0.03721,  0.04534,  0.09281,  0.21223,  0.73711,  0.76986,  0.78125
13695, 4893, -0.0364,  0.0498,  0.09528,  0.27158,  0.71639,  0.71311,  0.75141
13696, 4894, -0.03721,  0.04534,  0.09281,  0.21223,  0.73711,  0.76986,  0.78125
13697, 4895, -0.03856,  0.04571,  0.0958,  0.27158,  0.73684,  0.71311,  0.78125
13698, 4896, -0.04034,  0.0416,  0.09633,  0.27158,  0.7569,  0.71311,  0.81092
13699, 4895, -0.03856,  0.04571,  0.0958,  0.27158,  0.73684,  0.71311,  0.78125
13700, 4894, -0.03721,  0.04534,  0.09281,  0.21223,  0.73711,  0.76986,  0.78125
13701, 4896, -0.04034,  0.0416,  0.09633,  0.27158,  0.7569,  0.71311,  0.81092
13702, 4894, -0.03721,  0.04534,  0.09281,  0.21223,  0.73711,  0.76986,  0.78125
13703, 4897, -0.0388,  0.04165,  0.09368,  0.21223,  0.75726,  0.76986,  0.81092
13704, 4898, -0.03991,  0.03774,  0.0944,  0.21223,  0.78017,  0.76986,  0.84155
13705, 4896, -0.04034,  0.0416,  0.09633,  0.27158,  0.7569,  0.71311,  0.81092
13706, 4897, -0.0388,  0.04165,  0.09368,  0.21223,  0.75726,  0.76986,  0.81092
13707, 4898, -0.03991,  0.03774,  0.0944,  0.21223,  0.78017,  0.76986,  0.84155
13708, 4899, -0.04197,  0.03768,  0.09673,  0.27158,  0.78005,  0.71311,  0.84155
13709, 4896, -0.04034,  0.0416,  0.09633,  0.27158,  0.7569,  0.71311,  0.81092
13710, 4900, -0.04077,  0.0337,  0.09505,  0.21223,  0.80445,  0.76986,  0.87266
13711, 4899, -0.04197,  0.03768,  0.09673,  0.27158,  0.78005,  0.71311,  0.84155
13712, 4898, -0.03991,  0.03774,  0.0944,  0.21223,  0.78017,  0.76986,  0.84155
13713, 4900, -0.04077,  0.0337,  0.09505,  0.21223,  0.80445,  0.76986,  0.87266
13714, 4901, -0.04352,  0.03385,  0.09707,  0.27158,  0.80476,  0.71311,  0.87266
13715, 4899, -0.04197,  0.03768,  0.09673,  0.27158,  0.78005,  0.71311,  0.84155
13716, 4902, -0.02275,  0.05585,  0.08807,  0.2662,  0.51886,  0.75418,  0.52644
13717, 4903, -0.02145,  0.05873,  0.08983,  0.2662,  0.53577,  0.75418,  0.54704
13718, 4904, -0.02415,  0.05464,  0.09213,  0.21173,  0.53577,  0.70232,  0.54704
13719, 4902, -0.02275,  0.05585,  0.08807,  0.2662,  0.51886,  0.75418,  0.52644
13720, 4904, -0.02415,  0.05464,  0.09213,  0.21173,  0.53577,  0.70232,  0.54704
13721, 4905, -0.02528,  0.05358,  0.09024,  0.21173,  0.51886,  0.70232,  0.52644
13722, 4906, -0.02087,  0.06103,  0.0913,  0.2662,  0.55437,  0.75418,  0.56969
13723, 4904, -0.02415,  0.05464,  0.09213,  0.21173,  0.53577,  0.70232,  0.54704
13724, 4903, -0.02145,  0.05873,  0.08983,  0.2662,  0.53577,  0.75418,  0.54704
13725, 4906, -0.02087,  0.06103,  0.0913,  0.2662,  0.55437,  0.75418,  0.56969
13726, 4907, -0.02358,  0.05534,  0.09367,  0.21173,  0.55437,  0.70232,  0.56969
13727, 4904, -0.02415,  0.05464,  0.09213,  0.21173,  0.53577,  0.70232,  0.54704
13728, 4906, -0.02087,  0.06103,  0.0913,  0.2662,  0.55437,  0.75418,  0.56969
13729, 4908, -0.02414,  0.05531,  0.09454,  0.21173,  0.57633,  0.70232,  0.59644
13730, 4907, -0.02358,  0.05534,  0.09367,  0.21173,  0.55437,  0.70232,  0.56969
13731, 4906, -0.02087,  0.06103,  0.0913,  0.2662,  0.55437,  0.75418,  0.56969
13732, 4909, -0.02173,  0.06218,  0.09217,  0.2662,  0.57633,  0.75418,  0.59644
13733, 4908, -0.02414,  0.05531,  0.09454,  0.21173,  0.57633,  0.70232,  0.59644
13734, 4910, -0.0255,  0.05475,  0.09509,  0.21173,  0.60056,  0.70232,  0.62595
13735, 4908, -0.02414,  0.05531,  0.09454,  0.21173,  0.57633,  0.70232,  0.59644
13736, 4909, -0.02173,  0.06218,  0.09217,  0.2662,  0.57633,  0.75418,  0.59644
13737, 4910, -0.0255,  0.05475,  0.09509,  0.21173,  0.60056,  0.70232,  0.62595
13738, 4909, -0.02173,  0.06218,  0.09217,  0.2662,  0.57633,  0.75418,  0.59644
13739, 4911, -0.02383,  0.06194,  0.09281,  0.2662,  0.60056,  0.75418,  0.62595
13740, 4910, -0.0255,  0.05475,  0.09509,  0.21173,  0.60056,  0.70232,  0.62595
13741, 4911, -0.02383,  0.06194,  0.09281,  0.2662,  0.60056,  0.75418,  0.62595
13742, 4912, -0.02696,  0.06008,  0.09357,  0.2662,  0.62596,  0.75418,  0.65688
13743, 4910, -0.0255,  0.05475,  0.09509,  0.21173,  0.60056,  0.70232,  0.62595
13744, 4912, -0.02696,  0.06008,  0.09357,  0.2662,  0.62596,  0.75418,  0.65688
13745, 4913, -0.02734,  0.05387,  0.09569,  0.21173,  0.62596,  0.70232,  0.65688
13746, 4913, -0.02734,  0.05387,  0.09569,  0.21173,  0.62596,  0.70232,  0.65688
13747, 4912, -0.02696,  0.06008,  0.09357,  0.2662,  0.62596,  0.75418,  0.65688
13748, 4914, -0.03046,  0.05714,  0.09425,  0.2662,  0.65197,  0.75418,  0.68856
13749, 4913, -0.02734,  0.05387,  0.09569,  0.21173,  0.62596,  0.70232,  0.65688
13750, 4914, -0.03046,  0.05714,  0.09425,  0.2662,  0.65197,  0.75418,  0.68856
13751, 4915, -0.02963,  0.05245,  0.09634,  0.21173,  0.65197,  0.70232,  0.68856
13752, 4915, -0.02963,  0.05245,  0.09634,  0.21173,  0.65197,  0.70232,  0.68856
13753, 4914, -0.03046,  0.05714,  0.09425,  0.2662,  0.65197,  0.75418,  0.68856
13754, 4916, -0.03366,  0.05366,  0.09467,  0.2662,  0.67803,  0.75418,  0.72029
13755, 4915, -0.02963,  0.05245,  0.09634,  0.21173,  0.65197,  0.70232,  0.68856
13756, 4916, -0.03366,  0.05366,  0.09467,  0.2662,  0.67803,  0.75418,  0.72029
13757, 4917, -0.03238,  0.0503,  0.09703,  0.21173,  0.67803,  0.70232,  0.72029
13758, 4918, -0.03506,  0.04748,  0.09765,  0.21173,  0.70358,  0.70232,  0.75141
13759, 4917, -0.03238,  0.0503,  0.09703,  0.21173,  0.67803,  0.70232,  0.72029
13760, 4916, -0.03366,  0.05366,  0.09467,  0.2662,  0.67803,  0.75418,  0.72029
13761, 4918, -0.03506,  0.04748,  0.09765,  0.21173,  0.70358,  0.70232,  0.75141
13762, 4916, -0.03366,  0.05366,  0.09467,  0.2662,  0.67803,  0.75418,  0.72029
13763, 4919, -0.0364,  0.0498,  0.09503,  0.2662,  0.70358,  0.75418,  0.75141
13764, 4920, -0.03856,  0.04571,  0.09556,  0.2662,  0.72807,  0.75418,  0.78125
13765, 4918, -0.03506,  0.04748,  0.09765,  0.21173,  0.70358,  0.70232,  0.75141
13766, 4919, -0.0364,  0.0498,  0.09503,  0.2662,  0.70358,  0.75418,  0.75141
13767, 4920, -0.03856,  0.04571,  0.09556,  0.2662,  0.72807,  0.75418,  0.78125
13768, 4921, -0.03719,  0.04409,  0.09808,  0.21173,  0.72807,  0.70232,  0.78125
13769, 4918, -0.03506,  0.04748,  0.09765,  0.21173,  0.70358,  0.70232,  0.75141
13770, 4922, -0.04034,  0.0416,  0.09613,  0.2662,  0.75243,  0.75418,  0.81092
13771, 4921, -0.03719,  0.04409,  0.09808,  0.21173,  0.72807,  0.70232,  0.78125
13772, 4920, -0.03856,  0.04571,  0.09556,  0.2662,  0.72807,  0.75418,  0.78125
13773, 4922, -0.04034,  0.0416,  0.09613,  0.2662,  0.75243,  0.75418,  0.81092
13774, 4923, -0.03915,  0.04027,  0.0986,  0.21173,  0.75243,  0.70232,  0.81092
13775, 4921, -0.03719,  0.04409,  0.09808,  0.21173,  0.72807,  0.70232,  0.78125
13776, 4923, -0.03915,  0.04027,  0.0986,  0.21173,  0.75243,  0.70232,  0.81092
13777, 4922, -0.04034,  0.0416,  0.09613,  0.2662,  0.75243,  0.75418,  0.81092
13778, 4924, -0.04197,  0.03768,  0.09662,  0.2662,  0.77758,  0.75418,  0.84155
13779, 4923, -0.03915,  0.04027,  0.0986,  0.21173,  0.75243,  0.70232,  0.81092
13780, 4924, -0.04197,  0.03768,  0.09662,  0.2662,  0.77758,  0.75418,  0.84155
13781, 4925, -0.04132,  0.03616,  0.09947,  0.21173,  0.77758,  0.70232,  0.84155
13782, 4926, -0.0436,  0.03191,  0.10051,  0.21173,  0.80313,  0.70232,  0.87266
13783, 4925, -0.04132,  0.03616,  0.09947,  0.21173,  0.77758,  0.70232,  0.84155
13784, 4924, -0.04197,  0.03768,  0.09662,  0.2662,  0.77758,  0.75418,  0.84155
13785, 4926, -0.0436,  0.03191,  0.10051,  0.21173,  0.80313,  0.70232,  0.87266
13786, 4924, -0.04197,  0.03768,  0.09662,  0.2662,  0.77758,  0.75418,  0.84155
13787, 4927, -0.04352,  0.03385,  0.09707,  0.2662,  0.80313,  0.75418,  0.87266
13788, 4928,  0.0092,  0.07386,  0.07226,  0.28384,  0.74619,  0.74566,  0.73718
13789, 4929,  0.00604,  0.07749,  0.07784,  0.21406,  0.74619,  0.67558,  0.73718
13790, 4930,  0.01251,  0.07612,  0.07897,  0.2141,  0.70599,  0.6756,  0.68752
13791, 4928,  0.0092,  0.07386,  0.07226,  0.28384,  0.74619,  0.74566,  0.73718
13792, 4930,  0.01251,  0.07612,  0.07897,  0.2141,  0.70599,  0.6756,  0.68752
13793, 4931,  0.01628,  0.07255,  0.07341,  0.28384,  0.70599,  0.74566,  0.68752
13794, 4931,  0.01628,  0.07255,  0.07341,  0.28384,  0.70599,  0.74566,  0.68752
13795, 4930,  0.01251,  0.07612,  0.07897,  0.2141,  0.70599,  0.6756,  0.68752
13796, 4932,  0.01757,  0.07324,  0.0796,  0.21406,  0.66396,  0.67558,  0.63702
13797, 4931,  0.01628,  0.07255,  0.07341,  0.28384,  0.70599,  0.74566,  0.68752
13798, 4932,  0.01757,  0.07324,  0.0796,  0.21406,  0.66396,  0.67558,  0.63702
13799, 4933,  0.02173,  0.07014,  0.07454,  0.28384,  0.66396,  0.74566,  0.63702
13800, 4932,  0.01757,  0.07324,  0.0796,  0.21406,  0.66396,  0.67558,  0.63702
13801, 4934,  0.02365,  0.06709,  0.07538,  0.28384,  0.62193,  0.74566,  0.58791
13802, 4933,  0.02173,  0.07014,  0.07454,  0.28384,  0.66396,  0.74566,  0.63702
13803, 4932,  0.01757,  0.07324,  0.0796,  0.21406,  0.66396,  0.67558,  0.63702
13804, 4935,  0.01985,  0.06873,  0.07893,  0.21394,  0.62193,  0.67552,  0.58791
13805, 4934,  0.02365,  0.06709,  0.07538,  0.28384,  0.62193,  0.74566,  0.58791
13806, 4936,  0.02072,  0.0634,  0.0776,  0.21378,  0.5799,  0.67544,  0.53951
13807, 4934,  0.02365,  0.06709,  0.07538,  0.28384,  0.62193,  0.74566,  0.58791
13808, 4935,  0.01985,  0.06873,  0.07893,  0.21394,  0.62193,  0.67552,  0.58791
13809, 4936,  0.02072,  0.0634,  0.0776,  0.21378,  0.5799,  0.67544,  0.53951
13810, 4937,  0.02382,  0.06372,  0.07608,  0.28384,  0.5799,  0.74566,  0.53951
13811, 4934,  0.02365,  0.06709,  0.07538,  0.28384,  0.62193,  0.74566,  0.58791
13812, 4929,  0.00604,  0.07749,  0.07784,  0.21406,  0.74619,  0.67558,  0.73718
13813, 4928,  0.0092,  0.07386,  0.07226,  0.28384,  0.74619,  0.74566,  0.73718
13814, 4938,  0.00238,  0.07361,  0.07137,  0.28384,  0.78271,  0.74566,  0.78373
13815, 4929,  0.00604,  0.07749,  0.07784,  0.21406,  0.74619,  0.67558,  0.73718
13816, 4938,  0.00238,  0.07361,  0.07137,  0.28384,  0.78271,  0.74566,  0.78373
13817, 4939, -0.00044,  0.07743,  0.077,  0.21394,  0.78271,  0.67552,  0.78373
13818, 4940, -0.00684,  0.07626,  0.07653,  0.21382,  0.81358,  0.67546,  0.82341
13819, 4939, -0.00044,  0.07743,  0.077,  0.21394,  0.78271,  0.67552,  0.78373
13820, 4938,  0.00238,  0.07361,  0.07137,  0.28384,  0.78271,  0.74566,  0.78373
13821, 4940, -0.00684,  0.07626,  0.07653,  0.21382,  0.81358,  0.67546,  0.82341
13822, 4938,  0.00238,  0.07361,  0.07137,  0.28384,  0.78271,  0.74566,  0.78373
13823, 4941, -0.00421,  0.07239,  0.07107,  0.28384,  0.81358,  0.74566,  0.82341
13824, 4941, -0.00421,  0.07239,  0.07107,  0.28384,  0.81358,  0.74566,  0.82341
13825, 4942, -0.01308,  0.0743,  0.07648,  0.21378,  0.83684,  0.67544,  0.85245
13826, 4940, -0.00684,  0.07626,  0.07653,  0.21382,  0.81358,  0.67546,  0.82341
13827, 4941, -0.00421,  0.07239,  0.07107,  0.28384,  0.81358,  0.74566,  0.82341
13828, 4943, -0.0106,  0.07076,  0.07171,  0.28384,  0.83684,  0.74566,  0.85245
13829, 4942, -0.01308,  0.0743,  0.07648,  0.21378,  0.83684,  0.67544,  0.85245
13830, 4944, -0.01814,  0.07214,  0.07664,  0.21378,  0.85631,  0.67544,  0.87616
13831, 4942, -0.01308,  0.0743,  0.07648,  0.21378,  0.83684,  0.67544,  0.85245
13832, 4943, -0.0106,  0.07076,  0.07171,  0.28384,  0.83684,  0.74566,  0.85245
13833, 4944, -0.01814,  0.07214,  0.07664,  0.21378,  0.85631,  0.67544,  0.87616
13834, 4943, -0.0106,  0.07076,  0.07171,  0.28384,  0.83684,  0.74566,  0.85245
13835, 4945, -0.01585,  0.06915,  0.0727,  0.28384,  0.85631,  0.74566,  0.87616
13836, 4945, -0.01585,  0.06915,  0.0727,  0.28384,  0.85631,  0.74566,  0.87616
13837, 4946, -0.02101,  0.07039,  0.07679,  0.21378,  0.87578,  0.67544,  0.89987
13838, 4944, -0.01814,  0.07214,  0.07664,  0.21378,  0.85631,  0.67544,  0.87616
13839, 4945, -0.01585,  0.06915,  0.0727,  0.28384,  0.85631,  0.74566,  0.87616
13840, 4947, -0.019,  0.06799,  0.07349,  0.28384,  0.87578,  0.74566,  0.89987
13841, 4946, -0.02101,  0.07039,  0.07679,  0.21378,  0.87578,  0.67544,  0.89987
13842, 4948, -0.0211,  0.06706,  0.07418,  0.28384,  0.89525,  0.74566,  0.92358
13843, 4946, -0.02101,  0.07039,  0.07679,  0.21378,  0.87578,  0.67544,  0.89987
13844, 4947, -0.019,  0.06799,  0.07349,  0.28384,  0.87578,  0.74566,  0.89987
13845, 4948, -0.0211,  0.06706,  0.07418,  0.28384,  0.89525,  0.74566,  0.92358
13846, 4949, -0.02279,  0.06885,  0.07695,  0.21378,  0.89525,  0.67544,  0.92358
13847, 4946, -0.02101,  0.07039,  0.07679,  0.21378,  0.87578,  0.67544,  0.89987
13848, 4950,  0.00604,  0.07714,  0.07724,  0.28434,  0.74619,  0.75233,  0.74204
13849, 4951,  0.00326,  0.07192,  0.07971,  0.21386,  0.74619,  0.68212,  0.74204
13850, 4952,  0.00675,  0.0711,  0.08015,  0.21386,  0.70599,  0.68212,  0.69308
13851, 4950,  0.00604,  0.07714,  0.07724,  0.28434,  0.74619,  0.75233,  0.74204
13852, 4952,  0.00675,  0.0711,  0.08015,  0.21386,  0.70599,  0.68212,  0.69308
13853, 4953,  0.01251,  0.07573,  0.07829,  0.28434,  0.70599,  0.75233,  0.69308
13854, 4953,  0.01251,  0.07573,  0.07829,  0.28434,  0.70599,  0.75233,  0.69308
13855, 4952,  0.00675,  0.0711,  0.08015,  0.21386,  0.70599,  0.68212,  0.69308
13856, 4954,  0.00925,  0.06971,  0.08027,  0.21386,  0.66396,  0.68212,  0.64188
13857, 4953,  0.01251,  0.07573,  0.07829,  0.28434,  0.70599,  0.75233,  0.69308
13858, 4954,  0.00925,  0.06971,  0.08027,  0.21386,  0.66396,  0.68212,  0.64188
13859, 4955,  0.01757,  0.0729,  0.07901,  0.28434,  0.66396,  0.75233,  0.64188
13860, 4955,  0.01757,  0.0729,  0.07901,  0.28434,  0.66396,  0.75233,  0.64188
13861, 4954,  0.00925,  0.06971,  0.08027,  0.21386,  0.66396,  0.68212,  0.64188
13862, 4956,  0.01165,  0.06714,  0.07961,  0.21386,  0.62193,  0.68212,  0.59069
13863, 4955,  0.01757,  0.0729,  0.07901,  0.28434,  0.66396,  0.75233,  0.64188
13864, 4956,  0.01165,  0.06714,  0.07961,  0.21386,  0.62193,  0.68212,  0.59069
13865, 4957,  0.01985,  0.06853,  0.07858,  0.28434,  0.62193,  0.75233,  0.59069
13866, 4957,  0.01985,  0.06853,  0.07858,  0.28434,  0.62193,  0.75233,  0.59069
13867, 4956,  0.01165,  0.06714,  0.07961,  0.21386,  0.62193,  0.68212,  0.59069
13868, 4958,  0.01401,  0.06398,  0.07857,  0.21386,  0.5799,  0.68212,  0.53951
13869, 4957,  0.01985,  0.06853,  0.07858,  0.28434,  0.62193,  0.75233,  0.59069
13870, 4958,  0.01401,  0.06398,  0.07857,  0.21386,  0.5799,  0.68212,  0.53951
13871, 4959,  0.02072,  0.0634,  0.0776,  0.28434,  0.5799,  0.75233,  0.53951
13872, 4951,  0.00326,  0.07192,  0.07971,  0.21386,  0.74619,  0.68212,  0.74204
13873, 4950,  0.00604,  0.07714,  0.07724,  0.28434,  0.74619,  0.75233,  0.74204
13874, 4960, -0.00044,  0.07723,  0.07666,  0.28434,  0.78271,  0.75233,  0.78651
13875, 4951,  0.00326,  0.07192,  0.07971,  0.21386,  0.74619,  0.68212,  0.74204
13876, 4960, -0.00044,  0.07723,  0.07666,  0.28434,  0.78271,  0.75233,  0.78651
13877, 4961, -0.00212,  0.07277,  0.07941,  0.21386,  0.78271,  0.68212,  0.78651
13878, 4962, -0.00817,  0.07306,  0.07924,  0.21386,  0.81358,  0.68212,  0.82411
13879, 4961, -0.00212,  0.07277,  0.07941,  0.21386,  0.78271,  0.68212,  0.78651
13880, 4960, -0.00044,  0.07723,  0.07666,  0.28434,  0.78271,  0.75233,  0.78651
13881, 4962, -0.00817,  0.07306,  0.07924,  0.21386,  0.81358,  0.68212,  0.82411
13882, 4960, -0.00044,  0.07723,  0.07666,  0.28434,  0.78271,  0.75233,  0.78651
13883, 4963, -0.00684,  0.07621,  0.07644,  0.28434,  0.81358,  0.75233,  0.82411
13884, 4963, -0.00684,  0.07621,  0.07644,  0.28434,  0.81358,  0.75233,  0.82411
13885, 4964, -0.01367,  0.07221,  0.07924,  0.21386,  0.83684,  0.68212,  0.85245
13886, 4962, -0.00817,  0.07306,  0.07924,  0.21386,  0.81358,  0.68212,  0.82411
13887, 4963, -0.00684,  0.07621,  0.07644,  0.28434,  0.81358,  0.75233,  0.82411
13888, 4965, -0.01308,  0.0743,  0.07648,  0.28434,  0.83684,  0.75233,  0.85245
13889, 4964, -0.01367,  0.07221,  0.07924,  0.21386,  0.83684,  0.68212,  0.85245
13890, 4966, -0.01821,  0.0708,  0.07934,  0.21386,  0.85631,  0.68212,  0.87616
13891, 4964, -0.01367,  0.07221,  0.07924,  0.21386,  0.83684,  0.68212,  0.85245
13892, 4965, -0.01308,  0.0743,  0.07648,  0.28434,  0.83684,  0.75233,  0.85245
13893, 4966, -0.01821,  0.0708,  0.07934,  0.21386,  0.85631,  0.68212,  0.87616
13894, 4965, -0.01308,  0.0743,  0.07648,  0.28434,  0.83684,  0.75233,  0.85245
13895, 4967, -0.01814,  0.07214,  0.07664,  0.28434,  0.85631,  0.75233,  0.87616
13896, 4967, -0.01814,  0.07214,  0.07664,  0.28434,  0.85631,  0.75233,  0.87616
13897, 4968, -0.02137,  0.06942,  0.07952,  0.21386,  0.87578,  0.68212,  0.89987
13898, 4966, -0.01821,  0.0708,  0.07934,  0.21386,  0.85631,  0.68212,  0.87616
13899, 4967, -0.01814,  0.07214,  0.07664,  0.28434,  0.85631,  0.75233,  0.87616
13900, 4969, -0.02101,  0.07039,  0.07679,  0.28434,  0.87578,  0.75233,  0.89987
13901, 4968, -0.02137,  0.06942,  0.07952,  0.21386,  0.87578,  0.68212,  0.89987
13902, 4970, -0.02279,  0.06885,  0.07695,  0.28434,  0.89525,  0.75233,  0.92358
13903, 4968, -0.02137,  0.06942,  0.07952,  0.21386,  0.87578,  0.68212,  0.89987
13904, 4969, -0.02101,  0.07039,  0.07679,  0.28434,  0.87578,  0.75233,  0.89987
13905, 4970, -0.02279,  0.06885,  0.07695,  0.28434,  0.89525,  0.75233,  0.92358
13906, 4971, -0.02383,  0.06804,  0.07974,  0.21386,  0.89525,  0.68212,  0.92358
13907, 4968, -0.02137,  0.06942,  0.07952,  0.21386,  0.87578,  0.68212,  0.89987
13908, 4972, -0.02255, -0.0604,  0.09144,  0.21927,  0.60056,  0.67856,  0.59665
13909, 4973, -0.02592, -0.05877,  0.09221,  0.21927,  0.62596,  0.67856,  0.6297
13910, 4974, -0.0251, -0.06122,  0.08809,  0.27157,  0.62575,  0.74758,  0.62626
13911, 4972, -0.02255, -0.0604,  0.09144,  0.21927,  0.60056,  0.67856,  0.59665
13912, 4974, -0.0251, -0.06122,  0.08809,  0.27157,  0.62575,  0.74758,  0.62626
13913, 4975, -0.02182, -0.06315,  0.08759,  0.27157,  0.60051,  0.74758,  0.59579
13914, 4976, -0.02966, -0.05606,  0.09302,  0.21927,  0.65197,  0.67856,  0.6604
13915, 4974, -0.0251, -0.06122,  0.08809,  0.27157,  0.62575,  0.74758,  0.62626
13916, 4973, -0.02592, -0.05877,  0.09221,  0.21927,  0.62596,  0.67856,  0.6297
13917, 4976, -0.02966, -0.05606,  0.09302,  0.21927,  0.65197,  0.67856,  0.6604
13918, 4977, -0.0286, -0.05794,  0.08889,  0.27157,  0.65124,  0.74758,  0.65524
13919, 4974, -0.0251, -0.06122,  0.08809,  0.27157,  0.62575,  0.74758,  0.62626
13920, 4972, -0.02255, -0.0604,  0.09144,  0.21927,  0.60056,  0.67856,  0.59665
13921, 4975, -0.02182, -0.06315,  0.08759,  0.27157,  0.60051,  0.74758,  0.59579
13922, 4978, -0.01932, -0.06337,  0.08743,  0.27157,  0.57633,  0.74758,  0.56643
13923, 4972, -0.02255, -0.0604,  0.09144,  0.21927,  0.60056,  0.67856,  0.59665
13924, 4978, -0.01932, -0.06337,  0.08743,  0.27157,  0.57633,  0.74758,  0.56643
13925, 4979, -0.02028, -0.06046,  0.09082,  0.21927,  0.57633,  0.67856,  0.56643
13926, 4980, -0.01929, -0.05944,  0.08995,  0.21927,  0.55437,  0.67856,  0.53969
13927, 4979, -0.02028, -0.06046,  0.09082,  0.21927,  0.57633,  0.67856,  0.56643
13928, 4978, -0.01932, -0.06337,  0.08743,  0.27157,  0.57633,  0.74758,  0.56643
13929, 4980, -0.01929, -0.05944,  0.08995,  0.21927,  0.55437,  0.67856,  0.53969
13930, 4978, -0.01932, -0.06337,  0.08743,  0.27157,  0.57633,  0.74758,  0.56643
13931, 4981, -0.0176, -0.06252,  0.08728,  0.27157,  0.55437,  0.74758,  0.53969
13932, 4980, -0.01929, -0.05944,  0.08995,  0.21927,  0.55437,  0.67856,  0.53969
13933, 4981, -0.0176, -0.06252,  0.08728,  0.27157,  0.55437,  0.74758,  0.53969
13934, 4982, -0.01664, -0.06123,  0.08687,  0.27157,  0.53577,  0.74758,  0.51703
13935, 4980, -0.01929, -0.05944,  0.08995,  0.21927,  0.55437,  0.67856,  0.53969
13936, 4982, -0.01664, -0.06123,  0.08687,  0.27157,  0.53577,  0.74758,  0.51703
13937, 4983, -0.01972, -0.05783,  0.08841,  0.21927,  0.53577,  0.67856,  0.51703
13938, 4984, -0.02087, -0.05593,  0.08654,  0.21927,  0.51886,  0.67856,  0.49643
13939, 4983, -0.01972, -0.05783,  0.08841,  0.21927,  0.53577,  0.67856,  0.51703
13940, 4982, -0.01664, -0.06123,  0.08687,  0.27157,  0.53577,  0.74758,  0.51703
13941, 4984, -0.02087, -0.05593,  0.08654,  0.21927,  0.51886,  0.67856,  0.49643
13942, 4982, -0.01664, -0.06123,  0.08687,  0.27157,  0.53577,  0.74758,  0.51703
13943, 4985, -0.01606, -0.05973,  0.08631,  0.27157,  0.51886,  0.74758,  0.49643
13944, 4976, -0.02966, -0.05606,  0.09302,  0.21927,  0.65197,  0.67856,  0.6604
13945, 4986, -0.03178, -0.05368,  0.08999,  0.27157,  0.67614,  0.74758,  0.68012
13946, 4977, -0.0286, -0.05794,  0.08889,  0.27157,  0.65124,  0.74758,  0.65524
13947, 4976, -0.02966, -0.05606,  0.09302,  0.21927,  0.65197,  0.67856,  0.6604
13948, 4987, -0.03302, -0.05275,  0.09377,  0.21927,  0.67803,  0.67856,  0.68355
13949, 4986, -0.03178, -0.05368,  0.08999,  0.27157,  0.67614,  0.74758,  0.68012
13950, 4988, -0.03447, -0.04915,  0.09106,  0.27157,  0.70077,  0.74758,  0.70294
13951, 4986, -0.03178, -0.05368,  0.08999,  0.27157,  0.67614,  0.74758,  0.68012
13952, 4987, -0.03302, -0.05275,  0.09377,  0.21927,  0.67803,  0.67856,  0.68355
13953, 4988, -0.03447, -0.04915,  0.09106,  0.27157,  0.70077,  0.74758,  0.70294
13954, 4987, -0.03302, -0.05275,  0.09377,  0.21927,  0.67803,  0.67856,  0.68355
13955, 4989, -0.03593, -0.04909,  0.09439,  0.21927,  0.70358,  0.67856,  0.7038
13956, 4989, -0.03593, -0.04909,  0.09439,  0.21927,  0.70358,  0.67856,  0.7038
13957, 4990, -0.03654, -0.04508,  0.09181,  0.27157,  0.7254,  0.74758,  0.72578
13958, 4988, -0.03447, -0.04915,  0.09106,  0.27157,  0.70077,  0.74758,  0.70294
13959, 4989, -0.03593, -0.04909,  0.09439,  0.21927,  0.70358,  0.67856,  0.7038
13960, 4991, -0.03834, -0.04536,  0.09479,  0.21927,  0.72807,  0.67856,  0.72578
13961, 4990, -0.03654, -0.04508,  0.09181,  0.27157,  0.7254,  0.74758,  0.72578
13962, 4992, -0.04042, -0.04152,  0.09511,  0.21927,  0.75243,  0.67856,  0.7502
13963, 4990, -0.03654, -0.04508,  0.09181,  0.27157,  0.7254,  0.74758,  0.72578
13964, 4991, -0.03834, -0.04536,  0.09479,  0.21927,  0.72807,  0.67856,  0.72578
13965, 4992, -0.04042, -0.04152,  0.09511,  0.21927,  0.75243,  0.67856,  0.7502
13966, 4993, -0.03824, -0.04121,  0.09242,  0.27157,  0.75052,  0.74758,  0.7502
13967, 4990, -0.03654, -0.04508,  0.09181,  0.27157,  0.7254,  0.74758,  0.72578
13968, 4992, -0.04042, -0.04152,  0.09511,  0.21927,  0.75243,  0.67856,  0.7502
13969, 4994, -0.03984, -0.03729,  0.09307,  0.27157,  0.77659,  0.74758,  0.77777
13970, 4993, -0.03824, -0.04121,  0.09242,  0.27157,  0.75052,  0.74758,  0.7502
13971, 4992, -0.04042, -0.04152,  0.09511,  0.21927,  0.75243,  0.67856,  0.7502
13972, 4995, -0.04232, -0.03757,  0.09546,  0.21927,  0.77758,  0.67856,  0.77777
13973, 4994, -0.03984, -0.03729,  0.09307,  0.27157,  0.77659,  0.74758,  0.77777
13974, 4996, -0.04138, -0.03335,  0.09374,  0.27157,  0.80313,  0.74758,  0.80691
13975, 4994, -0.03984, -0.03729,  0.09307,  0.27157,  0.77659,  0.74758,  0.77777
13976, 4995, -0.04232, -0.03757,  0.09546,  0.21927,  0.77758,  0.67856,  0.77777
13977, 4996, -0.04138, -0.03335,  0.09374,  0.27157,  0.80313,  0.74758,  0.80691
13978, 4995, -0.04232, -0.03757,  0.09546,  0.21927,  0.77758,  0.67856,  0.77777
13979, 4997, -0.04415, -0.03356,  0.09582,  0.21927,  0.80313,  0.67856,  0.80691
13980, 4998, -0.02441, -0.05271,  0.09381,  0.21609,  0.60056,  0.67226,  0.62595
13981, 4999, -0.02641, -0.05194,  0.09448,  0.21609,  0.62596,  0.67226,  0.65688
13982, 5000, -0.02592, -0.05877,  0.0922,  0.27056,  0.62596,  0.72412,  0.65688
13983, 4998, -0.02441, -0.05271,  0.09381,  0.21609,  0.60056,  0.67226,  0.62595
13984, 5000, -0.02592, -0.05877,  0.0922,  0.27056,  0.62596,  0.72412,  0.65688
13985, 5001, -0.02255, -0.0604,  0.09144,  0.27056,  0.60056,  0.72412,  0.62595
13986, 5002, -0.02887, -0.05064,  0.09532,  0.21609,  0.65197,  0.67226,  0.68856
13987, 5000, -0.02592, -0.05877,  0.0922,  0.27056,  0.62596,  0.72412,  0.65688
13988, 4999, -0.02641, -0.05194,  0.09448,  0.21609,  0.62596,  0.67226,  0.65688
13989, 5002, -0.02887, -0.05064,  0.09532,  0.21609,  0.65197,  0.67226,  0.68856
13990, 5003, -0.02966, -0.05606,  0.09301,  0.27056,  0.65197,  0.72412,  0.68856
13991, 5000, -0.02592, -0.05877,  0.0922,  0.27056,  0.62596,  0.72412,  0.65688
13992, 5001, -0.02255, -0.0604,  0.09144,  0.27056,  0.60056,  0.72412,  0.62595
13993, 5004, -0.02291, -0.0532,  0.09326,  0.21609,  0.57633,  0.67226,  0.59644
13994, 4998, -0.02441, -0.05271,  0.09381,  0.21609,  0.60056,  0.67226,  0.62595
13995, 5001, -0.02255, -0.0604,  0.09144,  0.27056,  0.60056,  0.72412,  0.62595
13996, 5005, -0.02028, -0.06046,  0.09082,  0.27056,  0.57633,  0.72412,  0.59644
13997, 5004, -0.02291, -0.0532,  0.09326,  0.21609,  0.57633,  0.67226,  0.59644
13998, 5006, -0.02225, -0.05342,  0.09239,  0.21609,  0.55437,  0.67226,  0.56969
13999, 5004, -0.02291, -0.0532,  0.09326,  0.21609,  0.57633,  0.67226,  0.59644
14000, 5005, -0.02028, -0.06046,  0.09082,  0.27056,  0.57633,  0.72412,  0.59644
14001, 5006, -0.02225, -0.05342,  0.09239,  0.21609,  0.55437,  0.67226,  0.56969
14002, 5005, -0.02028, -0.06046,  0.09082,  0.27056,  0.57633,  0.72412,  0.59644
14003, 5007, -0.01929, -0.05944,  0.08995,  0.27056,  0.55437,  0.72412,  0.56969
14004, 5008, -0.01972, -0.05783,  0.08841,  0.27056,  0.53577,  0.72412,  0.54704
14005, 5006, -0.02225, -0.05342,  0.09239,  0.21609,  0.55437,  0.67226,  0.56969
14006, 5007, -0.01929, -0.05944,  0.08995,  0.27056,  0.55437,  0.72412,  0.56969
14007, 5008, -0.01972, -0.05783,  0.08841,  0.27056,  0.53577,  0.72412,  0.54704
14008, 5009, -0.02273, -0.05337,  0.09077,  0.21609,  0.53577,  0.67226,  0.54704
14009, 5006, -0.02225, -0.05342,  0.09239,  0.21609,  0.55437,  0.67226,  0.56969
14010, 5010, -0.02087, -0.05593,  0.08654,  0.27056,  0.51886,  0.72412,  0.52644
14011, 5009, -0.02273, -0.05337,  0.09077,  0.21609,  0.53577,  0.67226,  0.54704
14012, 5008, -0.01972, -0.05783,  0.08841,  0.27056,  0.53577,  0.72412,  0.54704
14013, 5010, -0.02087, -0.05593,  0.08654,  0.27056,  0.51886,  0.72412,  0.52644
14014, 5011, -0.02379, -0.05318,  0.08876,  0.21609,  0.51886,  0.67226,  0.52644
14015, 5009, -0.02273, -0.05337,  0.09077,  0.21609,  0.53577,  0.67226,  0.54704
14016, 5002, -0.02887, -0.05064,  0.09532,  0.21609,  0.65197,  0.67226,  0.68856
14017, 5012, -0.03302, -0.05275,  0.09375,  0.27056,  0.67803,  0.72412,  0.72029
14018, 5003, -0.02966, -0.05606,  0.09301,  0.27056,  0.65197,  0.72412,  0.68856
14019, 5002, -0.02887, -0.05064,  0.09532,  0.21609,  0.65197,  0.67226,  0.68856
14020, 5013, -0.03177, -0.04856,  0.09635,  0.21609,  0.67803,  0.67226,  0.72029
14021, 5012, -0.03302, -0.05275,  0.09375,  0.27056,  0.67803,  0.72412,  0.72029
14022, 5014, -0.03587, -0.04907,  0.09432,  0.27056,  0.70358,  0.72412,  0.75141
14023, 5012, -0.03302, -0.05275,  0.09375,  0.27056,  0.67803,  0.72412,  0.72029
14024, 5013, -0.03177, -0.04856,  0.09635,  0.21609,  0.67803,  0.67226,  0.72029
14025, 5014, -0.03587, -0.04907,  0.09432,  0.27056,  0.70358,  0.72412,  0.75141
14026, 5013, -0.03177, -0.04856,  0.09635,  0.21609,  0.67803,  0.67226,  0.72029
14027, 5015, -0.03457, -0.04578,  0.09735,  0.21609,  0.70358,  0.67226,  0.75141
14028, 5015, -0.03457, -0.04578,  0.09735,  0.21609,  0.70358,  0.67226,  0.75141
14029, 5016, -0.03809, -0.04526,  0.0946,  0.27056,  0.72807,  0.72412,  0.78125
14030, 5014, -0.03587, -0.04907,  0.09432,  0.27056,  0.70358,  0.72412,  0.75141
14031, 5015, -0.03457, -0.04578,  0.09735,  0.21609,  0.70358,  0.67226,  0.75141
14032, 5017, -0.03678, -0.04241,  0.09809,  0.21609,  0.72807,  0.67226,  0.78125
14033, 5016, -0.03809, -0.04526,  0.0946,  0.27056,  0.72807,  0.72412,  0.78125
14034, 5018, -0.03847, -0.03849,  0.0985,  0.21609,  0.75243,  0.67226,  0.81092
14035, 5016, -0.03809, -0.04526,  0.0946,  0.27056,  0.72807,  0.72412,  0.78125
14036, 5017, -0.03678, -0.04241,  0.09809,  0.21609,  0.72807,  0.67226,  0.78125
14037, 5018, -0.03847, -0.03849,  0.0985,  0.21609,  0.75243,  0.67226,  0.81092
14038, 5019, -0.03998, -0.04135,  0.09481,  0.27056,  0.75243,  0.72412,  0.81092
14039, 5016, -0.03809, -0.04526,  0.0946,  0.27056,  0.72807,  0.72412,  0.78125
14040, 5018, -0.03847, -0.03849,  0.0985,  0.21609,  0.75243,  0.67226,  0.81092
14041, 5020, -0.04183, -0.03738,  0.09512,  0.27056,  0.77758,  0.72412,  0.84155
14042, 5019, -0.03998, -0.04135,  0.09481,  0.27056,  0.75243,  0.72412,  0.81092
14043, 5018, -0.03847, -0.03849,  0.0985,  0.21609,  0.75243,  0.67226,  0.81092
14044, 5021, -0.03972, -0.03405,  0.09849,  0.21609,  0.77758,  0.67226,  0.84155
14045, 5020, -0.04183, -0.03738,  0.09512,  0.27056,  0.77758,  0.72412,  0.84155
14046, 5022, -0.04076, -0.02935,  0.09827,  0.21609,  0.80313,  0.67226,  0.87266
14047, 5020, -0.04183, -0.03738,  0.09512,  0.27056,  0.77758,  0.72412,  0.84155
14048, 5021, -0.03972, -0.03405,  0.09849,  0.21609,  0.77758,  0.67226,  0.84155
14049, 5022, -0.04076, -0.02935,  0.09827,  0.21609,  0.80313,  0.67226,  0.87266
14050, 5023, -0.04365, -0.03336,  0.09549,  0.27056,  0.80313,  0.72412,  0.87266
14051, 5020, -0.04183, -0.03738,  0.09512,  0.27056,  0.77758,  0.72412,  0.84155
14052, 5024,  0.1097,  0.01183,  0.0734,  0.55759,  0.51867,  0.42417,  0.47922
14053, 5025,  0.10622,  0.01982,  0.07118,  0.47697,  0.51867,  0.3476,  0.47922
14054, 5026,  0.105,  0.02202,  0.07731,  0.47697,  0.55325,  0.3476,  0.50711
14055, 5024,  0.1097,  0.01183,  0.0734,  0.55759,  0.51867,  0.42417,  0.47922
14056, 5026,  0.105,  0.02202,  0.07731,  0.47697,  0.55325,  0.3476,  0.50711
14057, 5027,  0.10883,  0.01337,  0.07889,  0.55759,  0.55325,  0.42417,  0.50711
14058, 5027,  0.10883,  0.01337,  0.07889,  0.55759,  0.55325,  0.42417,  0.50711
14059, 5026,  0.105,  0.02202,  0.07731,  0.47697,  0.55325,  0.3476,  0.50711
14060, 5028,  0.10353,  0.02312,  0.08393,  0.47697,  0.59048,  0.3476,  0.53713
14061, 5027,  0.10883,  0.01337,  0.07889,  0.55759,  0.55325,  0.42417,  0.50711
14062, 5028,  0.10353,  0.02312,  0.08393,  0.47697,  0.59048,  0.3476,  0.53713
14063, 5029,  0.10769,  0.01421,  0.08492,  0.55759,  0.59048,  0.42417,  0.53713
14064, 5029,  0.10769,  0.01421,  0.08492,  0.55759,  0.59048,  0.42417,  0.53713
14065, 5028,  0.10353,  0.02312,  0.08393,  0.47697,  0.59048,  0.3476,  0.53713
14066, 5030,  0.10156,  0.02322,  0.09105,  0.47697,  0.63201,  0.3476,  0.57063
14067, 5029,  0.10769,  0.01421,  0.08492,  0.55759,  0.59048,  0.42417,  0.53713
14068, 5030,  0.10156,  0.02322,  0.09105,  0.47697,  0.63201,  0.3476,  0.57063
14069, 5031,  0.106,  0.01433,  0.0916,  0.55759,  0.63201,  0.42417,  0.57063
14070, 5031,  0.106,  0.01433,  0.0916,  0.55759,  0.63201,  0.42417,  0.57063
14071, 5030,  0.10156,  0.02322,  0.09105,  0.47697,  0.63201,  0.3476,  0.57063
14072, 5032,  0.09924,  0.02231,  0.098,  0.47697,  0.67582,  0.3476,  0.60596
14073, 5031,  0.106,  0.01433,  0.0916,  0.55759,  0.63201,  0.42417,  0.57063
14074, 5032,  0.09924,  0.02231,  0.098,  0.47697,  0.67582,  0.3476,  0.60596
14075, 5033,  0.10369,  0.01375,  0.09824,  0.55759,  0.67582,  0.42417,  0.60596
14076, 5033,  0.10369,  0.01375,  0.09824,  0.55759,  0.67582,  0.42417,  0.60596
14077, 5032,  0.09924,  0.02231,  0.098,  0.47697,  0.67582,  0.3476,  0.60596
14078, 5034,  0.09714,  0.02045,  0.10424,  0.47697,  0.71988,  0.3476,  0.64149
14079, 5033,  0.10369,  0.01375,  0.09824,  0.55759,  0.67582,  0.42417,  0.60596
14080, 5034,  0.09714,  0.02045,  0.10424,  0.47697,  0.71988,  0.3476,  0.64149
14081, 5035,  0.10105,  0.01245,  0.10415,  0.55759,  0.71988,  0.42417,  0.64149
14082, 5035,  0.10105,  0.01245,  0.10415,  0.55759,  0.71988,  0.42417,  0.64149
14083, 5034,  0.09714,  0.02045,  0.10424,  0.47697,  0.71988,  0.3476,  0.64149
14084, 5036,  0.09447,  0.01808,  0.10975,  0.47697,  0.76284,  0.3476,  0.67614
14085, 5035,  0.10105,  0.01245,  0.10415,  0.55759,  0.71988,  0.42417,  0.64149
14086, 5036,  0.09447,  0.01808,  0.10975,  0.47697,  0.76284,  0.3476,  0.67614
14087, 5037,  0.09763,  0.01062,  0.1096,  0.55759,  0.76284,  0.42417,  0.67614
14088, 5038,  0.1105,  0.00957,  0.06829,  0.55759,  0.48511,  0.42417,  0.45216
14089, 5025,  0.10622,  0.01982,  0.07118,  0.47697,  0.51867,  0.3476,  0.47922
14090, 5024,  0.1097,  0.01183,  0.0734,  0.55759,  0.51867,  0.42417,  0.47922
14091, 5038,  0.1105,  0.00957,  0.06829,  0.55759,  0.48511,  0.42417,  0.45216
14092, 5039,  0.10729,  0.01643,  0.06555,  0.47697,  0.48511,  0.3476,  0.45216
14093, 5025,  0.10622,  0.01982,  0.07118,  0.47697,  0.51867,  0.3476,  0.47922
14094, 5040,  0.11107,  0.00655,  0.0635,  0.55759,  0.45271,  0.42417,  0.42603
14095, 5039,  0.10729,  0.01643,  0.06555,  0.47697,  0.48511,  0.3476,  0.45216
14096, 5038,  0.1105,  0.00957,  0.06829,  0.55759,  0.48511,  0.42417,  0.45216
14097, 5040,  0.11107,  0.00655,  0.0635,  0.55759,  0.45271,  0.42417,  0.42603
14098, 5041,  0.10845,  0.01208,  0.0604,  0.47697,  0.45271,  0.3476,  0.42603
14099, 5039,  0.10729,  0.01643,  0.06555,  0.47697,  0.48511,  0.3476,  0.45216
14100, 5042,  0.11093,  0.0027,  0.05887,  0.55759,  0.42163,  0.42417,  0.40096
14101, 5041,  0.10845,  0.01208,  0.0604,  0.47697,  0.45271,  0.3476,  0.42603
14102, 5040,  0.11107,  0.00655,  0.0635,  0.55759,  0.45271,  0.42417,  0.42603
14103, 5042,  0.11093,  0.0027,  0.05887,  0.55759,  0.42163,  0.42417,  0.40096
14104, 5043,  0.1095,  0.00697,  0.05567,  0.47697,  0.42163,  0.3476,  0.40096
14105, 5041,  0.10845,  0.01208,  0.0604,  0.47697,  0.45271,  0.3476,  0.42603
14106, 5044,  0.11053, -0.00172,  0.05483,  0.55759,  0.38352,  0.42417,  0.37646
14107, 5043,  0.1095,  0.00697,  0.05567,  0.47697,  0.42163,  0.3476,  0.40096
14108, 5042,  0.11093,  0.0027,  0.05887,  0.55759,  0.42163,  0.42417,  0.40096
14109, 5044,  0.11053, -0.00172,  0.05483,  0.55759,  0.38352,  0.42417,  0.37646
14110, 5045,  0.11005,  0.00153,  0.05167,  0.47697,  0.38352,  0.3476,  0.37646
14111, 5043,  0.1095,  0.00697,  0.05567,  0.47697,  0.42163,  0.3476,  0.40096
14112, 5046,  0.10979, -0.00626,  0.05179,  0.55759,  0.33005,  0.42417,  0.35204
14113, 5045,  0.11005,  0.00153,  0.05167,  0.47697,  0.38352,  0.3476,  0.37646
14114, 5044,  0.11053, -0.00172,  0.05483,  0.55759,  0.38352,  0.42417,  0.37646
14115, 5046,  0.10979, -0.00626,  0.05179,  0.55759,  0.33005,  0.42417,  0.35204
14116, 5047,  0.10917, -0.00368,  0.04871,  0.47697,  0.33005,  0.3476,  0.35204
14117, 5045,  0.11005,  0.00153,  0.05167,  0.47697,  0.38352,  0.3476,  0.37646
14118, 5048,  0.10877, -0.01102,  0.04948,  0.55759,  0.27524,  0.42417,  0.32813
14119, 5047,  0.10917, -0.00368,  0.04871,  0.47697,  0.33005,  0.3476,  0.35204
14120, 5046,  0.10979, -0.00626,  0.05179,  0.55759,  0.33005,  0.42417,  0.35204
14121, 5048,  0.10877, -0.01102,  0.04948,  0.55759,  0.27524,  0.42417,  0.32813
14122, 5049,  0.10745, -0.00889,  0.04643,  0.47697,  0.27524,  0.3476,  0.32813
14123, 5047,  0.10917, -0.00368,  0.04871,  0.47697,  0.33005,  0.3476,  0.35204
14124, 5037,  0.09763,  0.01062,  0.1096,  0.55759,  0.76284,  0.42417,  0.67614
14125, 5036,  0.09447,  0.01808,  0.10975,  0.47697,  0.76284,  0.3476,  0.67614
14126, 5050,  0.09045,  0.01562,  0.1145,  0.47697,  0.80336,  0.3476,  0.70882
14127, 5037,  0.09763,  0.01062,  0.1096,  0.55759,  0.76284,  0.42417,  0.67614
14128, 5050,  0.09045,  0.01562,  0.1145,  0.47697,  0.80336,  0.3476,  0.70882
14129, 5051,  0.09297,  0.00845,  0.11481,  0.55759,  0.80336,  0.42417,  0.70882
14130, 5051,  0.09297,  0.00845,  0.11481,  0.55759,  0.80336,  0.42417,  0.70882
14131, 5050,  0.09045,  0.01562,  0.1145,  0.47697,  0.80336,  0.3476,  0.70882
14132, 5052,  0.08537,  0.01299,  0.11861,  0.47697,  0.83944,  0.3476,  0.73791
14133, 5051,  0.09297,  0.00845,  0.11481,  0.55759,  0.80336,  0.42417,  0.70882
14134, 5052,  0.08537,  0.01299,  0.11861,  0.47697,  0.83944,  0.3476,  0.73791
14135, 5053,  0.08742,  0.00614,  0.11942,  0.55759,  0.83944,  0.42417,  0.73791
14136, 5053,  0.08742,  0.00614,  0.11942,  0.55759,  0.83944,  0.42417,  0.73791
14137, 5052,  0.08537,  0.01299,  0.11861,  0.47697,  0.83944,  0.3476,  0.73791
14138, 5054,  0.07954,  0.01008,  0.12222,  0.47697,  0.86906,  0.3476,  0.7618
14139, 5053,  0.08742,  0.00614,  0.11942,  0.55759,  0.83944,  0.42417,  0.73791
14140, 5054,  0.07954,  0.01008,  0.12222,  0.47697,  0.86906,  0.3476,  0.7618
14141, 5055,  0.08131,  0.00386,  0.12306,  0.55759,  0.86906,  0.42417,  0.7618
14142, 5056,  0.07502,  0.00184,  0.12563,  0.55759,  0.90125,  0.42417,  0.78428
14143, 5055,  0.08131,  0.00386,  0.12306,  0.55759,  0.86906,  0.42417,  0.7618
14144, 5054,  0.07954,  0.01008,  0.12222,  0.47697,  0.86906,  0.3476,  0.7618
14145, 5056,  0.07502,  0.00184,  0.12563,  0.55759,  0.90125,  0.42417,  0.78428
14146, 5054,  0.07954,  0.01008,  0.12222,  0.47697,  0.86906,  0.3476,  0.7618
14147, 5057,  0.07355,  0.00737,  0.12499,  0.47697,  0.90125,  0.3476,  0.78428
14148, 5057,  0.07355,  0.00737,  0.12499,  0.47697,  0.90125,  0.3476,  0.78428
14149, 5058,  0.06894,  0.00033,  0.12704,  0.55759,  0.94501,  0.42417,  0.80913
14150, 5056,  0.07502,  0.00184,  0.12563,  0.55759,  0.90125,  0.42417,  0.78428
14151, 5057,  0.07355,  0.00737,  0.12499,  0.47697,  0.90125,  0.3476,  0.78428
14152, 5059,  0.06796,  0.00536,  0.12664,  0.47697,  0.94501,  0.3476,  0.80913
14153, 5058,  0.06894,  0.00033,  0.12704,  0.55759,  0.94501,  0.42417,  0.80913
14154, 5060,  0.06258,  0.0037,  0.12771,  0.47697,  0.99457,  0.3476,  0.83518
14155, 5058,  0.06894,  0.00033,  0.12704,  0.55759,  0.94501,  0.42417,  0.80913
14156, 5059,  0.06796,  0.00536,  0.12664,  0.47697,  0.94501,  0.3476,  0.80913
14157, 5060,  0.06258,  0.0037,  0.12771,  0.47697,  0.99457,  0.3476,  0.83518
14158, 5061,  0.06297, -0.00094,  0.12786,  0.55759,  0.99457,  0.42417,  0.83518
14159, 5058,  0.06894,  0.00033,  0.12704,  0.55759,  0.94501,  0.42417,  0.80913
14160, 5062,  0.10759, -0.01608,  0.04763,  0.55759,  0.23312,  0.42417,  0.30519
14161, 5049,  0.10745, -0.00889,  0.04643,  0.47697,  0.27524,  0.3476,  0.32813
14162, 5048,  0.10877, -0.01102,  0.04948,  0.55759,  0.27524,  0.42417,  0.32813
14163, 5062,  0.10759, -0.01608,  0.04763,  0.55759,  0.23312,  0.42417,  0.30519
14164, 5063,  0.10552, -0.01434,  0.04446,  0.47697,  0.23312,  0.3476,  0.30519
14165, 5049,  0.10745, -0.00889,  0.04643,  0.47697,  0.27524,  0.3476,  0.32813
14166, 5064,  0.10609, -0.02137,  0.04623,  0.55759,  0.19473,  0.42417,  0.2827
14167, 5063,  0.10552, -0.01434,  0.04446,  0.47697,  0.23312,  0.3476,  0.30519
14168, 5062,  0.10759, -0.01608,  0.04763,  0.55759,  0.23312,  0.42417,  0.30519
14169, 5064,  0.10609, -0.02137,  0.04623,  0.55759,  0.19473,  0.42417,  0.2827
14170, 5065,  0.1035, -0.01993,  0.04296,  0.47697,  0.19473,  0.3476,  0.2827
14171, 5063,  0.10552, -0.01434,  0.04446,  0.47697,  0.23312,  0.3476,  0.30519
14172, 5066,  0.10411, -0.02678,  0.04525,  0.55759,  0.15114,  0.42417,  0.26017
14173, 5065,  0.1035, -0.01993,  0.04296,  0.47697,  0.19473,  0.3476,  0.2827
14174, 5064,  0.10609, -0.02137,  0.04623,  0.55759,  0.19473,  0.42417,  0.2827
14175, 5066,  0.10411, -0.02678,  0.04525,  0.55759,  0.15114,  0.42417,  0.26017
14176, 5067,  0.10151, -0.02558,  0.04207,  0.47697,  0.15114,  0.3476,  0.26017
14177, 5065,  0.1035, -0.01993,  0.04296,  0.47697,  0.19473,  0.3476,  0.2827
14178, 5068,  0.1014, -0.03251,  0.04457,  0.55759,  0.10362,  0.42417,  0.22956
14179, 5067,  0.10151, -0.02558,  0.04207,  0.47697,  0.15114,  0.3476,  0.26017
14180, 5066,  0.10411, -0.02678,  0.04525,  0.55759,  0.15114,  0.42417,  0.26017
14181, 5068,  0.1014, -0.03251,  0.04457,  0.55759,  0.10362,  0.42417,  0.22956
14182, 5069,  0.09883, -0.03156,  0.04154,  0.47697,  0.10362,  0.3476,  0.22956
14183, 5067,  0.10151, -0.02558,  0.04207,  0.47697,  0.15114,  0.3476,  0.26017
14184, 5070,  0.09792, -0.03879,  0.04404,  0.55759,  0.05348,  0.42417,  0.18286
14185, 5069,  0.09883, -0.03156,  0.04154,  0.47697,  0.10362,  0.3476,  0.22956
14186, 5068,  0.1014, -0.03251,  0.04457,  0.55759,  0.10362,  0.42417,  0.22956
14187, 5070,  0.09792, -0.03879,  0.04404,  0.55759,  0.05348,  0.42417,  0.18286
14188, 5071,  0.09498, -0.03824,  0.04111,  0.47697,  0.05348,  0.3476,  0.18286
14189, 5069,  0.09883, -0.03156,  0.04154,  0.47697,  0.10362,  0.3476,  0.22956
14190, 5072,  0.09405, -0.04535,  0.04358,  0.55759,  0.00202,  0.42417,  0.12811
14191, 5071,  0.09498, -0.03824,  0.04111,  0.47697,  0.05348,  0.3476,  0.18286
14192, 5070,  0.09792, -0.03879,  0.04404,  0.55759,  0.05348,  0.42417,  0.18286
14193, 5072,  0.09405, -0.04535,  0.04358,  0.55759,  0.00202,  0.42417,  0.12811
14194, 5073,  0.09054, -0.04527,  0.04073,  0.47697,  0.00202,  0.3476,  0.12811
14195, 5071,  0.09498, -0.03824,  0.04111,  0.47697,  0.05348,  0.3476,  0.18286
14196, 5074,  0.09585,  0.03054,  0.08481,  0.68096,  0.47987,  0.11581,  0.54475
14197, 5075,  0.10304,  0.0235,  0.0852,  0.62364,  0.47987,  0.00656,  0.54475
14198, 5076,  0.10445,  0.02357,  0.07971,  0.62364,  0.4297,  0.00656,  0.50131
14199, 5074,  0.09585,  0.03054,  0.08481,  0.68096,  0.47987,  0.11581,  0.54475
14200, 5076,  0.10445,  0.02357,  0.07971,  0.62364,  0.4297,  0.00656,  0.50131
14201, 5077,  0.09705,  0.03051,  0.07928,  0.68096,  0.4297,  0.11581,  0.50131
14202, 5077,  0.09705,  0.03051,  0.07928,  0.68096,  0.4297,  0.11581,  0.50131
14203, 5076,  0.10445,  0.02357,  0.07971,  0.62364,  0.4297,  0.00656,  0.50131
14204, 5078,  0.10562,  0.02335,  0.07467,  0.62364,  0.38103,  0.00656,  0.45916
14205, 5077,  0.09705,  0.03051,  0.07928,  0.68096,  0.4297,  0.11581,  0.50131
14206, 5078,  0.10562,  0.02335,  0.07467,  0.62364,  0.38103,  0.00656,  0.45916
14207, 5079,  0.09816,  0.02996,  0.07412,  0.68096,  0.38103,  0.11581,  0.45916
14208, 5080,  0.09445,  0.03019,  0.09117,  0.68096,  0.53293,  0.11581,  0.5907
14209, 5075,  0.10304,  0.0235,  0.0852,  0.62364,  0.47987,  0.00656,  0.54475
14210, 5074,  0.09585,  0.03054,  0.08481,  0.68096,  0.47987,  0.11581,  0.54475
14211, 5080,  0.09445,  0.03019,  0.09117,  0.68096,  0.53293,  0.11581,  0.5907
14212, 5081,  0.10136,  0.02325,  0.09155,  0.62364,  0.53293,  0.00656,  0.5907
14213, 5075,  0.10304,  0.0235,  0.0852,  0.62364,  0.47987,  0.00656,  0.54475
14214, 5082,  0.09272,  0.02908,  0.09785,  0.68096,  0.58904,  0.11581,  0.63929
14215, 5081,  0.10136,  0.02325,  0.09155,  0.62364,  0.53293,  0.00656,  0.5907
14216, 5080,  0.09445,  0.03019,  0.09117,  0.68096,  0.53293,  0.11581,  0.5907
14217, 5082,  0.09272,  0.02908,  0.09785,  0.68096,  0.58904,  0.11581,  0.63929
14218, 5083,  0.09942,  0.0224,  0.09813,  0.62364,  0.58904,  0.00656,  0.63929
14219, 5081,  0.10136,  0.02325,  0.09155,  0.62364,  0.53293,  0.00656,  0.5907
14220, 5084,  0.09053,  0.02688,  0.10432,  0.68096,  0.64836,  0.11581,  0.69064
14221, 5083,  0.09942,  0.0224,  0.09813,  0.62364,  0.58904,  0.00656,  0.63929
14222, 5082,  0.09272,  0.02908,  0.09785,  0.68096,  0.58904,  0.11581,  0.63929
14223, 5084,  0.09053,  0.02688,  0.10432,  0.68096,  0.64836,  0.11581,  0.69064
14224, 5085,  0.09723,  0.02054,  0.10432,  0.62364,  0.64836,  0.00656,  0.69064
14225, 5083,  0.09942,  0.0224,  0.09813,  0.62364,  0.58904,  0.00656,  0.63929
14226, 5086,  0.08794,  0.02408,  0.11001,  0.68096,  0.70569,  0.11581,  0.74029
14227, 5085,  0.09723,  0.02054,  0.10432,  0.62364,  0.64836,  0.00656,  0.69064
14228, 5084,  0.09053,  0.02688,  0.10432,  0.68096,  0.64836,  0.11581,  0.69064
14229, 5086,  0.08794,  0.02408,  0.11001,  0.68096,  0.70569,  0.11581,  0.74029
14230, 5087,  0.09439,  0.01808,  0.10992,  0.62364,  0.70569,  0.00656,  0.74029
14231, 5085,  0.09723,  0.02054,  0.10432,  0.62364,  0.64836,  0.00656,  0.69064
14232, 5079,  0.09816,  0.02996,  0.07412,  0.68096,  0.38103,  0.11581,  0.45916
14233, 5078,  0.10562,  0.02335,  0.07467,  0.62364,  0.38103,  0.00656,  0.45916
14234, 5088,  0.10658,  0.02268,  0.0697,  0.62364,  0.33242,  0.00656,  0.41708
14235, 5079,  0.09816,  0.02996,  0.07412,  0.68096,  0.38103,  0.11581,  0.45916
14236, 5088,  0.10658,  0.02268,  0.0697,  0.62364,  0.33242,  0.00656,  0.41708
14237, 5089,  0.09931,  0.02876,  0.06887,  0.68096,  0.33242,  0.11581,  0.41708
14238, 5089,  0.09931,  0.02876,  0.06887,  0.68096,  0.33242,  0.11581,  0.41708
14239, 5088,  0.10658,  0.02268,  0.0697,  0.62364,  0.33242,  0.00656,  0.41708
14240, 5090,  0.1072,  0.02127,  0.06475,  0.62364,  0.28659,  0.00656,  0.37739
14241, 5089,  0.09931,  0.02876,  0.06887,  0.68096,  0.33242,  0.11581,  0.41708
14242, 5090,  0.1072,  0.02127,  0.06475,  0.62364,  0.28659,  0.00656,  0.37739
14243, 5091,  0.10036,  0.02666,  0.06369,  0.68096,  0.28659,  0.11581,  0.37739
14244, 5091,  0.10036,  0.02666,  0.06369,  0.68096,  0.28659,  0.11581,  0.37739
14245, 5090,  0.1072,  0.02127,  0.06475,  0.62364,  0.28659,  0.00656,  0.37739
14246, 5092,  0.10738,  0.01882,  0.05978,  0.62364,  0.24624,  0.00656,  0.34245
14247, 5091,  0.10036,  0.02666,  0.06369,  0.68096,  0.28659,  0.11581,  0.37739
14248, 5092,  0.10738,  0.01882,  0.05978,  0.62364,  0.24624,  0.00656,  0.34245
14249, 5093,  0.10117,  0.02344,  0.05871,  0.68096,  0.24624,  0.11581,  0.34245
14250, 5093,  0.10117,  0.02344,  0.05871,  0.68096,  0.24624,  0.11581,  0.34245
14251, 5092,  0.10738,  0.01882,  0.05978,  0.62364,  0.24624,  0.00656,  0.34245
14252, 5094,  0.10746,  0.01561,  0.05519,  0.62364,  0.20994,  0.00656,  0.31102
14253, 5093,  0.10117,  0.02344,  0.05871,  0.68096,  0.24624,  0.11581,  0.34245
14254, 5094,  0.10746,  0.01561,  0.05519,  0.62364,  0.20994,  0.00656,  0.31102
14255, 5095,  0.10182,  0.0195,  0.05416,  0.68096,  0.20994,  0.11581,  0.31102
14256, 5096,  0.08504,  0.02115,  0.1144,  0.68096,  0.75589,  0.11581,  0.78376
14257, 5087,  0.09439,  0.01808,  0.10992,  0.62364,  0.70569,  0.00656,  0.74029
14258, 5086,  0.08794,  0.02408,  0.11001,  0.68096,  0.70569,  0.11581,  0.74029
14259, 5096,  0.08504,  0.02115,  0.1144,  0.68096,  0.75589,  0.11581,  0.78376
14260, 5097,  0.09052,  0.01542,  0.11469,  0.62364,  0.75589,  0.00656,  0.78376
14261, 5087,  0.09439,  0.01808,  0.10992,  0.62364,  0.70569,  0.00656,  0.74029
14262, 5098,  0.08148,  0.01804,  0.11805,  0.68096,  0.79982,  0.11581,  0.8218
14263, 5097,  0.09052,  0.01542,  0.11469,  0.62364,  0.75589,  0.00656,  0.78376
14264, 5096,  0.08504,  0.02115,  0.1144,  0.68096,  0.75589,  0.11581,  0.78376
14265, 5098,  0.08148,  0.01804,  0.11805,  0.68096,  0.79982,  0.11581,  0.8218
14266, 5099,  0.08569,  0.01248,  0.11884,  0.62364,  0.79982,  0.00656,  0.8218
14267, 5097,  0.09052,  0.01542,  0.11469,  0.62364,  0.75589,  0.00656,  0.78376
14268, 5100,  0.07691,  0.01469,  0.12154,  0.68096,  0.83839,  0.11581,  0.85519
14269, 5099,  0.08569,  0.01248,  0.11884,  0.62364,  0.79982,  0.00656,  0.8218
14270, 5098,  0.08148,  0.01804,  0.11805,  0.68096,  0.79982,  0.11581,  0.8218
14271, 5100,  0.07691,  0.01469,  0.12154,  0.68096,  0.83839,  0.11581,  0.85519
14272, 5101,  0.07998,  0.00916,  0.12255,  0.62364,  0.83839,  0.00656,  0.85519
14273, 5099,  0.08569,  0.01248,  0.11884,  0.62364,  0.79982,  0.00656,  0.8218
14274, 5102,  0.07202,  0.01146,  0.1244,  0.68096,  0.88033,  0.11581,  0.88736
14275, 5101,  0.07998,  0.00916,  0.12255,  0.62364,  0.83839,  0.00656,  0.85519
14276, 5100,  0.07691,  0.01469,  0.12154,  0.68096,  0.83839,  0.11581,  0.85519
14277, 5102,  0.07202,  0.01146,  0.1244,  0.68096,  0.88033,  0.11581,  0.88736
14278, 5103,  0.07391,  0.00579,  0.12543,  0.62364,  0.88033,  0.00656,  0.88736
14279, 5101,  0.07998,  0.00916,  0.12255,  0.62364,  0.83839,  0.00656,  0.85519
14280, 5104,  0.06748,  0.00869,  0.12613,  0.68096,  0.93441,  0.11581,  0.92174
14281, 5103,  0.07391,  0.00579,  0.12543,  0.62364,  0.88033,  0.00656,  0.88736
14282, 5102,  0.07202,  0.01146,  0.1244,  0.68096,  0.88033,  0.11581,  0.88736
14283, 5104,  0.06748,  0.00869,  0.12613,  0.68096,  0.93441,  0.11581,  0.92174
14284, 5105,  0.06801,  0.00271,  0.1271,  0.62364,  0.93441,  0.00656,  0.92174
14285, 5103,  0.07391,  0.00579,  0.12543,  0.62364,  0.88033,  0.00656,  0.88736
14286, 5106,  0.06313,  0.00615,  0.1273,  0.68096,  0.99457,  0.11581,  0.95723
14287, 5105,  0.06801,  0.00271,  0.1271,  0.62364,  0.93441,  0.00656,  0.92174
14288, 5104,  0.06748,  0.00869,  0.12613,  0.68096,  0.93441,  0.11581,  0.92174
14289, 5106,  0.06313,  0.00615,  0.1273,  0.68096,  0.99457,  0.11581,  0.95723
14290, 5107,  0.06218, -0.00023,  0.12818,  0.62364,  0.99457,  0.00656,  0.95723
14291, 5105,  0.06801,  0.00271,  0.1271,  0.62364,  0.93441,  0.00656,  0.92174
14292, 5094,  0.10746,  0.01561,  0.05519,  0.62364,  0.20994,  0.00656,  0.31102
14293, 5108,  0.10241,  0.01527,  0.05028,  0.68096,  0.17628,  0.11581,  0.28188
14294, 5095,  0.10182,  0.0195,  0.05416,  0.68096,  0.20994,  0.11581,  0.31102
14295, 5094,  0.10746,  0.01561,  0.05519,  0.62364,  0.20994,  0.00656,  0.31102
14296, 5109,  0.10782,  0.01195,  0.05136,  0.62364,  0.17628,  0.00656,  0.28188
14297, 5108,  0.10241,  0.01527,  0.05028,  0.68096,  0.17628,  0.11581,  0.28188
14298, 5110,  0.10793,  0.0082,  0.04827,  0.62364,  0.13429,  0.00656,  0.25414
14299, 5108,  0.10241,  0.01527,  0.05028,  0.68096,  0.17628,  0.11581,  0.28188
14300, 5109,  0.10782,  0.01195,  0.05136,  0.62364,  0.17628,  0.00656,  0.28188
14301, 5110,  0.10793,  0.0082,  0.04827,  0.62364,  0.13429,  0.00656,  0.25414
14302, 5111,  0.10303,  0.01092,  0.04716,  0.68096,  0.13429,  0.11581,  0.25414
14303, 5108,  0.10241,  0.01527,  0.05028,  0.68096,  0.17628,  0.11581,  0.28188
14304, 5110,  0.10793,  0.0082,  0.04827,  0.62364,  0.13429,  0.00656,  0.25414
14305, 5112,  0.10377,  0.00664,  0.04489,  0.68096,  0.07298,  0.11581,  0.22693
14306, 5111,  0.10303,  0.01092,  0.04716,  0.68096,  0.13429,  0.11581,  0.25414
14307, 5110,  0.10793,  0.0082,  0.04827,  0.62364,  0.13429,  0.00656,  0.25414
14308, 5113,  0.10731,  0.00473,  0.04589,  0.62364,  0.07298,  0.00656,  0.22693
14309, 5112,  0.10377,  0.00664,  0.04489,  0.68096,  0.07298,  0.11581,  0.22693
14310, 5114,  0.10631,  0.00141,  0.04387,  0.62364,  0.00202,  0.00656,  0.19998
14311, 5112,  0.10377,  0.00664,  0.04489,  0.68096,  0.07298,  0.11581,  0.22693
14312, 5113,  0.10731,  0.00473,  0.04589,  0.62364,  0.07298,  0.00656,  0.22693
14313, 5114,  0.10631,  0.00141,  0.04387,  0.62364,  0.00202,  0.00656,  0.19998
14314, 5115,  0.10457,  0.00239,  0.04305,  0.68096,  0.00202,  0.11581,  0.19998
14315, 5112,  0.10377,  0.00664,  0.04489,  0.68096,  0.07298,  0.11581,  0.22693
14316, 5116,  0.02865,  0.06985,  0.01849,  0.40141,  0.18244,  1.7631,  0.45851
14317, 5117,  0.02324,  0.07602,  0.02363,  0.19091,  0.18244,  1.66925,  0.45851
14318, 5118,  0.02602,  0.07583,  0.02885,  0.19091,  0.22865,  1.66925,  0.50106
14319, 5116,  0.02865,  0.06985,  0.01849,  0.40141,  0.18244,  1.7631,  0.45851
14320, 5118,  0.02602,  0.07583,  0.02885,  0.19091,  0.22865,  1.66925,  0.50106
14321, 5119,  0.03131,  0.06952,  0.02297,  0.40141,  0.22865,  1.7631,  0.50106
14322, 5119,  0.03131,  0.06952,  0.02297,  0.40141,  0.22865,  1.7631,  0.50106
14323, 5118,  0.02602,  0.07583,  0.02885,  0.19091,  0.22865,  1.66925,  0.50106
14324, 5120,  0.0289,  0.07554,  0.0339,  0.19091,  0.25336,  1.66925,  0.53347
14325, 5119,  0.03131,  0.06952,  0.02297,  0.40141,  0.22865,  1.7631,  0.50106
14326, 5120,  0.0289,  0.07554,  0.0339,  0.19091,  0.25336,  1.66925,  0.53347
14327, 5121,  0.03409,  0.06922,  0.02731,  0.40141,  0.25336,  1.7631,  0.53347
14328, 5120,  0.0289,  0.07554,  0.0339,  0.19091,  0.25336,  1.66925,  0.53347
14329, 5122,  0.03697,  0.06904,  0.0316,  0.40141,  0.27647,  1.7631,  0.56476
14330, 5121,  0.03409,  0.06922,  0.02731,  0.40141,  0.25336,  1.7631,  0.53347
14331, 5120,  0.0289,  0.07554,  0.0339,  0.19091,  0.25336,  1.66925,  0.53347
14332, 5123,  0.03181,  0.07513,  0.03891,  0.19091,  0.27647,  1.66925,  0.56476
14333, 5122,  0.03697,  0.06904,  0.0316,  0.40141,  0.27647,  1.7631,  0.56476
14334, 5124,  0.04014,  0.06874,  0.03618,  0.40141,  0.29815,  1.7631,  0.59612
14335, 5122,  0.03697,  0.06904,  0.0316,  0.40141,  0.27647,  1.7631,  0.56476
14336, 5123,  0.03181,  0.07513,  0.03891,  0.19091,  0.27647,  1.66925,  0.56476
14337, 5124,  0.04014,  0.06874,  0.03618,  0.40141,  0.29815,  1.7631,  0.59612
14338, 5123,  0.03181,  0.07513,  0.03891,  0.19091,  0.27647,  1.66925,  0.56476
14339, 5125,  0.03477,  0.07452,  0.04421,  0.19091,  0.29815,  1.66925,  0.59612
14340, 5116,  0.02865,  0.06985,  0.01849,  0.40141,  0.18244,  1.7631,  0.45851
14341, 5126,  0.02062,  0.07616,  0.01801,  0.19091,  0.16478,  1.66925,  0.3968
14342, 5117,  0.02324,  0.07602,  0.02363,  0.19091,  0.18244,  1.66925,  0.45851
14343, 5116,  0.02865,  0.06985,  0.01849,  0.40141,  0.18244,  1.7631,  0.45851
14344, 5127,  0.0261,  0.07008,  0.01385,  0.40141,  0.16478,  1.7631,  0.3968
14345, 5126,  0.02062,  0.07616,  0.01801,  0.19091,  0.16478,  1.66925,  0.3968
14346, 5128,  0.02375,  0.07003,  0.00912,  0.40141,  0.14925,  1.7631,  0.33792
14347, 5126,  0.02062,  0.07616,  0.01801,  0.19091,  0.16478,  1.66925,  0.3968
14348, 5127,  0.0261,  0.07008,  0.01385,  0.40141,  0.16478,  1.7631,  0.3968
14349, 5128,  0.02375,  0.07003,  0.00912,  0.40141,  0.14925,  1.7631,  0.33792
14350, 5129,  0.01821,  0.07602,  0.01224,  0.19091,  0.14925,  1.66925,  0.33792
14351, 5126,  0.02062,  0.07616,  0.01801,  0.19091,  0.16478,  1.66925,  0.3968
14352, 5128,  0.02375,  0.07003,  0.00912,  0.40141,  0.14925,  1.7631,  0.33792
14353, 5130,  0.01618,  0.07539,  0.00645,  0.19091,  0.13827,  1.66925,  0.30391
14354, 5129,  0.01821,  0.07602,  0.01224,  0.19091,  0.14925,  1.66925,  0.33792
14355, 5128,  0.02375,  0.07003,  0.00912,  0.40141,  0.14925,  1.7631,  0.33792
14356, 5131,  0.02168,  0.06953,  0.00434,  0.40141,  0.13827,  1.7631,  0.30391
14357, 5130,  0.01618,  0.07539,  0.00645,  0.19091,  0.13827,  1.66925,  0.30391
14358, 5132,  0.01998,  0.06844, -0.00034,  0.40141,  0.12956,  1.7631,  0.28232
14359, 5130,  0.01618,  0.07539,  0.00645,  0.19091,  0.13827,  1.66925,  0.30391
14360, 5131,  0.02168,  0.06953,  0.00434,  0.40141,  0.13827,  1.7631,  0.30391
14361, 5132,  0.01998,  0.06844, -0.00034,  0.40141,  0.12956,  1.7631,  0.28232
14362, 5133,  0.01471,  0.07396,  0.00082,  0.19091,  0.12956,  1.66925,  0.28232
14363, 5130,  0.01618,  0.07539,  0.00645,  0.19091,  0.13827,  1.66925,  0.30391
14364, 5124,  0.04014,  0.06874,  0.03618,  0.40141,  0.29815,  1.7631,  0.59612
14365, 5125,  0.03477,  0.07452,  0.04421,  0.19091,  0.29815,  1.66925,  0.59612
14366, 5134,  0.03782,  0.07364,  0.05012,  0.19091,  0.31859,  1.66925,  0.62873
14367, 5124,  0.04014,  0.06874,  0.03618,  0.40141,  0.29815,  1.7631,  0.59612
14368, 5134,  0.03782,  0.07364,  0.05012,  0.19091,  0.31859,  1.66925,  0.62873
14369, 5135,  0.04384,  0.06809,  0.04137,  0.40141,  0.31859,  1.7631,  0.62873
14370, 5135,  0.04384,  0.06809,  0.04137,  0.40141,  0.31859,  1.7631,  0.62873
14371, 5134,  0.03782,  0.07364,  0.05012,  0.19091,  0.31859,  1.66925,  0.62873
14372, 5136,  0.0408,  0.07264,  0.05611,  0.19091,  0.33888,  1.66925,  0.66226
14373, 5135,  0.04384,  0.06809,  0.04137,  0.40141,  0.31859,  1.7631,  0.62873
14374, 5136,  0.0408,  0.07264,  0.05611,  0.19091,  0.33888,  1.66925,  0.66226
14375, 5137,  0.04796,  0.06746,  0.04731,  0.40141,  0.33888,  1.7631,  0.66226
14376, 5137,  0.04796,  0.06746,  0.04731,  0.40141,  0.33888,  1.7631,  0.66226
14377, 5136,  0.0408,  0.07264,  0.05611,  0.19091,  0.33888,  1.66925,  0.66226
14378, 5138,  0.04358,  0.07168,  0.06164,  0.19091,  0.36265,  1.66925,  0.69641
14379, 5137,  0.04796,  0.06746,  0.04731,  0.40141,  0.33888,  1.7631,  0.66226
14380, 5138,  0.04358,  0.07168,  0.06164,  0.19091,  0.36265,  1.66925,  0.69641
14381, 5139,  0.05241,  0.06721,  0.05416,  0.40141,  0.36012,  1.7631,  0.69641
14382, 5139,  0.05241,  0.06721,  0.05416,  0.40141,  0.36012,  1.7631,  0.69641
14383, 5138,  0.04358,  0.07168,  0.06164,  0.19091,  0.36265,  1.66925,  0.69641
14384, 5140,  0.0464,  0.07077,  0.06704,  0.19091,  0.48477,  1.66925,  0.72991
14385, 5139,  0.05241,  0.06721,  0.05416,  0.40141,  0.36012,  1.7631,  0.69641
14386, 5140,  0.0464,  0.07077,  0.06704,  0.19091,  0.48477,  1.66925,  0.72991
14387, 5141,  0.05674,  0.06682,  0.06143,  0.40141,  0.48477,  1.7631,  0.72991
14388, 5140,  0.0464,  0.07077,  0.06704,  0.19091,  0.48477,  1.66925,  0.72991
14389, 5142,  0.06047,  0.0658,  0.06862,  0.40141,  0.52359,  1.7631,  0.76149
14390, 5141,  0.05674,  0.06682,  0.06143,  0.40141,  0.48477,  1.7631,  0.72991
14391, 5140,  0.0464,  0.07077,  0.06704,  0.19091,  0.48477,  1.66925,  0.72991
14392, 5143,  0.04949,  0.06995,  0.07261,  0.19091,  0.52359,  1.66925,  0.76149
14393, 5142,  0.06047,  0.0658,  0.06862,  0.40141,  0.52359,  1.7631,  0.76149
14394, 5144,  0.05244,  0.06885,  0.07825,  0.19091,  0.55348,  1.66925,  0.7908
14395, 5142,  0.06047,  0.0658,  0.06862,  0.40141,  0.52359,  1.7631,  0.76149
14396, 5143,  0.04949,  0.06995,  0.07261,  0.19091,  0.52359,  1.66925,  0.76149
14397, 5144,  0.05244,  0.06885,  0.07825,  0.19091,  0.55348,  1.66925,  0.7908
14398, 5145,  0.06357,  0.06423,  0.0755,  0.40141,  0.55348,  1.7631,  0.7908
14399, 5142,  0.06047,  0.0658,  0.06862,  0.40141,  0.52359,  1.7631,  0.76149
14400, 5145,  0.06357,  0.06423,  0.0755,  0.40141,  0.55348,  1.7631,  0.7908
14401, 5144,  0.05244,  0.06885,  0.07825,  0.19091,  0.55348,  1.66925,  0.7908
14402, 5146,  0.05485,  0.0671,  0.08385,  0.19091,  0.59264,  1.66925,  0.81749
14403, 5145,  0.06357,  0.06423,  0.0755,  0.40141,  0.55348,  1.7631,  0.7908
14404, 5146,  0.05485,  0.0671,  0.08385,  0.19091,  0.59264,  1.66925,  0.81749
14405, 5147,  0.06598,  0.06223,  0.0818,  0.40141,  0.59264,  1.7631,  0.81749
14406, 5147,  0.06598,  0.06223,  0.0818,  0.40141,  0.59264,  1.7631,  0.81749
14407, 5146,  0.05485,  0.0671,  0.08385,  0.19091,  0.59264,  1.66925,  0.81749
14408, 5148,  0.05678,  0.06482,  0.08924,  0.19091,  0.63097,  1.66925,  0.84368
14409, 5147,  0.06598,  0.06223,  0.0818,  0.40141,  0.59264,  1.7631,  0.81749
14410, 5148,  0.05678,  0.06482,  0.08924,  0.19091,  0.63097,  1.66925,  0.84368
14411, 5149,  0.06786,  0.05986,  0.08759,  0.40141,  0.63097,  1.7631,  0.84368
14412, 5148,  0.05678,  0.06482,  0.08924,  0.19091,  0.63097,  1.66925,  0.84368
14413, 5150,  0.06939,  0.05718,  0.09292,  0.40141,  0.65834,  1.7631,  0.87152
14414, 5149,  0.06786,  0.05986,  0.08759,  0.40141,  0.63097,  1.7631,  0.84368
14415, 5148,  0.05678,  0.06482,  0.08924,  0.19091,  0.63097,  1.66925,  0.84368
14416, 5151,  0.05829,  0.06212,  0.09425,  0.19091,  0.65834,  1.66925,  0.87152
14417, 5150,  0.06939,  0.05718,  0.09292,  0.40141,  0.65834,  1.7631,  0.87152
14418, 5152,  0.07071,  0.05396,  0.09807,  0.40141,  0.68304,  1.7631,  0.89692
14419, 5150,  0.06939,  0.05718,  0.09292,  0.40141,  0.65834,  1.7631,  0.87152
14420, 5151,  0.05829,  0.06212,  0.09425,  0.19091,  0.65834,  1.66925,  0.87152
14421, 5152,  0.07071,  0.05396,  0.09807,  0.40141,  0.68304,  1.7631,  0.89692
14422, 5151,  0.05829,  0.06212,  0.09425,  0.19091,  0.65834,  1.66925,  0.87152
14423, 5153,  0.05951,  0.05857,  0.09918,  0.19091,  0.68304,  1.66925,  0.89692
14424, 5152,  0.07071,  0.05396,  0.09807,  0.40141,  0.68304,  1.7631,  0.89692
14425, 5153,  0.05951,  0.05857,  0.09918,  0.19091,  0.68304,  1.66925,  0.89692
14426, 5154,  0.06055,  0.05374,  0.10435,  0.19091,  0.71335,  1.66925,  0.91582
14427, 5152,  0.07071,  0.05396,  0.09807,  0.40141,  0.68304,  1.7631,  0.89692
14428, 5154,  0.06055,  0.05374,  0.10435,  0.19091,  0.71335,  1.66925,  0.91582
14429, 5155,  0.07201,  0.04996,  0.10331,  0.40141,  0.71335,  1.7631,  0.91582
14430, 5156,  0.0729,  0.04567,  0.10804,  0.40141,  0.74446,  1.7631,  0.93052
14431, 5155,  0.07201,  0.04996,  0.10331,  0.40141,  0.71335,  1.7631,  0.91582
14432, 5154,  0.06055,  0.05374,  0.10435,  0.19091,  0.71335,  1.66925,  0.91582
14433, 5156,  0.0729,  0.04567,  0.10804,  0.40141,  0.74446,  1.7631,  0.93052
14434, 5154,  0.06055,  0.05374,  0.10435,  0.19091,  0.71335,  1.66925,  0.91582
14435, 5157,  0.06127,  0.04849,  0.10931,  0.19091,  0.74446,  1.66925,  0.93052
14436, 5156,  0.0729,  0.04567,  0.10804,  0.40141,  0.74446,  1.7631,  0.93052
14437, 5157,  0.06127,  0.04849,  0.10931,  0.19091,  0.74446,  1.66925,  0.93052
14438, 5158,  0.06154,  0.04368,  0.1136,  0.19091,  0.77158,  1.66925,  0.94333
14439, 5156,  0.0729,  0.04567,  0.10804,  0.40141,  0.74446,  1.7631,  0.93052
14440, 5158,  0.06154,  0.04368,  0.1136,  0.19091,  0.77158,  1.66925,  0.94333
14441, 5159,  0.07303,  0.0416,  0.11166,  0.40141,  0.77158,  1.7631,  0.94333
14442, 5159,  0.07303,  0.0416,  0.11166,  0.40141,  0.77158,  1.7631,  0.94333
14443, 5158,  0.06154,  0.04368,  0.1136,  0.19091,  0.77158,  1.66925,  0.94333
14444, 5160,  0.06145,  0.03918,  0.11728,  0.19091,  0.79706,  1.66925,  0.95537
14445, 5159,  0.07303,  0.0416,  0.11166,  0.40141,  0.77158,  1.7631,  0.94333
14446, 5160,  0.06145,  0.03918,  0.11728,  0.19091,  0.79706,  1.66925,  0.95537
14447, 5161,  0.07244,  0.03729,  0.11489,  0.40141,  0.79706,  1.7631,  0.95537
14448, 5161,  0.07244,  0.03729,  0.11489,  0.40141,  0.79706,  1.7631,  0.95537
14449, 5160,  0.06145,  0.03918,  0.11728,  0.19091,  0.79706,  1.66925,  0.95537
14450, 5162,  0.06111,  0.03485,  0.1204,  0.19091,  0.82327,  1.66925,  0.96775
14451, 5161,  0.07244,  0.03729,  0.11489,  0.40141,  0.79706,  1.7631,  0.95537
14452, 5162,  0.06111,  0.03485,  0.1204,  0.19091,  0.82327,  1.66925,  0.96775
14453, 5163,  0.0712,  0.03229,  0.1185,  0.40141,  0.82327,  1.7631,  0.96775
14454, 5163,  0.0712,  0.03229,  0.1185,  0.40141,  0.82327,  1.7631,  0.96775
14455, 5162,  0.06111,  0.03485,  0.1204,  0.19091,  0.82327,  1.66925,  0.96775
14456, 5164,  0.06066,  0.02984,  0.12274,  0.19091,  0.86129,  1.66925,  0.9785
14457, 5163,  0.0712,  0.03229,  0.1185,  0.40141,  0.82327,  1.7631,  0.96775
14458, 5164,  0.06066,  0.02984,  0.12274,  0.19091,  0.86129,  1.66925,  0.9785
14459, 5165,  0.0692,  0.02664,  0.12179,  0.40141,  0.86129,  1.7631,  0.9785
14460, 5165,  0.0692,  0.02664,  0.12179,  0.40141,  0.86129,  1.7631,  0.9785
14461, 5164,  0.06066,  0.02984,  0.12274,  0.19091,  0.86129,  1.66925,  0.9785
14462, 5166,  0.06026,  0.02331,  0.1241,  0.19091,  0.92219,  1.66925,  0.98562
14463, 5165,  0.0692,  0.02664,  0.12179,  0.40141,  0.86129,  1.7631,  0.9785
14464, 5166,  0.06026,  0.02331,  0.1241,  0.19091,  0.92219,  1.66925,  0.98562
14465, 5167,  0.06634,  0.02038,  0.12408,  0.40141,  0.92219,  1.7631,  0.98562
14466, 5167,  0.06634,  0.02038,  0.12408,  0.40141,  0.92219,  1.7631,  0.98562
14467, 5166,  0.06026,  0.02331,  0.1241,  0.19091,  0.92219,  1.66925,  0.98562
14468, 5168,  0.05989,  0.01603,  0.12496,  0.19091,  0.99455,  1.66925,  0.99093
14469, 5167,  0.06634,  0.02038,  0.12408,  0.40141,  0.92219,  1.7631,  0.98562
14470, 5168,  0.05989,  0.01603,  0.12496,  0.19091,  0.99455,  1.66925,  0.99093
14471, 5169,  0.06305,  0.01381,  0.12586,  0.40141,  0.99455,  1.7631,  0.99093
14472, 5170,  0.01654,  0.05893, -0.01764,  0.40141,  0.002,  1.7631,  0.11113
14473, 5171,  0.01434,  0.06032, -0.01906,  0.19091,  0.002,  1.66925,  0.11113
14474, 5172,  0.014,  0.06434, -0.01428,  0.19091,  0.05741,  1.66925,  0.17514
14475, 5170,  0.01654,  0.05893, -0.01764,  0.40141,  0.002,  1.7631,  0.11113
14476, 5172,  0.014,  0.06434, -0.01428,  0.19091,  0.05741,  1.66925,  0.17514
14477, 5173,  0.01714,  0.06171, -0.0134,  0.40141,  0.05741,  1.7631,  0.17514
14478, 5173,  0.01714,  0.06171, -0.0134,  0.40141,  0.05741,  1.7631,  0.17514
14479, 5172,  0.014,  0.06434, -0.01428,  0.19091,  0.05741,  1.66925,  0.17514
14480, 5174,  0.01388,  0.06813, -0.00942,  0.19091,  0.10063,  1.66925,  0.22854
14481, 5173,  0.01714,  0.06171, -0.0134,  0.40141,  0.05741,  1.7631,  0.17514
14482, 5174,  0.01388,  0.06813, -0.00942,  0.19091,  0.10063,  1.66925,  0.22854
14483, 5175,  0.01788,  0.06433, -0.00913,  0.40141,  0.10063,  1.7631,  0.22854
14484, 5174,  0.01388,  0.06813, -0.00942,  0.19091,  0.10063,  1.66925,  0.22854
14485, 5176,  0.01878,  0.06664, -0.00479,  0.40141,  0.12085,  1.7631,  0.26073
14486, 5175,  0.01788,  0.06433, -0.00913,  0.40141,  0.10063,  1.7631,  0.22854
14487, 5174,  0.01388,  0.06813, -0.00942,  0.19091,  0.10063,  1.66925,  0.22854
14488, 5177,  0.01401,  0.07144, -0.00443,  0.19091,  0.12085,  1.66925,  0.26073
14489, 5176,  0.01878,  0.06664, -0.00479,  0.40141,  0.12085,  1.7631,  0.26073
14490, 5133,  0.01471,  0.07396,  0.00082,  0.19091,  0.12956,  1.66925,  0.28232
14491, 5176,  0.01878,  0.06664, -0.00479,  0.40141,  0.12085,  1.7631,  0.26073
14492, 5177,  0.01401,  0.07144, -0.00443,  0.19091,  0.12085,  1.66925,  0.26073
14493, 5133,  0.01471,  0.07396,  0.00082,  0.19091,  0.12956,  1.66925,  0.28232
14494, 5132,  0.01998,  0.06844, -0.00034,  0.40141,  0.12956,  1.7631,  0.28232
14495, 5176,  0.01878,  0.06664, -0.00479,  0.40141,  0.12085,  1.7631,  0.26073
14496, 5178,  0.01608, -0.07661,  0.01106,  0.30454,  0.18023,  1.66444,  0.35293
14497, 5179,  0.02129, -0.07331,  0.01037,  0.19661,  0.18023,  1.56193,  0.35293
14498, 5180,  0.02406, -0.07415,  0.01538,  0.19661,  0.18477,  1.56193,  0.369
14499, 5178,  0.01608, -0.07661,  0.01106,  0.30454,  0.18023,  1.66444,  0.35293
14500, 5180,  0.02406, -0.07415,  0.01538,  0.19661,  0.18477,  1.56193,  0.369
14501, 5181,  0.01853, -0.07764,  0.01701,  0.30454,  0.18477,  1.66444,  0.369
14502, 5181,  0.01853, -0.07764,  0.01701,  0.30454,  0.18477,  1.66444,  0.369
14503, 5180,  0.02406, -0.07415,  0.01538,  0.19661,  0.18477,  1.56193,  0.369
14504, 5182,  0.02743, -0.07442,  0.02056,  0.19661,  0.19186,  1.56193,  0.38436
14505, 5181,  0.01853, -0.07764,  0.01701,  0.30454,  0.18477,  1.66444,  0.369
14506, 5182,  0.02743, -0.07442,  0.02056,  0.19661,  0.19186,  1.56193,  0.38436
14507, 5183,  0.02191, -0.07793,  0.02304,  0.30454,  0.19186,  1.66444,  0.38436
14508, 5182,  0.02743, -0.07442,  0.02056,  0.19661,  0.19186,  1.56193,  0.38436
14509, 5184,  0.02609, -0.07776,  0.02924,  0.30454,  0.21588,  1.66444,  0.41073
14510, 5183,  0.02191, -0.07793,  0.02304,  0.30454,  0.19186,  1.66444,  0.38436
14511, 5182,  0.02743, -0.07442,  0.02056,  0.19661,  0.19186,  1.56193,  0.38436
14512, 5185,  0.03128, -0.07417,  0.02603,  0.19661,  0.21588,  1.56193,  0.41073
14513, 5184,  0.02609, -0.07776,  0.02924,  0.30454,  0.21588,  1.66444,  0.41073
14514, 5186,  0.03524, -0.07352,  0.03166,  0.19661,  0.23745,  1.56193,  0.44236
14515, 5184,  0.02609, -0.07776,  0.02924,  0.30454,  0.21588,  1.66444,  0.41073
14516, 5185,  0.03128, -0.07417,  0.02603,  0.19661,  0.21588,  1.56193,  0.41073
14517, 5186,  0.03524, -0.07352,  0.03166,  0.19661,  0.23745,  1.56193,  0.44236
14518, 5187,  0.03032, -0.07725,  0.03546,  0.30454,  0.23745,  1.66444,  0.44236
14519, 5184,  0.02609, -0.07776,  0.02924,  0.30454,  0.21588,  1.66444,  0.41073
14520, 5186,  0.03524, -0.07352,  0.03166,  0.19661,  0.23745,  1.56193,  0.44236
14521, 5188,  0.03384, -0.07651,  0.04156,  0.30454,  0.25869,  1.66444,  0.4735
14522, 5187,  0.03032, -0.07725,  0.03546,  0.30454,  0.23745,  1.66444,  0.44236
14523, 5186,  0.03524, -0.07352,  0.03166,  0.19661,  0.23745,  1.56193,  0.44236
14524, 5189,  0.03895, -0.07261,  0.03729,  0.19661,  0.25869,  1.56193,  0.4735
14525, 5188,  0.03384, -0.07651,  0.04156,  0.30454,  0.25869,  1.66444,  0.4735
14526, 5190,  0.04248, -0.07144,  0.04299,  0.19661,  0.27912,  1.56193,  0.50344
14527, 5188,  0.03384, -0.07651,  0.04156,  0.30454,  0.25869,  1.66444,  0.4735
14528, 5189,  0.03895, -0.07261,  0.03729,  0.19661,  0.25869,  1.56193,  0.4735
14529, 5190,  0.04248, -0.07144,  0.04299,  0.19661,  0.27912,  1.56193,  0.50344
14530, 5191,  0.03689, -0.07549,  0.04764,  0.30454,  0.27549,  1.66444,  0.50344
14531, 5188,  0.03384, -0.07651,  0.04156,  0.30454,  0.25869,  1.66444,  0.4735
14532, 5190,  0.04248, -0.07144,  0.04299,  0.19661,  0.27912,  1.56193,  0.50344
14533, 5192,  0.03975, -0.07415,  0.05382,  0.30454,  0.37448,  1.66444,  0.53148
14534, 5191,  0.03689, -0.07549,  0.04764,  0.30454,  0.27549,  1.66444,  0.50344
14535, 5190,  0.04248, -0.07144,  0.04299,  0.19661,  0.27912,  1.56193,  0.50344
14536, 5193,  0.04588, -0.06998,  0.04881,  0.19661,  0.37448,  1.56193,  0.53148
14537, 5192,  0.03975, -0.07415,  0.05382,  0.30454,  0.37448,  1.66444,  0.53148
14538, 5194,  0.04925, -0.0683,  0.05467,  0.19661,  0.39927,  1.56193,  0.5591
14539, 5192,  0.03975, -0.07415,  0.05382,  0.30454,  0.37448,  1.66444,  0.53148
14540, 5193,  0.04588, -0.06998,  0.04881,  0.19661,  0.37448,  1.56193,  0.53148
14541, 5194,  0.04925, -0.0683,  0.05467,  0.19661,  0.39927,  1.56193,  0.5591
14542, 5195,  0.04251, -0.07251,  0.06001,  0.30454,  0.39927,  1.66444,  0.5591
14543, 5192,  0.03975, -0.07415,  0.05382,  0.30454,  0.37448,  1.66444,  0.53148
14544, 5194,  0.04925, -0.0683,  0.05467,  0.19661,  0.39927,  1.56193,  0.5591
14545, 5196,  0.04531, -0.07061,  0.06611,  0.30454,  0.425,  1.66444,  0.58777
14546, 5195,  0.04251, -0.07251,  0.06001,  0.30454,  0.39927,  1.66444,  0.5591
14547, 5194,  0.04925, -0.0683,  0.05467,  0.19661,  0.39927,  1.56193,  0.5591
14548, 5197,  0.05266, -0.06651,  0.06047,  0.19661,  0.425,  1.56193,  0.58777
14549, 5196,  0.04531, -0.07061,  0.06611,  0.30454,  0.425,  1.66444,  0.58777
14550, 5198,  0.05632, -0.06464,  0.06634,  0.19661,  0.4508,  1.56193,  0.61652
14551, 5196,  0.04531, -0.07061,  0.06611,  0.30454,  0.425,  1.66444,  0.58777
14552, 5197,  0.05266, -0.06651,  0.06047,  0.19661,  0.425,  1.56193,  0.58777
14553, 5198,  0.05632, -0.06464,  0.06634,  0.19661,  0.4508,  1.56193,  0.61652
14554, 5199,  0.04822, -0.06852,  0.07199,  0.30454,  0.4508,  1.66444,  0.61652
14555, 5196,  0.04531, -0.07061,  0.06611,  0.30454,  0.425,  1.66444,  0.58777
14556, 5199,  0.04822, -0.06852,  0.07199,  0.30454,  0.4508,  1.66444,  0.61652
14557, 5198,  0.05632, -0.06464,  0.06634,  0.19661,  0.4508,  1.56193,  0.61652
14558, 5200,  0.06045, -0.06271,  0.0724,  0.19661,  0.47582,  1.56193,  0.64438
14559, 5199,  0.04822, -0.06852,  0.07199,  0.30454,  0.4508,  1.66444,  0.61652
14560, 5200,  0.06045, -0.06271,  0.0724,  0.19661,  0.47582,  1.56193,  0.64438
14561, 5201,  0.05134, -0.06631,  0.07753,  0.30454,  0.47582,  1.66444,  0.64438
14562, 5202,  0.0543, -0.06422,  0.08282,  0.30454,  0.51305,  1.66444,  0.67335
14563, 5201,  0.05134, -0.06631,  0.07753,  0.30454,  0.47582,  1.66444,  0.64438
14564, 5200,  0.06045, -0.06271,  0.0724,  0.19661,  0.47582,  1.56193,  0.64438
14565, 5202,  0.0543, -0.06422,  0.08282,  0.30454,  0.51305,  1.66444,  0.67335
14566, 5200,  0.06045, -0.06271,  0.0724,  0.19661,  0.47582,  1.56193,  0.64438
14567, 5203,  0.06447, -0.06054,  0.07854,  0.19661,  0.51305,  1.56193,  0.67335
14568, 5203,  0.06447, -0.06054,  0.07854,  0.19661,  0.51305,  1.56193,  0.67335
14569, 5204,  0.05676, -0.06249,  0.08795,  0.30454,  0.53744,  1.66444,  0.70539
14570, 5202,  0.0543, -0.06422,  0.08282,  0.30454,  0.51305,  1.66444,  0.67335
14571, 5203,  0.06447, -0.06054,  0.07854,  0.19661,  0.51305,  1.56193,  0.67335
14572, 5205,  0.06781, -0.05796,  0.08467,  0.19661,  0.53744,  1.56193,  0.70539
14573, 5204,  0.05676, -0.06249,  0.08795,  0.30454,  0.53744,  1.66444,  0.70539
14574, 5206,  0.0703, -0.05523,  0.09047,  0.19661,  0.56197,  1.56193,  0.73761
14575, 5204,  0.05676, -0.06249,  0.08795,  0.30454,  0.53744,  1.66444,  0.70539
14576, 5205,  0.06781, -0.05796,  0.08467,  0.19661,  0.53744,  1.56193,  0.70539
14577, 5206,  0.0703, -0.05523,  0.09047,  0.19661,  0.56197,  1.56193,  0.73761
14578, 5207,  0.05873, -0.06062,  0.09282,  0.30454,  0.56197,  1.66444,  0.73761
14579, 5204,  0.05676, -0.06249,  0.08795,  0.30454,  0.53744,  1.66444,  0.70539
14580, 5206,  0.0703, -0.05523,  0.09047,  0.19661,  0.56197,  1.56193,  0.73761
14581, 5208,  0.06022, -0.05809,  0.09732,  0.30454,  0.58444,  1.66444,  0.76713
14582, 5207,  0.05873, -0.06062,  0.09282,  0.30454,  0.56197,  1.66444,  0.73761
14583, 5206,  0.0703, -0.05523,  0.09047,  0.19661,  0.56197,  1.56193,  0.73761
14584, 5209,  0.07176, -0.05265,  0.09564,  0.19661,  0.58444,  1.56193,  0.76713
14585, 5208,  0.06022, -0.05809,  0.09732,  0.30454,  0.58444,  1.66444,  0.76713
14586, 5210,  0.07236, -0.04965,  0.10061,  0.19661,  0.60431,  1.56193,  0.79323
14587, 5208,  0.06022, -0.05809,  0.09732,  0.30454,  0.58444,  1.66444,  0.76713
14588, 5209,  0.07176, -0.05265,  0.09564,  0.19661,  0.58444,  1.56193,  0.76713
14589, 5210,  0.07236, -0.04965,  0.10061,  0.19661,  0.60431,  1.56193,  0.79323
14590, 5211,  0.06144, -0.0548,  0.10186,  0.30454,  0.60431,  1.66444,  0.79323
14591, 5208,  0.06022, -0.05809,  0.09732,  0.30454,  0.58444,  1.66444,  0.76713
14592, 5211,  0.06144, -0.0548,  0.10186,  0.30454,  0.60431,  1.66444,  0.79323
14593, 5210,  0.07236, -0.04965,  0.10061,  0.19661,  0.60431,  1.56193,  0.79323
14594, 5212,  0.07225, -0.04567,  0.10584,  0.19661,  0.62102,  1.56193,  0.81518
14595, 5211,  0.06144, -0.0548,  0.10186,  0.30454,  0.60431,  1.66444,  0.79323
14596, 5212,  0.07225, -0.04567,  0.10584,  0.19661,  0.62102,  1.56193,  0.81518
14597, 5213,  0.06256, -0.05066,  0.10688,  0.30454,  0.62102,  1.66444,  0.81518
14598, 5213,  0.06256, -0.05066,  0.10688,  0.30454,  0.62102,  1.66444,  0.81518
14599, 5212,  0.07225, -0.04567,  0.10584,  0.19661,  0.62102,  1.56193,  0.81518
14600, 5214,  0.07174, -0.04115,  0.11056,  0.19661,  0.6354,  1.56193,  0.83407
14601, 5213,  0.06256, -0.05066,  0.10688,  0.30454,  0.62102,  1.66444,  0.81518
14602, 5214,  0.07174, -0.04115,  0.11056,  0.19661,  0.6354,  1.56193,  0.83407
14603, 5215,  0.06332, -0.04565,  0.11203,  0.30454,  0.6354,  1.66444,  0.83407
14604, 5215,  0.06332, -0.04565,  0.11203,  0.30454,  0.6354,  1.66444,  0.83407
14605, 5214,  0.07174, -0.04115,  0.11056,  0.19661,  0.6354,  1.56193,  0.83407
14606, 5216,  0.07111, -0.03652,  0.11399,  0.19661,  0.64828,  1.56193,  0.851
14607, 5215,  0.06332, -0.04565,  0.11203,  0.30454,  0.6354,  1.66444,  0.83407
14608, 5216,  0.07111, -0.03652,  0.11399,  0.19661,  0.64828,  1.56193,  0.851
14609, 5217,  0.06346, -0.03975,  0.11698,  0.30454,  0.64828,  1.66444,  0.851
14610, 5217,  0.06346, -0.03975,  0.11698,  0.30454,  0.64828,  1.66444,  0.851
14611, 5216,  0.07111, -0.03652,  0.11399,  0.19661,  0.64828,  1.56193,  0.851
14612, 5218,  0.07049, -0.03219,  0.11657,  0.19661,  0.66953,  1.56193,  0.86817
14613, 5217,  0.06346, -0.03975,  0.11698,  0.30454,  0.64828,  1.66444,  0.851
14614, 5218,  0.07049, -0.03219,  0.11657,  0.19661,  0.66953,  1.56193,  0.86817
14615, 5219,  0.0634, -0.03382,  0.12074,  0.30454,  0.66953,  1.66444,  0.86817
14616, 5218,  0.07049, -0.03219,  0.11657,  0.19661,  0.66953,  1.56193,  0.86817
14617, 5220,  0.06353, -0.02871,  0.12235,  0.30454,  0.70899,  1.66444,  0.88781
14618, 5219,  0.0634, -0.03382,  0.12074,  0.30454,  0.66953,  1.66444,  0.86817
14619, 5218,  0.07049, -0.03219,  0.11657,  0.19661,  0.66953,  1.56193,  0.86817
14620, 5221,  0.06999, -0.02853,  0.1187,  0.19661,  0.70899,  1.56193,  0.88781
14621, 5220,  0.06353, -0.02871,  0.12235,  0.30454,  0.70899,  1.66444,  0.88781
14622, 5222,  0.06955, -0.02522,  0.12062,  0.19661,  0.75755,  1.56193,  0.90868
14623, 5220,  0.06353, -0.02871,  0.12235,  0.30454,  0.70899,  1.66444,  0.88781
14624, 5221,  0.06999, -0.02853,  0.1187,  0.19661,  0.70899,  1.56193,  0.88781
14625, 5222,  0.06955, -0.02522,  0.12062,  0.19661,  0.75755,  1.56193,  0.90868
14626, 5223,  0.06376, -0.02402,  0.12289,  0.30454,  0.75755,  1.66444,  0.90868
14627, 5220,  0.06353, -0.02871,  0.12235,  0.30454,  0.70899,  1.66444,  0.88781
14628, 5224,  0.01437, -0.06449, -0.0111,  0.30454,  0.002,  1.66444,  0.22134
14629, 5225,  0.01684, -0.06399, -0.00902,  0.19661,  0.002,  1.56193,  0.22134
14630, 5226,  0.01719, -0.06709, -0.00429,  0.19661,  0.09333,  1.56193,  0.25552
14631, 5224,  0.01437, -0.06449, -0.0111,  0.30454,  0.002,  1.66444,  0.22134
14632, 5226,  0.01719, -0.06709, -0.00429,  0.19661,  0.09333,  1.56193,  0.25552
14633, 5227,  0.01408, -0.06825, -0.00596,  0.30454,  0.09333,  1.66444,  0.25552
14634, 5227,  0.01408, -0.06825, -0.00596,  0.30454,  0.09333,  1.66444,  0.25552
14635, 5226,  0.01719, -0.06709, -0.00429,  0.19661,  0.09333,  1.56193,  0.25552
14636, 5228,  0.01788, -0.06984,  0.0005,  0.19661,  0.15282,  1.56193,  0.28984
14637, 5227,  0.01408, -0.06825, -0.00596,  0.30454,  0.09333,  1.66444,  0.25552
14638, 5228,  0.01788, -0.06984,  0.0005,  0.19661,  0.15282,  1.56193,  0.28984
14639, 5229,  0.01408, -0.0717, -0.00062,  0.30454,  0.15282,  1.66444,  0.28984
14640, 5229,  0.01408, -0.0717, -0.00062,  0.30454,  0.15282,  1.66444,  0.28984
14641, 5228,  0.01788, -0.06984,  0.0005,  0.19661,  0.15282,  1.56193,  0.28984
14642, 5230,  0.01923, -0.0719,  0.0054,  0.19661,  0.17568,  1.56193,  0.32442
14643, 5229,  0.01408, -0.0717, -0.00062,  0.30454,  0.15282,  1.66444,  0.28984
14644, 5230,  0.01923, -0.0719,  0.0054,  0.19661,  0.17568,  1.56193,  0.32442
14645, 5231,  0.01467, -0.07456,  0.00512,  0.30454,  0.17568,  1.66444,  0.32442
14646, 5231,  0.01467, -0.07456,  0.00512,  0.30454,  0.17568,  1.66444,  0.32442
14647, 5230,  0.01923, -0.0719,  0.0054,  0.19661,  0.17568,  1.56193,  0.32442
14648, 5179,  0.02129, -0.07331,  0.01037,  0.19661,  0.18023,  1.56193,  0.35293
14649, 5231,  0.01467, -0.07456,  0.00512,  0.30454,  0.17568,  1.66444,  0.32442
14650, 5179,  0.02129, -0.07331,  0.01037,  0.19661,  0.18023,  1.56193,  0.35293
14651, 5178,  0.01608, -0.07661,  0.01106,  0.30454,  0.18023,  1.66444,  0.35293
14652, 5232,  0.04342, -0.06834,  0.07043,  0.58484,  0.62207,  0.05255,  0.80694
14653, 5233,  0.04304, -0.0681,  0.06706,  0.54516,  0.62207,  0.01287,  0.80694
14654, 5234,  0.05154, -0.06426,  0.07117,  0.54516,  0.73142,  0.01287,  0.87039
14655, 5232,  0.04342, -0.06834,  0.07043,  0.58484,  0.62207,  0.05255,  0.80694
14656, 5234,  0.05154, -0.06426,  0.07117,  0.54516,  0.73142,  0.01287,  0.87039
14657, 5235,  0.05217, -0.06402,  0.07424,  0.58484,  0.73142,  0.05255,  0.87039
14658, 5235,  0.05217, -0.06402,  0.07424,  0.58484,  0.73142,  0.05255,  0.87039
14659, 5234,  0.05154, -0.06426,  0.07117,  0.54516,  0.73142,  0.01287,  0.87039
14660, 5236,  0.06042, -0.05975,  0.07514,  0.54516,  0.84851,  0.01287,  0.93834
14661, 5235,  0.05217, -0.06402,  0.07424,  0.58484,  0.73142,  0.05255,  0.87039
14662, 5236,  0.06042, -0.05975,  0.07514,  0.54516,  0.84851,  0.01287,  0.93834
14663, 5237,  0.06113, -0.05903,  0.07788,  0.58484,  0.84851,  0.05255,  0.93834
14664, 5233,  0.04304, -0.0681,  0.06706,  0.54516,  0.62207,  0.01287,  0.80694
14665, 5232,  0.04342, -0.06834,  0.07043,  0.58484,  0.62207,  0.05255,  0.80694
14666, 5238,  0.03508, -0.07132,  0.06627,  0.58484,  0.52821,  0.05255,  0.75248
14667, 5233,  0.04304, -0.0681,  0.06706,  0.54516,  0.62207,  0.01287,  0.80694
14668, 5238,  0.03508, -0.07132,  0.06627,  0.58484,  0.52821,  0.05255,  0.75248
14669, 5239,  0.03532, -0.07058,  0.0627,  0.54516,  0.52821,  0.01287,  0.75248
14670, 5240,  0.02839, -0.07207,  0.05846,  0.54516,  0.44487,  0.01287,  0.70412
14671, 5239,  0.03532, -0.07058,  0.0627,  0.54516,  0.52821,  0.01287,  0.75248
14672, 5238,  0.03508, -0.07132,  0.06627,  0.58484,  0.52821,  0.05255,  0.75248
14673, 5240,  0.02839, -0.07207,  0.05846,  0.54516,  0.44487,  0.01287,  0.70412
14674, 5238,  0.03508, -0.07132,  0.06627,  0.58484,  0.52821,  0.05255,  0.75248
14675, 5241,  0.0273, -0.07321,  0.06217,  0.58484,  0.44487,  0.05255,  0.70412
14676, 5241,  0.0273, -0.07321,  0.06217,  0.58484,  0.44487,  0.05255,  0.70412
14677, 5242,  0.02224, -0.07296,  0.05477,  0.54516,  0.36709,  0.01287,  0.65898
14678, 5240,  0.02839, -0.07207,  0.05846,  0.54516,  0.44487,  0.01287,  0.70412
14679, 5241,  0.0273, -0.07321,  0.06217,  0.58484,  0.44487,  0.05255,  0.70412
14680, 5243,  0.02022, -0.07427,  0.05858,  0.58484,  0.36709,  0.05255,  0.65898
14681, 5242,  0.02224, -0.07296,  0.05477,  0.54516,  0.36709,  0.01287,  0.65898
14682, 5244,  0.01648, -0.07398,  0.05137,  0.54516,  0.29369,  0.01287,  0.61639
14683, 5242,  0.02224, -0.07296,  0.05477,  0.54516,  0.36709,  0.01287,  0.65898
14684, 5243,  0.02022, -0.07427,  0.05858,  0.58484,  0.36709,  0.05255,  0.65898
14685, 5244,  0.01648, -0.07398,  0.05137,  0.54516,  0.29369,  0.01287,  0.61639
14686, 5243,  0.02022, -0.07427,  0.05858,  0.58484,  0.36709,  0.05255,  0.65898
14687, 5245,  0.01386, -0.07533,  0.05515,  0.58484,  0.29369,  0.05255,  0.61639
14688, 5246,  0.00827, -0.07723,  0.05154,  0.58484,  0.22347,  0.05255,  0.57565
14689, 5244,  0.01648, -0.07398,  0.05137,  0.54516,  0.29369,  0.01287,  0.61639
14690, 5245,  0.01386, -0.07533,  0.05515,  0.58484,  0.29369,  0.05255,  0.61639
14691, 5246,  0.00827, -0.07723,  0.05154,  0.58484,  0.22347,  0.05255,  0.57565
14692, 5247,  0.01073, -0.07587,  0.04804,  0.54516,  0.22347,  0.01287,  0.57565
14693, 5244,  0.01648, -0.07398,  0.05137,  0.54516,  0.29369,  0.01287,  0.61639
14694, 5248,  0.00317, -0.07936,  0.04739,  0.58484,  0.15291,  0.05255,  0.53507
14695, 5247,  0.01073, -0.07587,  0.04804,  0.54516,  0.22347,  0.01287,  0.57565
14696, 5246,  0.00827, -0.07723,  0.05154,  0.58484,  0.22347,  0.05255,  0.57565
14697, 5248,  0.00317, -0.07936,  0.04739,  0.58484,  0.15291,  0.05255,  0.53507
14698, 5249,  0.00507, -0.07805,  0.04433,  0.54516,  0.15291,  0.01287,  0.53507
14699, 5247,  0.01073, -0.07587,  0.04804,  0.54516,  0.22347,  0.01287,  0.57565
14700, 5249,  0.00507, -0.07805,  0.04433,  0.54516,  0.15291,  0.01287,  0.53507
14701, 5248,  0.00317, -0.07936,  0.04739,  0.58484,  0.15291,  0.05255,  0.53507
14702, 5250, -0.00172, -0.08115,  0.04232,  0.58484,  0.07844,  0.05255,  0.49296
14703, 5249,  0.00507, -0.07805,  0.04433,  0.54516,  0.15291,  0.01287,  0.53507
14704, 5250, -0.00172, -0.08115,  0.04232,  0.58484,  0.07844,  0.05255,  0.49296
14705, 5251, -0.00043, -0.07995,  0.03981,  0.54516,  0.07844,  0.01287,  0.49296
14706, 5252, -0.00585, -0.08171,  0.03488,  0.54516,  0.00202,  0.01287,  0.45009
14707, 5251, -0.00043, -0.07995,  0.03981,  0.54516,  0.07844,  0.01287,  0.49296
14708, 5250, -0.00172, -0.08115,  0.04232,  0.58484,  0.07844,  0.05255,  0.49296
14709, 5252, -0.00585, -0.08171,  0.03488,  0.54516,  0.00202,  0.01287,  0.45009
14710, 5250, -0.00172, -0.08115,  0.04232,  0.58484,  0.07844,  0.05255,  0.49296
14711, 5253, -0.00651, -0.08276,  0.03679,  0.58484,  0.00202,  0.05255,  0.45009
14712, 5254,  0.08937, -0.02521,  0.11278,  0.54902,  0.75154,  0.04221,  0.67381
14713, 5255,  0.08407, -0.03371,  0.11265,  0.6248,  0.75154,  0.11419,  0.67381
14714, 5256,  0.08738, -0.03553,  0.10808,  0.6248,  0.70905,  0.11419,  0.63569
14715, 5254,  0.08937, -0.02521,  0.11278,  0.54902,  0.75154,  0.04221,  0.67381
14716, 5256,  0.08738, -0.03553,  0.10808,  0.6248,  0.70905,  0.11419,  0.63569
14717, 5257,  0.09333, -0.02686,  0.10793,  0.54902,  0.70905,  0.04221,  0.63569
14718, 5257,  0.09333, -0.02686,  0.10793,  0.54902,  0.70905,  0.04221,  0.63569
14719, 5256,  0.08738, -0.03553,  0.10808,  0.6248,  0.70905,  0.11419,  0.63569
14720, 5258,  0.08991, -0.0373,  0.10322,  0.6248,  0.66079,  0.11419,  0.59683
14721, 5257,  0.09333, -0.02686,  0.10793,  0.54902,  0.70905,  0.04221,  0.63569
14722, 5258,  0.08991, -0.0373,  0.10322,  0.6248,  0.66079,  0.11419,  0.59683
14723, 5259,  0.09607, -0.02856,  0.10285,  0.54902,  0.66079,  0.04221,  0.59683
14724, 5259,  0.09607, -0.02856,  0.10285,  0.54902,  0.66079,  0.04221,  0.59683
14725, 5258,  0.08991, -0.0373,  0.10322,  0.6248,  0.66079,  0.11419,  0.59683
14726, 5260,  0.0918, -0.03908,  0.09804,  0.6248,  0.6034,  0.11419,  0.55829
14727, 5259,  0.09607, -0.02856,  0.10285,  0.54902,  0.66079,  0.04221,  0.59683
14728, 5260,  0.0918, -0.03908,  0.09804,  0.6248,  0.6034,  0.11419,  0.55829
14729, 5261,  0.09803, -0.03038,  0.09738,  0.54902,  0.6034,  0.04221,  0.55829
14730, 5261,  0.09803, -0.03038,  0.09738,  0.54902,  0.6034,  0.04221,  0.55829
14731, 5260,  0.0918, -0.03908,  0.09804,  0.6248,  0.6034,  0.11419,  0.55829
14732, 5262,  0.09313, -0.04102,  0.09207,  0.6248,  0.54423,  0.11419,  0.5197
14733, 5261,  0.09803, -0.03038,  0.09738,  0.54902,  0.6034,  0.04221,  0.55829
14734, 5262,  0.09313, -0.04102,  0.09207,  0.6248,  0.54423,  0.11419,  0.5197
14735, 5263,  0.09934, -0.03246,  0.0911,  0.54902,  0.54423,  0.04221,  0.5197
14736, 5263,  0.09934, -0.03246,  0.0911,  0.54902,  0.54423,  0.04221,  0.5197
14737, 5262,  0.09313, -0.04102,  0.09207,  0.6248,  0.54423,  0.11419,  0.5197
14738, 5264,  0.09399, -0.04332,  0.0848,  0.6248,  0.49067,  0.11419,  0.48069
14739, 5263,  0.09934, -0.03246,  0.0911,  0.54902,  0.54423,  0.04221,  0.5197
14740, 5264,  0.09399, -0.04332,  0.0848,  0.6248,  0.49067,  0.11419,  0.48069
14741, 5265,  0.10011, -0.03496,  0.08357,  0.54902,  0.49067,  0.04221,  0.48069
14742, 5265,  0.10011, -0.03496,  0.08357,  0.54902,  0.49067,  0.04221,  0.48069
14743, 5264,  0.09399, -0.04332,  0.0848,  0.6248,  0.49067,  0.11419,  0.48069
14744, 5266,  0.09381, -0.04565,  0.07693,  0.6248,  0.43719,  0.11419,  0.44174
14745, 5265,  0.10011, -0.03496,  0.08357,  0.54902,  0.49067,  0.04221,  0.48069
14746, 5266,  0.09381, -0.04565,  0.07693,  0.6248,  0.43719,  0.11419,  0.44174
14747, 5267,  0.09985, -0.03756,  0.07555,  0.54902,  0.43719,  0.04221,  0.44174
14748, 5267,  0.09985, -0.03756,  0.07555,  0.54902,  0.43719,  0.04221,  0.44174
14749, 5266,  0.09381, -0.04565,  0.07693,  0.6248,  0.43719,  0.11419,  0.44174
14750, 5268,  0.09207, -0.04772,  0.06911,  0.6248,  0.37829,  0.11419,  0.40331
14751, 5267,  0.09985, -0.03756,  0.07555,  0.54902,  0.43719,  0.04221,  0.44174
14752, 5268,  0.09207, -0.04772,  0.06911,  0.6248,  0.37829,  0.11419,  0.40331
14753, 5269,  0.09807, -0.03993,  0.06779,  0.54902,  0.37829,  0.04221,  0.40331
14754, 5269,  0.09807, -0.03993,  0.06779,  0.54902,  0.37829,  0.04221,  0.40331
14755, 5268,  0.09207, -0.04772,  0.06911,  0.6248,  0.37829,  0.11419,  0.40331
14756, 5270,  0.08863, -0.04983,  0.06142,  0.6248,  0.29274,  0.11419,  0.36804
14757, 5269,  0.09807, -0.03993,  0.06779,  0.54902,  0.37829,  0.04221,  0.40331
14758, 5270,  0.08863, -0.04983,  0.06142,  0.6248,  0.29274,  0.11419,  0.36804
14759, 5271,  0.09454, -0.04237,  0.06026,  0.54902,  0.29274,  0.04221,  0.36804
14760, 5271,  0.09454, -0.04237,  0.06026,  0.54902,  0.29274,  0.04221,  0.36804
14761, 5270,  0.08863, -0.04983,  0.06142,  0.6248,  0.29274,  0.11419,  0.36804
14762, 5272,  0.08336, -0.05225,  0.05394,  0.6248,  0.15934,  0.11419,  0.33856
14763, 5271,  0.09454, -0.04237,  0.06026,  0.54902,  0.29274,  0.04221,  0.36804
14764, 5272,  0.08336, -0.05225,  0.05394,  0.6248,  0.15934,  0.11419,  0.33856
14765, 5273,  0.08903, -0.04521,  0.05295,  0.54902,  0.15934,  0.04221,  0.33856
14766, 5273,  0.08903, -0.04521,  0.05295,  0.54902,  0.15934,  0.04221,  0.33856
14767, 5272,  0.08336, -0.05225,  0.05394,  0.6248,  0.15934,  0.11419,  0.33856
14768, 5274,  0.07717, -0.05485,  0.04655,  0.6248,  0.00202,  0.11419,  0.31199
14769, 5273,  0.08903, -0.04521,  0.05295,  0.54902,  0.15934,  0.04221,  0.33856
14770, 5274,  0.07717, -0.05485,  0.04655,  0.6248,  0.00202,  0.11419,  0.31199
14771, 5275,  0.08253, -0.04823,  0.04576,  0.54902,  0.00202,  0.04221,  0.31199
14772, 5276,  0.07811, -0.02204,  0.12151,  0.54902,  0.82776,  0.04221,  0.74105
14773, 5277,  0.07552, -0.02996,  0.12053,  0.6248,  0.82776,  0.11419,  0.74105
14774, 5278,  0.07985, -0.0318,  0.11697,  0.6248,  0.79162,  0.11419,  0.71015
14775, 5276,  0.07811, -0.02204,  0.12151,  0.54902,  0.82776,  0.04221,  0.74105
14776, 5278,  0.07985, -0.0318,  0.11697,  0.6248,  0.79162,  0.11419,  0.71015
14777, 5279,  0.08375, -0.02353,  0.11755,  0.54902,  0.79162,  0.04221,  0.71015
14778, 5279,  0.08375, -0.02353,  0.11755,  0.54902,  0.79162,  0.04221,  0.71015
14779, 5278,  0.07985, -0.0318,  0.11697,  0.6248,  0.79162,  0.11419,  0.71015
14780, 5255,  0.08407, -0.03371,  0.11265,  0.6248,  0.75154,  0.11419,  0.67381
14781, 5279,  0.08375, -0.02353,  0.11755,  0.54902,  0.79162,  0.04221,  0.71015
14782, 5255,  0.08407, -0.03371,  0.11265,  0.6248,  0.75154,  0.11419,  0.67381
14783, 5254,  0.08937, -0.02521,  0.11278,  0.54902,  0.75154,  0.04221,  0.67381
14784, 5277,  0.07552, -0.02996,  0.12053,  0.6248,  0.82776,  0.11419,  0.74105
14785, 5276,  0.07811, -0.02204,  0.12151,  0.54902,  0.82776,  0.04221,  0.74105
14786, 5280,  0.0741, -0.02093,  0.12393,  0.54902,  0.85838,  0.04221,  0.76286
14787, 5277,  0.07552, -0.02996,  0.12053,  0.6248,  0.82776,  0.11419,  0.74105
14788, 5280,  0.0741, -0.02093,  0.12393,  0.54902,  0.85838,  0.04221,  0.76286
14789, 5281,  0.07186, -0.02837,  0.12281,  0.6248,  0.85838,  0.11419,  0.76286
14790, 5282,  0.06876, -0.02707,  0.12415,  0.6248,  0.89176,  0.11384,  0.7795
14791, 5281,  0.07186, -0.02837,  0.12281,  0.6248,  0.85838,  0.11419,  0.76286
14792, 5280,  0.0741, -0.02093,  0.12393,  0.54902,  0.85838,  0.04221,  0.76286
14793, 5282,  0.06876, -0.02707,  0.12415,  0.6248,  0.89176,  0.11384,  0.7795
14794, 5280,  0.0741, -0.02093,  0.12393,  0.54902,  0.85838,  0.04221,  0.76286
14795, 5283,  0.07073, -0.01994,  0.12518,  0.54902,  0.89176,  0.04186,  0.7795
14796, 5282,  0.06876, -0.02707,  0.12415,  0.6248,  0.89176,  0.11384,  0.7795
14797, 5283,  0.07073, -0.01994,  0.12518,  0.54902,  0.89176,  0.04186,  0.7795
14798, 5284,  0.067, -0.01879,  0.12565,  0.54902,  0.93619,  0.04081,  0.7949
14799, 5282,  0.06876, -0.02707,  0.12415,  0.6248,  0.89176,  0.11384,  0.7795
14800, 5284,  0.067, -0.01879,  0.12565,  0.54902,  0.93619,  0.04081,  0.7949
14801, 5285,  0.06607, -0.02608,  0.12492,  0.6248,  0.93619,  0.11279,  0.7949
14802, 5286,  0.06359, -0.02524,  0.1254,  0.6248,  0.98613,  0.11138,  0.80968
14803, 5285,  0.06607, -0.02608,  0.12492,  0.6248,  0.93619,  0.11279,  0.7949
14804, 5284,  0.067, -0.01879,  0.12565,  0.54902,  0.93619,  0.04081,  0.7949
14805, 5286,  0.06359, -0.02524,  0.1254,  0.6248,  0.98613,  0.11138,  0.80968
14806, 5284,  0.067, -0.01879,  0.12565,  0.54902,  0.93619,  0.04081,  0.7949
14807, 5287,  0.06308, -0.01756,  0.12572,  0.54902,  0.98613,  0.0394,  0.80968
14808, 5288,  0.09294, -0.01748,  0.11279,  0.54902,  0.75084,  0.73281,  0.84884
14809, 5289,  0.08989, -0.02702,  0.11322,  0.6248,  0.75084,  0.66083,  0.84884
14810, 5290,  0.09379, -0.02914,  0.10784,  0.6248,  0.70758,  0.66083,  0.78721
14811, 5288,  0.09294, -0.01748,  0.11279,  0.54902,  0.75084,  0.73281,  0.84884
14812, 5290,  0.09379, -0.02914,  0.10784,  0.6248,  0.70758,  0.66083,  0.78721
14813, 5291,  0.09724, -0.01973,  0.10757,  0.54902,  0.70758,  0.73281,  0.78721
14814, 5291,  0.09724, -0.01973,  0.10757,  0.54902,  0.70758,  0.73281,  0.78721
14815, 5290,  0.09379, -0.02914,  0.10784,  0.6248,  0.70758,  0.66083,  0.78721
14816, 5292,  0.09648, -0.03111,  0.10246,  0.6248,  0.6635,  0.66083,  0.72073
14817, 5291,  0.09724, -0.01973,  0.10757,  0.54902,  0.70758,  0.73281,  0.78721
14818, 5292,  0.09648, -0.03111,  0.10246,  0.6248,  0.6635,  0.66083,  0.72073
14819, 5293,  0.10038, -0.0219,  0.10224,  0.54902,  0.6635,  0.73281,  0.72073
14820, 5293,  0.10038, -0.0219,  0.10224,  0.54902,  0.6635,  0.73281,  0.72073
14821, 5292,  0.09648, -0.03111,  0.10246,  0.6248,  0.6635,  0.66083,  0.72073
14822, 5294,  0.0985, -0.03304,  0.09754,  0.6248,  0.61977,  0.66083,  0.65985
14823, 5293,  0.10038, -0.0219,  0.10224,  0.54902,  0.6635,  0.73281,  0.72073
14824, 5294,  0.0985, -0.03304,  0.09754,  0.6248,  0.61977,  0.66083,  0.65985
14825, 5295,  0.10255, -0.02384,  0.09687,  0.54902,  0.61977,  0.73281,  0.65985
14826, 5295,  0.10255, -0.02384,  0.09687,  0.54902,  0.61977,  0.73281,  0.65985
14827, 5294,  0.0985, -0.03304,  0.09754,  0.6248,  0.61977,  0.66083,  0.65985
14828, 5296,  0.09993, -0.03484,  0.09261,  0.6248,  0.57599,  0.66083,  0.60175
14829, 5295,  0.10255, -0.02384,  0.09687,  0.54902,  0.61977,  0.73281,  0.65985
14830, 5296,  0.09993, -0.03484,  0.09261,  0.6248,  0.57599,  0.66083,  0.60175
14831, 5297,  0.10409, -0.02564,  0.09131,  0.54902,  0.57599,  0.73281,  0.60175
14832, 5297,  0.10409, -0.02564,  0.09131,  0.54902,  0.57599,  0.73281,  0.60175
14833, 5296,  0.09993, -0.03484,  0.09261,  0.6248,  0.57599,  0.66083,  0.60175
14834, 5298,  0.10088, -0.03647,  0.08715,  0.6248,  0.53173,  0.66083,  0.54364
14835, 5297,  0.10409, -0.02564,  0.09131,  0.54902,  0.57599,  0.73281,  0.60175
14836, 5298,  0.10088, -0.03647,  0.08715,  0.6248,  0.53173,  0.66083,  0.54364
14837, 5299,  0.10534, -0.02742,  0.08536,  0.54902,  0.53173,  0.73281,  0.54364
14838, 5299,  0.10534, -0.02742,  0.08536,  0.54902,  0.53173,  0.73281,  0.54364
14839, 5298,  0.10088, -0.03647,  0.08715,  0.6248,  0.53173,  0.66083,  0.54364
14840, 5300,  0.10125, -0.03814,  0.08138,  0.6248,  0.48754,  0.66083,  0.49053
14841, 5299,  0.10534, -0.02742,  0.08536,  0.54902,  0.53173,  0.73281,  0.54364
14842, 5300,  0.10125, -0.03814,  0.08138,  0.6248,  0.48754,  0.66083,  0.49053
14843, 5301,  0.10603, -0.02928,  0.0793,  0.54902,  0.48754,  0.73281,  0.49053
14844, 5301,  0.10603, -0.02928,  0.0793,  0.54902,  0.48754,  0.73281,  0.49053
14845, 5300,  0.10125, -0.03814,  0.08138,  0.6248,  0.48754,  0.66083,  0.49053
14846, 5302,  0.10093, -0.04008,  0.07551,  0.6248,  0.44394,  0.66083,  0.44746
14847, 5301,  0.10603, -0.02928,  0.0793,  0.54902,  0.48754,  0.73281,  0.49053
14848, 5302,  0.10093, -0.04008,  0.07551,  0.6248,  0.44394,  0.66083,  0.44746
14849, 5303,  0.1059, -0.03132,  0.07339,  0.54902,  0.44394,  0.73281,  0.44746
14850, 5303,  0.1059, -0.03132,  0.07339,  0.54902,  0.44394,  0.73281,  0.44746
14851, 5302,  0.10093, -0.04008,  0.07551,  0.6248,  0.44394,  0.66083,  0.44746
14852, 5304,  0.10006, -0.04201,  0.06957,  0.6248,  0.40099,  0.66083,  0.4097
14853, 5303,  0.1059, -0.03132,  0.07339,  0.54902,  0.44394,  0.73281,  0.44746
14854, 5304,  0.10006, -0.04201,  0.06957,  0.6248,  0.40099,  0.66083,  0.4097
14855, 5305,  0.10509, -0.03342,  0.06757,  0.54902,  0.40099,  0.73281,  0.4097
14856, 5305,  0.10509, -0.03342,  0.06757,  0.54902,  0.40099,  0.73281,  0.4097
14857, 5304,  0.10006, -0.04201,  0.06957,  0.6248,  0.40099,  0.66083,  0.4097
14858, 5306,  0.09881, -0.04363,  0.06362,  0.6248,  0.35874,  0.66083,  0.37256
14859, 5305,  0.10509, -0.03342,  0.06757,  0.54902,  0.40099,  0.73281,  0.4097
14860, 5306,  0.09881, -0.04363,  0.06362,  0.6248,  0.35874,  0.66083,  0.37256
14861, 5307,  0.10374, -0.03545,  0.06178,  0.54902,  0.35874,  0.73281,  0.37256
14862, 5307,  0.10374, -0.03545,  0.06178,  0.54902,  0.35874,  0.73281,  0.37256
14863, 5306,  0.09881, -0.04363,  0.06362,  0.6248,  0.35874,  0.66083,  0.37256
14864, 5308,  0.09741, -0.04474,  0.05789,  0.6248,  0.2877,  0.66083,  0.33678
14865, 5307,  0.10374, -0.03545,  0.06178,  0.54902,  0.35874,  0.73281,  0.37256
14866, 5308,  0.09741, -0.04474,  0.05789,  0.6248,  0.2877,  0.66083,  0.33678
14867, 5309,  0.10214, -0.03722,  0.05634,  0.54902,  0.2877,  0.73281,  0.33678
14868, 5309,  0.10214, -0.03722,  0.05634,  0.54902,  0.2877,  0.73281,  0.33678
14869, 5308,  0.09741, -0.04474,  0.05789,  0.6248,  0.2877,  0.66083,  0.33678
14870, 5310,  0.09614, -0.04507,  0.0526,  0.6248,  0.1584,  0.66083,  0.30311
14871, 5309,  0.10214, -0.03722,  0.05634,  0.54902,  0.2877,  0.73281,  0.33678
14872, 5310,  0.09614, -0.04507,  0.0526,  0.6248,  0.1584,  0.66083,  0.30311
14873, 5311,  0.10059, -0.03851,  0.05156,  0.54902,  0.1584,  0.73281,  0.30311
14874, 5311,  0.10059, -0.03851,  0.05156,  0.54902,  0.1584,  0.73281,  0.30311
14875, 5310,  0.09614, -0.04507,  0.0526,  0.6248,  0.1584,  0.66083,  0.30311
14876, 5312,  0.09492, -0.04502,  0.04753,  0.6248, -0.00004,  0.66083,  0.2705
14877, 5311,  0.10059, -0.03851,  0.05156,  0.54902,  0.1584,  0.73281,  0.30311
14878, 5312,  0.09492, -0.04502,  0.04753,  0.6248, -0.00004,  0.66083,  0.2705
14879, 5313,  0.09907, -0.03957,  0.04712,  0.54902, -0.00004,  0.73281,  0.2705
14880, 5314,  0.08147, -0.01346,  0.12179,  0.54902,  0.8328,  0.73281,  0.93007
14881, 5315,  0.07859, -0.02245,  0.12189,  0.6248,  0.8328,  0.66083,  0.93007
14882, 5316,  0.08426, -0.02465,  0.1181,  0.6248,  0.79207,  0.66083,  0.89519
14883, 5314,  0.08147, -0.01346,  0.12179,  0.54902,  0.8328,  0.73281,  0.93007
14884, 5316,  0.08426, -0.02465,  0.1181,  0.6248,  0.79207,  0.66083,  0.89519
14885, 5317,  0.08727, -0.01532,  0.11779,  0.54902,  0.79207,  0.73281,  0.89519
14886, 5317,  0.08727, -0.01532,  0.11779,  0.54902,  0.79207,  0.73281,  0.89519
14887, 5316,  0.08426, -0.02465,  0.1181,  0.6248,  0.79207,  0.66083,  0.89519
14888, 5289,  0.08989, -0.02702,  0.11322,  0.6248,  0.75084,  0.66083,  0.84884
14889, 5317,  0.08727, -0.01532,  0.11779,  0.54902,  0.79207,  0.73281,  0.89519
14890, 5289,  0.08989, -0.02702,  0.11322,  0.6248,  0.75084,  0.66083,  0.84884
14891, 5288,  0.09294, -0.01748,  0.11279,  0.54902,  0.75084,  0.73281,  0.84884
14892, 5315,  0.07859, -0.02245,  0.12189,  0.6248,  0.8328,  0.66083,  0.93007
14893, 5314,  0.08147, -0.01346,  0.12179,  0.54902,  0.8328,  0.73281,  0.93007
14894, 5318,  0.0768, -0.01213,  0.12405,  0.54902,  0.87456,  0.73281,  0.95729
14895, 5315,  0.07859, -0.02245,  0.12189,  0.6248,  0.8328,  0.66083,  0.93007
14896, 5318,  0.0768, -0.01213,  0.12405,  0.54902,  0.87456,  0.73281,  0.95729
14897, 5319,  0.07453, -0.0208,  0.12404,  0.6248,  0.87456,  0.66083,  0.95729
14898, 5320,  0.07094, -0.01939,  0.12518,  0.6248,  0.91493,  0.66083,  0.97612
14899, 5319,  0.07453, -0.0208,  0.12404,  0.6248,  0.87456,  0.66083,  0.95729
14900, 5318,  0.0768, -0.01213,  0.12405,  0.54902,  0.87456,  0.73281,  0.95729
14901, 5320,  0.07094, -0.01939,  0.12518,  0.6248,  0.91493,  0.66083,  0.97612
14902, 5318,  0.0768, -0.01213,  0.12405,  0.54902,  0.87456,  0.73281,  0.95729
14903, 5321,  0.07254, -0.01123,  0.12527,  0.54902,  0.91493,  0.73281,  0.97612
14904, 5320,  0.07094, -0.01939,  0.12518,  0.6248,  0.91493,  0.66083,  0.97612
14905, 5321,  0.07254, -0.01123,  0.12527,  0.54902,  0.91493,  0.73281,  0.97612
14906, 5322,  0.06796, -0.01063,  0.12618,  0.54902,  0.95148,  0.73281,  0.98581
14907, 5320,  0.07094, -0.01939,  0.12518,  0.6248,  0.91493,  0.66083,  0.97612
14908, 5322,  0.06796, -0.01063,  0.12618,  0.54902,  0.95148,  0.73281,  0.98581
14909, 5323,  0.06663, -0.01791,  0.12599,  0.6248,  0.95148,  0.66083,  0.98581
14910, 5324,  0.06196, -0.01638,  0.12663,  0.6248,  0.98613,  0.66083,  0.99093
14911, 5323,  0.06663, -0.01791,  0.12599,  0.6248,  0.95148,  0.66083,  0.98581
14912, 5322,  0.06796, -0.01063,  0.12618,  0.54902,  0.95148,  0.73281,  0.98581
14913, 5324,  0.06196, -0.01638,  0.12663,  0.6248,  0.98613,  0.66083,  0.99093
14914, 5322,  0.06796, -0.01063,  0.12618,  0.54902,  0.95148,  0.73281,  0.98581
14915, 5325,  0.06323, -0.01017,  0.12692,  0.54902,  0.98613,  0.73281,  0.99093
14916, 5326,  0.10966, -0.01293,  0.08706,  0.64504,  0.68835,  0.80048,  0.67672
14917, 5327,  0.10985,  0.00236,  0.08277,  0.54346,  0.68835,  0.704,  0.67672
14918, 5328,  0.10842,  0.00584,  0.08944,  0.54346,  0.71472,  0.704,  0.70486
14919, 5326,  0.10966, -0.01293,  0.08706,  0.64504,  0.68835,  0.80048,  0.67672
14920, 5328,  0.10842,  0.00584,  0.08944,  0.54346,  0.71472,  0.704,  0.70486
14921, 5329,  0.10869, -0.01063,  0.09316,  0.64504,  0.71472,  0.80048,  0.70486
14922, 5329,  0.10869, -0.01063,  0.09316,  0.64504,  0.71472,  0.80048,  0.70486
14923, 5328,  0.10842,  0.00584,  0.08944,  0.54346,  0.71472,  0.704,  0.70486
14924, 5330,  0.10604,  0.00818,  0.09612,  0.54346,  0.74236,  0.704,  0.73436
14925, 5329,  0.10869, -0.01063,  0.09316,  0.64504,  0.71472,  0.80048,  0.70486
14926, 5330,  0.10604,  0.00818,  0.09612,  0.54346,  0.74236,  0.704,  0.73436
14927, 5331,  0.10675, -0.00896,  0.09895,  0.64504,  0.74236,  0.80048,  0.73436
14928, 5326,  0.10966, -0.01293,  0.08706,  0.64504,  0.68835,  0.80048,  0.67672
14929, 5332,  0.11076, -0.002,  0.07606,  0.54346,  0.66392,  0.704,  0.65063
14930, 5327,  0.10985,  0.00236,  0.08277,  0.54346,  0.68835,  0.704,  0.67672
14931, 5326,  0.10966, -0.01293,  0.08706,  0.64504,  0.68835,  0.80048,  0.67672
14932, 5333,  0.11011, -0.01616,  0.08056,  0.64504,  0.66392,  0.80048,  0.65063
14933, 5332,  0.11076, -0.002,  0.07606,  0.54346,  0.66392,  0.704,  0.65063
14934, 5334,  0.10992, -0.01984,  0.07424,  0.64504,  0.64092,  0.80048,  0.62608
14935, 5332,  0.11076, -0.002,  0.07606,  0.54346,  0.66392,  0.704,  0.65063
14936, 5333,  0.11011, -0.01616,  0.08056,  0.64504,  0.66392,  0.80048,  0.65063
14937, 5334,  0.10992, -0.01984,  0.07424,  0.64504,  0.64092,  0.80048,  0.62608
14938, 5335,  0.11088, -0.00686,  0.06987,  0.54346,  0.64092,  0.704,  0.62608
14939, 5332,  0.11076, -0.002,  0.07606,  0.54346,  0.66392,  0.704,  0.65063
14940, 5334,  0.10992, -0.01984,  0.07424,  0.64504,  0.64092,  0.80048,  0.62608
14941, 5336,  0.10997, -0.0118,  0.06474,  0.54346,  0.61886,  0.704,  0.60254
14942, 5335,  0.11088, -0.00686,  0.06987,  0.54346,  0.64092,  0.704,  0.62608
14943, 5334,  0.10992, -0.01984,  0.07424,  0.64504,  0.64092,  0.80048,  0.62608
14944, 5337,  0.10899, -0.02344,  0.06871,  0.64504,  0.61886,  0.80048,  0.60254
14945, 5336,  0.10997, -0.0118,  0.06474,  0.54346,  0.61886,  0.704,  0.60254
14946, 5338,  0.10744, -0.0272,  0.06374,  0.64504,  0.59754,  0.80048,  0.57977
14947, 5336,  0.10997, -0.0118,  0.06474,  0.54346,  0.61886,  0.704,  0.60254
14948, 5337,  0.10899, -0.02344,  0.06871,  0.64504,  0.61886,  0.80048,  0.60254
14949, 5338,  0.10744, -0.0272,  0.06374,  0.64504,  0.59754,  0.80048,  0.57977
14950, 5339,  0.10839, -0.01693,  0.06028,  0.54346,  0.59754,  0.704,  0.57978
14951, 5336,  0.10997, -0.0118,  0.06474,  0.54346,  0.61886,  0.704,  0.60254
14952, 5340,  0.10539, -0.03133,  0.05914,  0.64504,  0.57672,  0.80048,  0.55756
14953, 5339,  0.10839, -0.01693,  0.06028,  0.54346,  0.59754,  0.704,  0.57978
14954, 5338,  0.10744, -0.0272,  0.06374,  0.64504,  0.59754,  0.80048,  0.57977
14955, 5340,  0.10539, -0.03133,  0.05914,  0.64504,  0.57672,  0.80048,  0.55756
14956, 5341,  0.10652, -0.02237,  0.05612,  0.54346,  0.57672,  0.704,  0.55756
14957, 5339,  0.10839, -0.01693,  0.06028,  0.54346,  0.59754,  0.704,  0.57978
14958, 5342,  0.10267, -0.03564,  0.05503,  0.64504,  0.55591,  0.80048,  0.53534
14959, 5341,  0.10652, -0.02237,  0.05612,  0.54346,  0.57672,  0.704,  0.55756
14960, 5340,  0.10539, -0.03133,  0.05914,  0.64504,  0.57672,  0.80048,  0.55756
14961, 5342,  0.10267, -0.03564,  0.05503,  0.64504,  0.55591,  0.80048,  0.53534
14962, 5343,  0.10395, -0.0278,  0.0524,  0.54346,  0.55591,  0.704,  0.53534
14963, 5341,  0.10652, -0.02237,  0.05612,  0.54346,  0.57672,  0.704,  0.55756
14964, 5330,  0.10604,  0.00818,  0.09612,  0.54346,  0.74236,  0.704,  0.73436
14965, 5344,  0.10345, -0.0076,  0.10448,  0.64504,  0.77063,  0.80048,  0.76454
14966, 5331,  0.10675, -0.00896,  0.09895,  0.64504,  0.74236,  0.80048,  0.73436
14967, 5330,  0.10604,  0.00818,  0.09612,  0.54346,  0.74236,  0.704,  0.73436
14968, 5345,  0.10234,  0.00915,  0.10285,  0.54346,  0.77063,  0.704,  0.76454
14969, 5344,  0.10345, -0.0076,  0.10448,  0.64504,  0.77063,  0.80048,  0.76454
14970, 5346,  0.0977,  0.00889,  0.10927,  0.54346,  0.79714,  0.704,  0.79284
14971, 5344,  0.10345, -0.0076,  0.10448,  0.64504,  0.77063,  0.80048,  0.76454
14972, 5345,  0.10234,  0.00915,  0.10285,  0.54346,  0.77063,  0.704,  0.76454
14973, 5346,  0.0977,  0.00889,  0.10927,  0.54346,  0.79714,  0.704,  0.79284
14974, 5347,  0.09881, -0.00671,  0.10987,  0.64504,  0.79714,  0.80048,  0.79284
14975, 5344,  0.10345, -0.0076,  0.10448,  0.64504,  0.77063,  0.80048,  0.76454
14976, 5348,  0.09909, -0.03991,  0.0515,  0.64504,  0.53457,  0.80048,  0.51257
14977, 5343,  0.10395, -0.0278,  0.0524,  0.54346,  0.55591,  0.704,  0.53534
14978, 5342,  0.10267, -0.03564,  0.05503,  0.64504,  0.55591,  0.80048,  0.53534
14979, 5348,  0.09909, -0.03991,  0.0515,  0.64504,  0.53457,  0.80048,  0.51257
14980, 5349,  0.10031, -0.03288,  0.04928,  0.54346,  0.53457,  0.704,  0.51257
14981, 5343,  0.10395, -0.0278,  0.0524,  0.54346,  0.55591,  0.704,  0.53534
14982, 5350,  0.09469, -0.04357,  0.04817,  0.64504,  0.51267,  0.80048,  0.48919
14983, 5349,  0.10031, -0.03288,  0.04928,  0.54346,  0.53457,  0.704,  0.51257
14984, 5348,  0.09909, -0.03991,  0.0515,  0.64504,  0.53457,  0.80048,  0.51257
14985, 5350,  0.09469, -0.04357,  0.04817,  0.64504,  0.51267,  0.80048,  0.48919
14986, 5351,  0.09583, -0.03737,  0.04628,  0.54346,  0.51267,  0.704,  0.48919
14987, 5349,  0.10031, -0.03288,  0.04928,  0.54346,  0.53457,  0.704,  0.51257
14988, 5352,  0.09254,  0.00754,  0.11499,  0.54346,  0.81949,  0.704,  0.81669
14989, 5347,  0.09881, -0.00671,  0.10987,  0.64504,  0.79714,  0.80048,  0.79284
14990, 5346,  0.0977,  0.00889,  0.10927,  0.54346,  0.79714,  0.704,  0.79284
14991, 5352,  0.09254,  0.00754,  0.11499,  0.54346,  0.81949,  0.704,  0.81669
14992, 5353,  0.0929, -0.00645,  0.11521,  0.64504,  0.81949,  0.80048,  0.81669
14993, 5347,  0.09881, -0.00671,  0.10987,  0.64504,  0.79714,  0.80048,  0.79284
14994, 5354,  0.08691,  0.0057,  0.11973,  0.54346,  0.8387,  0.704,  0.8372
14995, 5353,  0.0929, -0.00645,  0.11521,  0.64504,  0.81949,  0.80048,  0.81669
14996, 5352,  0.09254,  0.00754,  0.11499,  0.54346,  0.81949,  0.704,  0.81669
14997, 5354,  0.08691,  0.0057,  0.11973,  0.54346,  0.8387,  0.704,  0.8372
14998, 5355,  0.08666, -0.00655,  0.11975,  0.64504,  0.8387,  0.80048,  0.8372
14999, 5353,  0.0929, -0.00645,  0.11521,  0.64504,  0.81949,  0.80048,  0.81669
15000, 5351,  0.09583, -0.03737,  0.04628,  0.54346,  0.51267,  0.704,  0.48919
15001, 5350,  0.09469, -0.04357,  0.04817,  0.64504,  0.51267,  0.80048,  0.48919
15002, 5356,  0.08948, -0.04602,  0.04467,  0.64504,  0.49015,  0.80048,  0.46515
15003, 5351,  0.09583, -0.03737,  0.04628,  0.54346,  0.51267,  0.704,  0.48919
15004, 5356,  0.08948, -0.04602,  0.04467,  0.64504,  0.49015,  0.80048,  0.46515
15005, 5357,  0.09073, -0.04099,  0.04288,  0.54346,  0.49015,  0.704,  0.46515
15006, 5357,  0.09073, -0.04099,  0.04288,  0.54346,  0.49015,  0.704,  0.46515
15007, 5356,  0.08948, -0.04602,  0.04467,  0.64504,  0.49015,  0.80048,  0.46515
15008, 5358,  0.08381, -0.04774,  0.04099,  0.64504,  0.46678,  0.80048,  0.4402
15009, 5357,  0.09073, -0.04099,  0.04288,  0.54346,  0.49015,  0.704,  0.46515
15010, 5358,  0.08381, -0.04774,  0.04099,  0.64504,  0.46678,  0.80048,  0.4402
15011, 5359,  0.08556, -0.0437,  0.03933,  0.54346,  0.46678,  0.704,  0.4402
15012, 5359,  0.08556, -0.0437,  0.03933,  0.54346,  0.46678,  0.704,  0.4402
15013, 5358,  0.08381, -0.04774,  0.04099,  0.64504,  0.46678,  0.80048,  0.4402
15014, 5360,  0.07804, -0.04918,  0.03713,  0.64504,  0.44236,  0.80048,  0.41414
15015, 5359,  0.08556, -0.0437,  0.03933,  0.54346,  0.46678,  0.704,  0.4402
15016, 5360,  0.07804, -0.04918,  0.03713,  0.64504,  0.44236,  0.80048,  0.41414
15017, 5361,  0.08085, -0.04542,  0.03588,  0.54346,  0.44236,  0.704,  0.41414
15018, 5361,  0.08085, -0.04542,  0.03588,  0.54346,  0.44236,  0.704,  0.41414
15019, 5360,  0.07804, -0.04918,  0.03713,  0.64504,  0.44236,  0.80048,  0.41414
15020, 5362,  0.07291, -0.05034,  0.03337,  0.64504,  0.41797,  0.80048,  0.38811
15021, 5361,  0.08085, -0.04542,  0.03588,  0.54346,  0.44236,  0.704,  0.41414
15022, 5362,  0.07291, -0.05034,  0.03337,  0.64504,  0.41797,  0.80048,  0.38811
15023, 5363,  0.07681, -0.04654,  0.03254,  0.54346,  0.41797,  0.704,  0.38811
15024, 5363,  0.07681, -0.04654,  0.03254,  0.54346,  0.41797,  0.704,  0.38811
15025, 5362,  0.07291, -0.05034,  0.03337,  0.64504,  0.41797,  0.80048,  0.38811
15026, 5364,  0.0692, -0.05122,  0.02999,  0.64504,  0.39471,  0.80048,  0.36328
15027, 5363,  0.07681, -0.04654,  0.03254,  0.54346,  0.41797,  0.704,  0.38811
15028, 5364,  0.0692, -0.05122,  0.02999,  0.64504,  0.39471,  0.80048,  0.36328
15029, 5365,  0.0736, -0.04745,  0.02933,  0.54346,  0.39471,  0.704,  0.36328
15030, 5365,  0.0736, -0.04745,  0.02933,  0.54346,  0.39471,  0.704,  0.36328
15031, 5364,  0.0692, -0.05122,  0.02999,  0.64504,  0.39471,  0.80048,  0.36328
15032, 5366,  0.06648, -0.0518,  0.02668,  0.64504,  0.37554,  0.80048,  0.34282
15033, 5365,  0.0736, -0.04745,  0.02933,  0.54346,  0.39471,  0.704,  0.36328
15034, 5366,  0.06648, -0.0518,  0.02668,  0.64504,  0.37554,  0.80048,  0.34282
15035, 5367,  0.0711, -0.04807,  0.02613,  0.54346,  0.37554,  0.704,  0.34282
15036, 5367,  0.0711, -0.04807,  0.02613,  0.54346,  0.37554,  0.704,  0.34282
15037, 5366,  0.06648, -0.0518,  0.02668,  0.64504,  0.37554,  0.80048,  0.34282
15038, 5368,  0.06434, -0.05205,  0.02311,  0.64504,  0.36343,  0.80048,  0.32989
15039, 5367,  0.0711, -0.04807,  0.02613,  0.54346,  0.37554,  0.704,  0.34282
15040, 5368,  0.06434, -0.05205,  0.02311,  0.64504,  0.36343,  0.80048,  0.32989
15041, 5369,  0.06914, -0.04831,  0.02282,  0.54346,  0.36343,  0.704,  0.32989
15042, 5369,  0.06914, -0.04831,  0.02282,  0.54346,  0.36343,  0.704,  0.32989
15043, 5368,  0.06434, -0.05205,  0.02311,  0.64504,  0.36343,  0.80048,  0.32989
15044, 5370,  0.06291, -0.05201,  0.01958,  0.64504,  0.35592,  0.80048,  0.32187
15045, 5369,  0.06914, -0.04831,  0.02282,  0.54346,  0.36343,  0.704,  0.32989
15046, 5370,  0.06291, -0.05201,  0.01958,  0.64504,  0.35592,  0.80048,  0.32187
15047, 5371,  0.06773, -0.04828,  0.01962,  0.54346,  0.35592,  0.704,  0.32187
15048, 5371,  0.06773, -0.04828,  0.01962,  0.54346,  0.35592,  0.704,  0.32187
15049, 5370,  0.06291, -0.05201,  0.01958,  0.64504,  0.35592,  0.80048,  0.32187
15050, 5372,  0.0623, -0.0517,  0.01637,  0.64504,  0.35056,  0.80048,  0.31615
15051, 5371,  0.06773, -0.04828,  0.01962,  0.54346,  0.35592,  0.704,  0.32187
15052, 5372,  0.0623, -0.0517,  0.01637,  0.64504,  0.35056,  0.80048,  0.31615
15053, 5373,  0.06686, -0.0481,  0.01673,  0.54346,  0.35056,  0.704,  0.31615
15054, 5373,  0.06686, -0.0481,  0.01673,  0.54346,  0.35056,  0.704,  0.31615
15055, 5372,  0.0623, -0.0517,  0.01637,  0.64504,  0.35056,  0.80048,  0.31615
15056, 5374,  0.06247, -0.05094,  0.01349,  0.64504,  0.34627,  0.80048,  0.31157
15057, 5373,  0.06686, -0.0481,  0.01673,  0.54346,  0.35056,  0.704,  0.31615
15058, 5374,  0.06247, -0.05094,  0.01349,  0.64504,  0.34627,  0.80048,  0.31157
15059, 5375,  0.06656, -0.04765,  0.01416,  0.54346,  0.34627,  0.704,  0.31157
15060, 5375,  0.06656, -0.04765,  0.01416,  0.54346,  0.34627,  0.704,  0.31157
15061, 5374,  0.06247, -0.05094,  0.01349,  0.64504,  0.34627,  0.80048,  0.31157
15062, 5376,  0.06338, -0.04951,  0.01097,  0.64504,  0.34197,  0.80048,  0.30699
15063, 5375,  0.06656, -0.04765,  0.01416,  0.54346,  0.34627,  0.704,  0.31157
15064, 5376,  0.06338, -0.04951,  0.01097,  0.64504,  0.34197,  0.80048,  0.30699
15065, 5377,  0.06687, -0.04685,  0.01191,  0.54346,  0.34197,  0.704,  0.30699
15066, 5377,  0.06687, -0.04685,  0.01191,  0.54346,  0.34197,  0.704,  0.30699
15067, 5376,  0.06338, -0.04951,  0.01097,  0.64504,  0.34197,  0.80048,  0.30699
15068, 5378,  0.06483, -0.04763,  0.00872,  0.64504,  0.2968,  0.80048,  0.29164
15069, 5377,  0.06687, -0.04685,  0.01191,  0.54346,  0.34197,  0.704,  0.30699
15070, 5378,  0.06483, -0.04763,  0.00872,  0.64504,  0.2968,  0.80048,  0.29164
15071, 5379,  0.06762, -0.0457,  0.00988,  0.54346,  0.2968,  0.704,  0.29164
15072, 5379,  0.06762, -0.0457,  0.00988,  0.54346,  0.2968,  0.704,  0.29164
15073, 5378,  0.06483, -0.04763,  0.00872,  0.64504,  0.2968,  0.80048,  0.29164
15074, 5380,  0.06662, -0.04554,  0.00667,  0.64504,  0.16985,  0.80048,  0.25476
15075, 5379,  0.06762, -0.0457,  0.00988,  0.54346,  0.2968,  0.704,  0.29164
15076, 5380,  0.06662, -0.04554,  0.00667,  0.64504,  0.16985,  0.80048,  0.25476
15077, 5381,  0.06864, -0.04421,  0.00793,  0.54346,  0.16985,  0.704,  0.25476
15078, 5381,  0.06864, -0.04421,  0.00793,  0.54346,  0.16985,  0.704,  0.25476
15079, 5380,  0.06662, -0.04554,  0.00667,  0.64504,  0.16985,  0.80048,  0.25476
15080, 5382,  0.0686, -0.04334,  0.00472,  0.64504,  0.00202,  0.80048,  0.20712
15081, 5381,  0.06864, -0.04421,  0.00793,  0.54346,  0.16985,  0.704,  0.25476
15082, 5382,  0.0686, -0.04334,  0.00472,  0.64504,  0.00202,  0.80048,  0.20712
15083, 5383,  0.0698, -0.04256,  0.00602,  0.54346,  0.00202,  0.704,  0.20712
15084, 5384,  0.06422, -0.0082,  0.12834,  0.64504,  0.98611,  0.80048,  0.90955
15085, 5385,  0.06996, -0.00756,  0.12663,  0.64504,  0.929,  0.80048,  0.89109
15086, 5386,  0.06912,  0.00103,  0.12698,  0.54346,  0.929,  0.704,  0.89109
15087, 5384,  0.06422, -0.0082,  0.12834,  0.64504,  0.98611,  0.80048,  0.90955
15088, 5386,  0.06912,  0.00103,  0.12698,  0.54346,  0.929,  0.704,  0.89109
15089, 5387,  0.06364, -0.00019,  0.12791,  0.54346,  0.98611,  0.704,  0.90955
15090, 5388,  0.0756, -0.00704,  0.1248,  0.64504,  0.88215,  0.80048,  0.87295
15091, 5386,  0.06912,  0.00103,  0.12698,  0.54346,  0.929,  0.704,  0.89109
15092, 5385,  0.06996, -0.00756,  0.12663,  0.64504,  0.929,  0.80048,  0.89109
15093, 5388,  0.0756, -0.00704,  0.1248,  0.64504,  0.88215,  0.80048,  0.87295
15094, 5389,  0.07479,  0.00237,  0.12557,  0.54346,  0.88215,  0.704,  0.87295
15095, 5386,  0.06912,  0.00103,  0.12698,  0.54346,  0.929,  0.704,  0.89109
15096, 5389,  0.07479,  0.00237,  0.12557,  0.54346,  0.88215,  0.704,  0.87295
15097, 5388,  0.0756, -0.00704,  0.1248,  0.64504,  0.88215,  0.80048,  0.87295
15098, 5390,  0.08103, -0.00672,  0.12273,  0.64504,  0.85582,  0.80048,  0.85547
15099, 5389,  0.07479,  0.00237,  0.12557,  0.54346,  0.88215,  0.704,  0.87295
15100, 5390,  0.08103, -0.00672,  0.12273,  0.64504,  0.85582,  0.80048,  0.85547
15101, 5391,  0.08086,  0.00395,  0.12321,  0.54346,  0.85582,  0.704,  0.85547
15102, 5391,  0.08086,  0.00395,  0.12321,  0.54346,  0.85582,  0.704,  0.85547
15103, 5390,  0.08103, -0.00672,  0.12273,  0.64504,  0.85582,  0.80048,  0.85547
15104, 5355,  0.08666, -0.00655,  0.11975,  0.64504,  0.8387,  0.80048,  0.8372
15105, 5391,  0.08086,  0.00395,  0.12321,  0.54346,  0.85582,  0.704,  0.85547
15106, 5355,  0.08666, -0.00655,  0.11975,  0.64504,  0.8387,  0.80048,  0.8372
15107, 5354,  0.08691,  0.0057,  0.11973,  0.54346,  0.8387,  0.704,  0.8372
15108, 5392,  0.06223,  0.06183,  0.02773,  0.65456,  0.28337,  0.10907,  0.33391
15109, 5393,  0.05671,  0.06525,  0.03129,  0.54783,  0.28337,  0.0077,  0.33391
15110, 5394,  0.06012,  0.06494,  0.03719,  0.54783,  0.33718,  0.0077,  0.36493
15111, 5392,  0.06223,  0.06183,  0.02773,  0.65456,  0.28337,  0.10907,  0.33391
15112, 5394,  0.06012,  0.06494,  0.03719,  0.54783,  0.33718,  0.0077,  0.36493
15113, 5395,  0.06669,  0.06047,  0.03358,  0.65456,  0.33718,  0.10907,  0.36493
15114, 5395,  0.06669,  0.06047,  0.03358,  0.65456,  0.33718,  0.10907,  0.36493
15115, 5394,  0.06012,  0.06494,  0.03719,  0.54783,  0.33718,  0.0077,  0.36493
15116, 5396,  0.06322,  0.06466,  0.04345,  0.54783,  0.38578,  0.0077,  0.39272
15117, 5395,  0.06669,  0.06047,  0.03358,  0.65456,  0.33718,  0.10907,  0.36493
15118, 5396,  0.06322,  0.06466,  0.04345,  0.54783,  0.38578,  0.0077,  0.39272
15119, 5397,  0.07108,  0.05929,  0.03968,  0.65456,  0.38578,  0.10907,  0.39272
15120, 5396,  0.06322,  0.06466,  0.04345,  0.54783,  0.38578,  0.0077,  0.39272
15121, 5398,  0.07556,  0.05843,  0.04604,  0.65456,  0.42286,  0.10907,  0.42286
15122, 5397,  0.07108,  0.05929,  0.03968,  0.65456,  0.38578,  0.10907,  0.39272
15123, 5396,  0.06322,  0.06466,  0.04345,  0.54783,  0.38578,  0.0077,  0.39272
15124, 5399,  0.06607,  0.06429,  0.05016,  0.54783,  0.42286,  0.0077,  0.42286
15125, 5398,  0.07556,  0.05843,  0.04604,  0.65456,  0.42286,  0.10907,  0.42286
15126, 5400,  0.07914,  0.05765,  0.05256,  0.65456,  0.45428,  0.10907,  0.45428
15127, 5398,  0.07556,  0.05843,  0.04604,  0.65456,  0.42286,  0.10907,  0.42286
15128, 5399,  0.06607,  0.06429,  0.05016,  0.54783,  0.42286,  0.0077,  0.42286
15129, 5400,  0.07914,  0.05765,  0.05256,  0.65456,  0.45428,  0.10907,  0.45428
15130, 5399,  0.06607,  0.06429,  0.05016,  0.54783,  0.42286,  0.0077,  0.42286
15131, 5401,  0.06836,  0.06376,  0.05708,  0.54783,  0.45428,  0.0077,  0.45428
15132, 5401,  0.06836,  0.06376,  0.05708,  0.54783,  0.45428,  0.0077,  0.45428
15133, 5402,  0.08085,  0.0567,  0.05914,  0.65456,  0.48593,  0.10907,  0.48593
15134, 5400,  0.07914,  0.05765,  0.05256,  0.65456,  0.45428,  0.10907,  0.45428
15135, 5401,  0.06836,  0.06376,  0.05708,  0.54783,  0.45428,  0.0077,  0.45428
15136, 5403,  0.06976,  0.063,  0.06396,  0.54783,  0.48593,  0.0077,  0.48593
15137, 5402,  0.08085,  0.0567,  0.05914,  0.65456,  0.48593,  0.10907,  0.48593
15138, 5404,  0.07085,  0.06194,  0.07066,  0.54783,  0.51806,  0.0077,  0.51806
15139, 5402,  0.08085,  0.0567,  0.05914,  0.65456,  0.48593,  0.10907,  0.48593
15140, 5403,  0.06976,  0.063,  0.06396,  0.54783,  0.48593,  0.0077,  0.48593
15141, 5404,  0.07085,  0.06194,  0.07066,  0.54783,  0.51806,  0.0077,  0.51806
15142, 5405,  0.08168,  0.0556,  0.06573,  0.65456,  0.51806,  0.10907,  0.51806
15143, 5402,  0.08085,  0.0567,  0.05914,  0.65456,  0.48593,  0.10907,  0.48593
15144, 5406,  0.0722,  0.06049,  0.07706,  0.54783,  0.55092,  0.0077,  0.55092
15145, 5405,  0.08168,  0.0556,  0.06573,  0.65456,  0.51806,  0.10907,  0.51806
15146, 5404,  0.07085,  0.06194,  0.07066,  0.54783,  0.51806,  0.0077,  0.51806
15147, 5406,  0.0722,  0.06049,  0.07706,  0.54783,  0.55092,  0.0077,  0.55092
15148, 5407,  0.08264,  0.05433,  0.07232,  0.65456,  0.55092,  0.10907,  0.55092
15149, 5405,  0.08168,  0.0556,  0.06573,  0.65456,  0.51806,  0.10907,  0.51806
15150, 5408,  0.07363,  0.05861,  0.0832,  0.54783,  0.58397,  0.0077,  0.58397
15151, 5407,  0.08264,  0.05433,  0.07232,  0.65456,  0.55092,  0.10907,  0.55092
15152, 5406,  0.0722,  0.06049,  0.07706,  0.54783,  0.55092,  0.0077,  0.55092
15153, 5408,  0.07363,  0.05861,  0.0832,  0.54783,  0.58397,  0.0077,  0.58397
15154, 5409,  0.08366,  0.05279,  0.0788,  0.65456,  0.58397,  0.10907,  0.58397
15155, 5407,  0.08264,  0.05433,  0.07232,  0.65456,  0.55092,  0.10907,  0.55092
15156, 5410,  0.07497,  0.05624,  0.08909,  0.54783,  0.61668,  0.0077,  0.61668
15157, 5409,  0.08366,  0.05279,  0.0788,  0.65456,  0.58397,  0.10907,  0.58397
15158, 5408,  0.07363,  0.05861,  0.0832,  0.54783,  0.58397,  0.0077,  0.58397
15159, 5410,  0.07497,  0.05624,  0.08909,  0.54783,  0.61668,  0.0077,  0.61668
15160, 5411,  0.08469,  0.05086,  0.08508,  0.65456,  0.61668,  0.10907,  0.61668
15161, 5409,  0.08366,  0.05279,  0.0788,  0.65456,  0.58397,  0.10907,  0.58397
15162, 5412,  0.07605,  0.05342,  0.09471,  0.54783,  0.64921,  0.0077,  0.64921
15163, 5411,  0.08469,  0.05086,  0.08508,  0.65456,  0.61668,  0.10907,  0.61668
15164, 5410,  0.07497,  0.05624,  0.08909,  0.54783,  0.61668,  0.0077,  0.61668
15165, 5412,  0.07605,  0.05342,  0.09471,  0.54783,  0.64921,  0.0077,  0.64921
15166, 5413,  0.08568,  0.04837,  0.09126,  0.65456,  0.64921,  0.10907,  0.64921
15167, 5411,  0.08469,  0.05086,  0.08508,  0.65456,  0.61668,  0.10907,  0.61668
15168, 5414,  0.07668,  0.05017,  0.10001,  0.54783,  0.68176,  0.0077,  0.68176
15169, 5413,  0.08568,  0.04837,  0.09126,  0.65456,  0.64921,  0.10907,  0.64921
15170, 5412,  0.07605,  0.05342,  0.09471,  0.54783,  0.64921,  0.0077,  0.64921
15171, 5414,  0.07668,  0.05017,  0.10001,  0.54783,  0.68176,  0.0077,  0.68176
15172, 5415,  0.08659,  0.04516,  0.09746,  0.65456,  0.68176,  0.10907,  0.68176
15173, 5413,  0.08568,  0.04837,  0.09126,  0.65456,  0.64921,  0.10907,  0.64921
15174, 5416,  0.07686,  0.04652,  0.1048,  0.54783,  0.71371,  0.0077,  0.71371
15175, 5415,  0.08659,  0.04516,  0.09746,  0.65456,  0.68176,  0.10907,  0.68176
15176, 5414,  0.07668,  0.05017,  0.10001,  0.54783,  0.68176,  0.0077,  0.68176
15177, 5416,  0.07686,  0.04652,  0.1048,  0.54783,  0.71371,  0.0077,  0.71371
15178, 5417,  0.08697,  0.04134,  0.10319,  0.65456,  0.71371,  0.10907,  0.71371
15179, 5415,  0.08659,  0.04516,  0.09746,  0.65456,  0.68176,  0.10907,  0.68176
15180, 5418,  0.07657,  0.0425,  0.10887,  0.54783,  0.74448,  0.0077,  0.74448
15181, 5417,  0.08697,  0.04134,  0.10319,  0.65456,  0.71371,  0.10907,  0.71371
15182, 5416,  0.07686,  0.04652,  0.1048,  0.54783,  0.71371,  0.0077,  0.71371
15183, 5418,  0.07657,  0.0425,  0.10887,  0.54783,  0.74448,  0.0077,  0.74448
15184, 5419,  0.08633,  0.037,  0.10793,  0.65456,  0.74448,  0.10907,  0.74448
15185, 5417,  0.08697,  0.04134,  0.10319,  0.65456,  0.71371,  0.10907,  0.71371
15186, 5420,  0.07574,  0.03815,  0.11258,  0.54783,  0.77377,  0.0077,  0.77377
15187, 5419,  0.08633,  0.037,  0.10793,  0.65456,  0.74448,  0.10907,  0.74448
15188, 5418,  0.07657,  0.0425,  0.10887,  0.54783,  0.74448,  0.0077,  0.74448
15189, 5420,  0.07574,  0.03815,  0.11258,  0.54783,  0.77377,  0.0077,  0.77377
15190, 5421,  0.08472,  0.0323,  0.11207,  0.65456,  0.77377,  0.10907,  0.77377
15191, 5419,  0.08633,  0.037,  0.10793,  0.65456,  0.74448,  0.10907,  0.74448
15192, 5421,  0.08472,  0.0323,  0.11207,  0.65456,  0.77377,  0.10907,  0.77377
15193, 5420,  0.07574,  0.03815,  0.11258,  0.54783,  0.77377,  0.0077,  0.77377
15194, 5422,  0.07429,  0.03352,  0.11628,  0.54783,  0.80131,  0.0077,  0.80131
15195, 5421,  0.08472,  0.0323,  0.11207,  0.65456,  0.77377,  0.10907,  0.77377
15196, 5422,  0.07429,  0.03352,  0.11628,  0.54783,  0.80131,  0.0077,  0.80131
15197, 5423,  0.08216,  0.02734,  0.11599,  0.65456,  0.80131,  0.10907,  0.80131
15198, 5423,  0.08216,  0.02734,  0.11599,  0.65456,  0.80131,  0.10907,  0.80131
15199, 5422,  0.07429,  0.03352,  0.11628,  0.54783,  0.80131,  0.0077,  0.80131
15200, 5424,  0.07238,  0.02883,  0.11973,  0.54783,  0.82755,  0.0077,  0.82755
15201, 5423,  0.08216,  0.02734,  0.11599,  0.65456,  0.80131,  0.10907,  0.80131
15202, 5424,  0.07238,  0.02883,  0.11973,  0.54783,  0.82755,  0.0077,  0.82755
15203, 5425,  0.07895,  0.02212,  0.1197,  0.65456,  0.82755,  0.10907,  0.82755
15204, 5424,  0.07238,  0.02883,  0.11973,  0.54783,  0.82755,  0.0077,  0.82755
15205, 5426,  0.07536,  0.01662,  0.12319,  0.65456,  0.85295,  0.10907,  0.85295
15206, 5425,  0.07895,  0.02212,  0.1197,  0.65456,  0.82755,  0.10907,  0.82755
15207, 5424,  0.07238,  0.02883,  0.11973,  0.54783,  0.82755,  0.0077,  0.82755
15208, 5427,  0.07019,  0.02431,  0.1227,  0.54783,  0.85295,  0.0077,  0.85295
15209, 5426,  0.07536,  0.01662,  0.12319,  0.65456,  0.85295,  0.10907,  0.85295
15210, 5428,  0.0714,  0.01137,  0.1259,  0.65456,  0.88627,  0.10907,  0.87795
15211, 5426,  0.07536,  0.01662,  0.12319,  0.65456,  0.85295,  0.10907,  0.85295
15212, 5427,  0.07019,  0.02431,  0.1227,  0.54783,  0.85295,  0.0077,  0.85295
15213, 5428,  0.0714,  0.01137,  0.1259,  0.65456,  0.88627,  0.10907,  0.87795
15214, 5427,  0.07019,  0.02431,  0.1227,  0.54783,  0.85295,  0.0077,  0.85295
15215, 5429,  0.06782,  0.01994,  0.12492,  0.54783,  0.88627,  0.0077,  0.87795
15216, 5429,  0.06782,  0.01994,  0.12492,  0.54783,  0.88627,  0.0077,  0.87795
15217, 5430,  0.06707,  0.00691,  0.12728,  0.65456,  0.93624,  0.10907,  0.90298
15218, 5428,  0.0714,  0.01137,  0.1259,  0.65456,  0.88627,  0.10907,  0.87795
15219, 5429,  0.06782,  0.01994,  0.12492,  0.54783,  0.88627,  0.0077,  0.87795
15220, 5431,  0.06537,  0.0157,  0.1261,  0.54783,  0.93624,  0.0077,  0.90298
15221, 5430,  0.06707,  0.00691,  0.12728,  0.65456,  0.93624,  0.10907,  0.90298
15222, 5432,  0.06288,  0.01153,  0.12677,  0.54783,  0.99455,  0.0077,  0.92802
15223, 5430,  0.06707,  0.00691,  0.12728,  0.65456,  0.93624,  0.10907,  0.90298
15224, 5431,  0.06537,  0.0157,  0.1261,  0.54783,  0.93624,  0.0077,  0.90298
15225, 5432,  0.06288,  0.01153,  0.12677,  0.54783,  0.99455,  0.0077,  0.92802
15226, 5433,  0.06255,  0.00286,  0.12799,  0.65456,  0.99455,  0.10907,  0.92802
15227, 5430,  0.06707,  0.00691,  0.12728,  0.65456,  0.93624,  0.10907,  0.90298
15228, 5434,  0.04887,  0.06632,  0.02034,  0.54783,  0.1695,  0.0077,  0.24093
15229, 5435,  0.05275,  0.06461,  0.0169,  0.65456,  0.1695,  0.10907,  0.24093
15230, 5436,  0.0478,  0.06598,  0.01222,  0.65456,  0.09027,  0.10907,  0.16991
15231, 5434,  0.04887,  0.06632,  0.02034,  0.54783,  0.1695,  0.0077,  0.24093
15232, 5436,  0.0478,  0.06598,  0.01222,  0.65456,  0.09027,  0.10907,  0.16991
15233, 5437,  0.04462,  0.06722,  0.01551,  0.54783,  0.09027,  0.0077,  0.16991
15234, 5437,  0.04462,  0.06722,  0.01551,  0.54783,  0.09027,  0.0077,  0.16991
15235, 5436,  0.0478,  0.06598,  0.01222,  0.65456,  0.09027,  0.10907,  0.16991
15236, 5438,  0.04278,  0.06734,  0.00781,  0.65456,  0.00202,  0.10907,  0.08997
15237, 5437,  0.04462,  0.06722,  0.01551,  0.54783,  0.09027,  0.0077,  0.16991
15238, 5438,  0.04278,  0.06734,  0.00781,  0.65456,  0.00202,  0.10907,  0.08997
15239, 5439,  0.04027,  0.06826,  0.01092,  0.54783,  0.00202,  0.0077,  0.08997
15240, 5435,  0.05275,  0.06461,  0.0169,  0.65456,  0.1695,  0.10907,  0.24093
15241, 5434,  0.04887,  0.06632,  0.02034,  0.54783,  0.1695,  0.0077,  0.24093
15242, 5440,  0.05293,  0.06568,  0.02564,  0.54783,  0.23067,  0.0077,  0.29409
15243, 5435,  0.05275,  0.06461,  0.0169,  0.65456,  0.1695,  0.10907,  0.24093
15244, 5440,  0.05293,  0.06568,  0.02564,  0.54783,  0.23067,  0.0077,  0.29409
15245, 5441,  0.05758,  0.06322,  0.02212,  0.65456,  0.23067,  0.10907,  0.29409
15246, 5392,  0.06223,  0.06183,  0.02773,  0.65456,  0.28337,  0.10907,  0.33391
15247, 5441,  0.05758,  0.06322,  0.02212,  0.65456,  0.23067,  0.10907,  0.29409
15248, 5440,  0.05293,  0.06568,  0.02564,  0.54783,  0.23067,  0.0077,  0.29409
15249, 5392,  0.06223,  0.06183,  0.02773,  0.65456,  0.28337,  0.10907,  0.33391
15250, 5440,  0.05293,  0.06568,  0.02564,  0.54783,  0.23067,  0.0077,  0.29409
15251, 5393,  0.05671,  0.06525,  0.03129,  0.54783,  0.28337,  0.0077,  0.33391
15252, 5442,  0.04704,  0.06579,  0.0566,  0.54691,  0.60613,  1.00683,  0.54697
15253, 5443,  0.05472,  0.06538,  0.05615,  0.60087,  0.60613,  1.05808,  0.54697
15254, 5444,  0.05133,  0.06584,  0.04795,  0.60087,  0.57855,  1.05808,  0.51179
15255, 5442,  0.04704,  0.06579,  0.0566,  0.54691,  0.60613,  1.00683,  0.54697
15256, 5444,  0.05133,  0.06584,  0.04795,  0.60087,  0.57855,  1.05808,  0.51179
15257, 5445,  0.044,  0.06559,  0.04823,  0.54691,  0.57855,  1.00683,  0.51179
15258, 5445,  0.044,  0.06559,  0.04823,  0.54691,  0.57855,  1.00683,  0.51179
15259, 5444,  0.05133,  0.06584,  0.04795,  0.60087,  0.57855,  1.05808,  0.51179
15260, 5446,  0.04803,  0.0658,  0.03996,  0.60087,  0.55091,  1.05808,  0.48963
15261, 5445,  0.044,  0.06559,  0.04823,  0.54691,  0.57855,  1.00683,  0.51179
15262, 5446,  0.04803,  0.0658,  0.03996,  0.60087,  0.55091,  1.05808,  0.48963
15263, 5447,  0.04101,  0.06489,  0.04012,  0.54691,  0.55091,  1.00683,  0.48963
15264, 5448,  0.04997,  0.06581,  0.06488,  0.54691,  0.63365,  1.00683,  0.60821
15265, 5443,  0.05472,  0.06538,  0.05615,  0.60087,  0.60613,  1.05808,  0.54697
15266, 5442,  0.04704,  0.06579,  0.0566,  0.54691,  0.60613,  1.00683,  0.54697
15267, 5448,  0.04997,  0.06581,  0.06488,  0.54691,  0.63365,  1.00683,  0.60821
15268, 5449,  0.05801,  0.06437,  0.06421,  0.60087,  0.63365,  1.05808,  0.60821
15269, 5443,  0.05472,  0.06538,  0.05615,  0.60087,  0.60613,  1.05808,  0.54697
15270, 5450,  0.05279,  0.06543,  0.07277,  0.54691,  0.66106,  1.00683,  0.66936
15271, 5449,  0.05801,  0.06437,  0.06421,  0.60087,  0.63365,  1.05808,  0.60821
15272, 5448,  0.04997,  0.06581,  0.06488,  0.54691,  0.63365,  1.00683,  0.60821
15273, 5450,  0.05279,  0.06543,  0.07277,  0.54691,  0.66106,  1.00683,  0.66936
15274, 5451,  0.06106,  0.06294,  0.07186,  0.60087,  0.66106,  1.05808,  0.66936
15275, 5449,  0.05801,  0.06437,  0.06421,  0.60087,  0.63365,  1.05808,  0.60821
15276, 5447,  0.04101,  0.06489,  0.04012,  0.54691,  0.55091,  1.00683,  0.48963
15277, 5446,  0.04803,  0.0658,  0.03996,  0.60087,  0.55091,  1.05808,  0.48963
15278, 5452,  0.04498,  0.06535,  0.03258,  0.60087,  0.52322,  1.05808,  0.46743
15279, 5447,  0.04101,  0.06489,  0.04012,  0.54691,  0.55091,  1.00683,  0.48963
15280, 5452,  0.04498,  0.06535,  0.03258,  0.60087,  0.52322,  1.05808,  0.46743
15281, 5453,  0.03825,  0.06337,  0.03257,  0.54691,  0.52322,  1.00683,  0.46743
15282, 5453,  0.03825,  0.06337,  0.03257,  0.54691,  0.52322,  1.00683,  0.46743
15283, 5452,  0.04498,  0.06535,  0.03258,  0.60087,  0.52322,  1.05808,  0.46743
15284, 5454,  0.04227,  0.06459,  0.02566,  0.60087,  0.37929,  1.05808,  0.4452
15285, 5453,  0.03825,  0.06337,  0.03257,  0.54691,  0.52322,  1.00683,  0.46743
15286, 5454,  0.04227,  0.06459,  0.02566,  0.60087,  0.37929,  1.05808,  0.4452
15287, 5455,  0.03583,  0.06161,  0.0255,  0.54691,  0.37929,  1.00683,  0.4452
15288, 5456,  0.05551,  0.06442,  0.07995,  0.54691,  0.68831,  1.00683,  0.70428
15289, 5451,  0.06106,  0.06294,  0.07186,  0.60087,  0.66106,  1.05808,  0.66936
15290, 5450,  0.05279,  0.06543,  0.07277,  0.54691,  0.66106,  1.00683,  0.66936
15291, 5456,  0.05551,  0.06442,  0.07995,  0.54691,  0.68831,  1.00683,  0.70428
15292, 5457,  0.0637,  0.06121,  0.07889,  0.60087,  0.68831,  1.05808,  0.70428
15293, 5451,  0.06106,  0.06294,  0.07186,  0.60087,  0.66106,  1.05808,  0.66936
15294, 5458,  0.058,  0.06258,  0.08642,  0.54691,  0.71549,  1.00683,  0.72607
15295, 5457,  0.0637,  0.06121,  0.07889,  0.60087,  0.68831,  1.05808,  0.70428
15296, 5456,  0.05551,  0.06442,  0.07995,  0.54691,  0.68831,  1.00683,  0.70428
15297, 5458,  0.058,  0.06258,  0.08642,  0.54691,  0.71549,  1.00683,  0.72607
15298, 5459,  0.06596,  0.05906,  0.08538,  0.60087,  0.71549,  1.05808,  0.72607
15299, 5457,  0.0637,  0.06121,  0.07889,  0.60087,  0.68831,  1.05808,  0.70428
15300, 5460,  0.06013,  0.0597,  0.09221,  0.54691,  0.74268,  1.00683,  0.74787
15301, 5459,  0.06596,  0.05906,  0.08538,  0.60087,  0.71549,  1.05808,  0.72607
15302, 5458,  0.058,  0.06258,  0.08642,  0.54691,  0.71549,  1.00683,  0.72607
15303, 5460,  0.06013,  0.0597,  0.09221,  0.54691,  0.74268,  1.00683,  0.74787
15304, 5461,  0.06788,  0.05635,  0.09145,  0.60087,  0.74268,  1.05808,  0.74787
15305, 5459,  0.06596,  0.05906,  0.08538,  0.60087,  0.71549,  1.05808,  0.72607
15306, 5462,  0.06174,  0.05613,  0.0975,  0.54691,  0.76918,  1.00683,  0.76911
15307, 5461,  0.06788,  0.05635,  0.09145,  0.60087,  0.74268,  1.05808,  0.74787
15308, 5460,  0.06013,  0.0597,  0.09221,  0.54691,  0.74268,  1.00683,  0.74787
15309, 5462,  0.06174,  0.05613,  0.0975,  0.54691,  0.76918,  1.00683,  0.76911
15310, 5463,  0.06934,  0.05308,  0.09715,  0.60087,  0.76918,  1.05808,  0.76911
15311, 5461,  0.06788,  0.05635,  0.09145,  0.60087,  0.74268,  1.05808,  0.74787
15312, 5464,  0.06265,  0.05221,  0.10251,  0.54691,  0.79429,  1.00683,  0.78925
15313, 5463,  0.06934,  0.05308,  0.09715,  0.60087,  0.76918,  1.05808,  0.76911
15314, 5462,  0.06174,  0.05613,  0.0975,  0.54691,  0.76918,  1.00683,  0.76911
15315, 5464,  0.06265,  0.05221,  0.10251,  0.54691,  0.79429,  1.00683,  0.78925
15316, 5465,  0.07023,  0.04924,  0.10251,  0.60087,  0.79429,  1.05808,  0.78925
15317, 5463,  0.06934,  0.05308,  0.09715,  0.60087,  0.76918,  1.05808,  0.76911
15318, 5466,  0.063,  0.04796,  0.10727,  0.54691,  0.81745,  1.00683,  0.80782
15319, 5465,  0.07023,  0.04924,  0.10251,  0.60087,  0.79429,  1.05808,  0.78925
15320, 5464,  0.06265,  0.05221,  0.10251,  0.54691,  0.79429,  1.00683,  0.78925
15321, 5466,  0.063,  0.04796,  0.10727,  0.54691,  0.81745,  1.00683,  0.80782
15322, 5467,  0.07052,  0.04515,  0.10734,  0.60087,  0.81745,  1.05808,  0.80782
15323, 5465,  0.07023,  0.04924,  0.10251,  0.60087,  0.79429,  1.05808,  0.78925
15324, 5468,  0.06292,  0.04341,  0.11179,  0.54691,  0.83811,  1.00683,  0.82438
15325, 5467,  0.07052,  0.04515,  0.10734,  0.60087,  0.81745,  1.05808,  0.80782
15326, 5466,  0.063,  0.04796,  0.10727,  0.54691,  0.81745,  1.00683,  0.80782
15327, 5468,  0.06292,  0.04341,  0.11179,  0.54691,  0.83811,  1.00683,  0.82438
15328, 5469,  0.07017,  0.04113,  0.11141,  0.60087,  0.83811,  1.05808,  0.82438
15329, 5467,  0.07052,  0.04515,  0.10734,  0.60087,  0.81745,  1.05808,  0.80782
15330, 5470,  0.06249,  0.03897,  0.11581,  0.54691,  0.85603,  1.00683,  0.83875
15331, 5469,  0.07017,  0.04113,  0.11141,  0.60087,  0.83811,  1.05808,  0.82438
15332, 5468,  0.06292,  0.04341,  0.11179,  0.54691,  0.83811,  1.00683,  0.82438
15333, 5470,  0.06249,  0.03897,  0.11581,  0.54691,  0.85603,  1.00683,  0.83875
15334, 5471,  0.06921,  0.0371,  0.11502,  0.60087,  0.85603,  1.05808,  0.83875
15335, 5469,  0.07017,  0.04113,  0.11141,  0.60087,  0.83811,  1.05808,  0.82438
15336, 5472,  0.0618,  0.03503,  0.11905,  0.54691,  0.87101,  1.00683,  0.85076
15337, 5471,  0.06921,  0.0371,  0.11502,  0.60087,  0.85603,  1.05808,  0.83875
15338, 5470,  0.06249,  0.03897,  0.11581,  0.54691,  0.85603,  1.00683,  0.83875
15339, 5472,  0.0618,  0.03503,  0.11905,  0.54691,  0.87101,  1.00683,  0.85076
15340, 5473,  0.06764,  0.033,  0.11842,  0.60087,  0.87101,  1.05808,  0.85076
15341, 5471,  0.06921,  0.0371,  0.11502,  0.60087,  0.85603,  1.05808,  0.83875
15342, 5474,  0.06108,  0.03186,  0.12119,  0.54691,  0.89489,  1.00683,  0.86266
15343, 5473,  0.06764,  0.033,  0.11842,  0.60087,  0.87101,  1.05808,  0.85076
15344, 5472,  0.0618,  0.03503,  0.11905,  0.54691,  0.87101,  1.00683,  0.85076
15345, 5474,  0.06108,  0.03186,  0.12119,  0.54691,  0.89489,  1.00683,  0.86266
15346, 5475,  0.06581,  0.02919,  0.12111,  0.60087,  0.89489,  1.05808,  0.86266
15347, 5473,  0.06764,  0.033,  0.11842,  0.60087,  0.87101,  1.05808,  0.85076
15348, 5476,  0.06056,  0.02973,  0.12188,  0.54691,  0.93953,  1.00683,  0.87673
15349, 5475,  0.06581,  0.02919,  0.12111,  0.60087,  0.89489,  1.05808,  0.86266
15350, 5474,  0.06108,  0.03186,  0.12119,  0.54691,  0.89489,  1.00683,  0.86266
15351, 5476,  0.06056,  0.02973,  0.12188,  0.54691,  0.93953,  1.00683,  0.87673
15352, 5477,  0.06406,  0.026,  0.12258,  0.60087,  0.93953,  1.05808,  0.87673
15353, 5475,  0.06581,  0.02919,  0.12111,  0.60087,  0.89489,  1.05808,  0.86266
15354, 5478,  0.06013,  0.02812,  0.12186,  0.54691,  0.99455,  1.00683,  0.89186
15355, 5477,  0.06406,  0.026,  0.12258,  0.60087,  0.93953,  1.05808,  0.87673
15356, 5476,  0.06056,  0.02973,  0.12188,  0.54691,  0.93953,  1.00683,  0.87673
15357, 5478,  0.06013,  0.02812,  0.12186,  0.54691,  0.99455,  1.00683,  0.89186
15358, 5479,  0.06235,  0.02312,  0.12344,  0.60087,  0.99455,  1.05808,  0.89186
15359, 5477,  0.06406,  0.026,  0.12258,  0.60087,  0.93953,  1.05808,  0.87673
15360, 5480,  0.03224,  0.0591,  0.01223,  0.54691,  0.3298,  1.00683,  0.40092
15361, 5481,  0.03812,  0.06268,  0.01262,  0.60087,  0.3298,  1.05808,  0.40092
15362, 5482,  0.03667,  0.06185,  0.00604,  0.60087,  0.30562,  1.05808,  0.37928
15363, 5480,  0.03224,  0.0591,  0.01223,  0.54691,  0.3298,  1.00683,  0.40092
15364, 5482,  0.03667,  0.06185,  0.00604,  0.60087,  0.30562,  1.05808,  0.37928
15365, 5483,  0.03095,  0.05846,  0.00552,  0.54691,  0.30562,  1.00683,  0.37928
15366, 5483,  0.03095,  0.05846,  0.00552,  0.54691,  0.30562,  1.00683,  0.37928
15367, 5482,  0.03667,  0.06185,  0.00604,  0.60087,  0.30562,  1.05808,  0.37928
15368, 5484,  0.0355,  0.06096, -0.00049,  0.60087,  0.28032,  1.05808,  0.3581
15369, 5483,  0.03095,  0.05846,  0.00552,  0.54691,  0.30562,  1.00683,  0.37928
15370, 5484,  0.0355,  0.06096, -0.00049,  0.60087,  0.28032,  1.05808,  0.3581
15371, 5485,  0.02991,  0.05785, -0.00107,  0.54691,  0.28032,  1.00683,  0.3581
15372, 5484,  0.0355,  0.06096, -0.00049,  0.60087,  0.28032,  1.05808,  0.3581
15373, 5486,  0.02904,  0.0569, -0.00729,  0.54691,  0.25234,  1.00683,  0.3374
15374, 5485,  0.02991,  0.05785, -0.00107,  0.54691,  0.28032,  1.00683,  0.3581
15375, 5484,  0.0355,  0.06096, -0.00049,  0.60087,  0.28032,  1.05808,  0.3581
15376, 5487,  0.03445,  0.05983, -0.0068,  0.60087,  0.25234,  1.05808,  0.3374
15377, 5486,  0.02904,  0.0569, -0.00729,  0.54691,  0.25234,  1.00683,  0.3374
15378, 5488,  0.03356,  0.05841, -0.01282,  0.60087,  0.22094,  1.05808,  0.31726
15379, 5486,  0.02904,  0.0569, -0.00729,  0.54691,  0.25234,  1.00683,  0.3374
15380, 5487,  0.03445,  0.05983, -0.0068,  0.60087,  0.25234,  1.05808,  0.3374
15381, 5488,  0.03356,  0.05841, -0.01282,  0.60087,  0.22094,  1.05808,  0.31726
15382, 5489,  0.02833,  0.05563, -0.01314,  0.54691,  0.22094,  1.00683,  0.31726
15383, 5486,  0.02904,  0.0569, -0.00729,  0.54691,  0.25234,  1.00683,  0.3374
15384, 5488,  0.03356,  0.05841, -0.01282,  0.60087,  0.22094,  1.05808,  0.31726
15385, 5490,  0.0278,  0.05409, -0.01862,  0.54691,  0.1834,  1.00683,  0.29773
15386, 5489,  0.02833,  0.05563, -0.01314,  0.54691,  0.22094,  1.00683,  0.31726
15387, 5488,  0.03356,  0.05841, -0.01282,  0.60087,  0.22094,  1.05808,  0.31726
15388, 5491,  0.03285,  0.05666, -0.01849,  0.60087,  0.1834,  1.05808,  0.29773
15389, 5490,  0.0278,  0.05409, -0.01862,  0.54691,  0.1834,  1.00683,  0.29773
15390, 5492,  0.02754,  0.05226, -0.02377,  0.54691,  0.15704,  1.00683,  0.27871
15391, 5490,  0.0278,  0.05409, -0.01862,  0.54691,  0.1834,  1.00683,  0.29773
15392, 5491,  0.03285,  0.05666, -0.01849,  0.60087,  0.1834,  1.05808,  0.29773
15393, 5492,  0.02754,  0.05226, -0.02377,  0.54691,  0.15704,  1.00683,  0.27871
15394, 5491,  0.03285,  0.05666, -0.01849,  0.60087,  0.1834,  1.05808,  0.29773
15395, 5493,  0.03235,  0.05457, -0.02386,  0.60087,  0.15704,  1.05808,  0.27871
15396, 5493,  0.03235,  0.05457, -0.02386,  0.60087,  0.15704,  1.05808,  0.27871
15397, 5494,  0.02765,  0.05012, -0.02864,  0.54691,  0.12889,  1.00683,  0.26007
15398, 5492,  0.02754,  0.05226, -0.02377,  0.54691,  0.15704,  1.00683,  0.27871
15399, 5493,  0.03235,  0.05457, -0.02386,  0.60087,  0.15704,  1.05808,  0.27871
15400, 5495,  0.0321,  0.05209, -0.02897,  0.60087,  0.12889,  1.05808,  0.26007
15401, 5494,  0.02765,  0.05012, -0.02864,  0.54691,  0.12889,  1.00683,  0.26007
15402, 5496,  0.02811,  0.0479, -0.03296,  0.54691,  0.09656,  1.00683,  0.23088
15403, 5494,  0.02765,  0.05012, -0.02864,  0.54691,  0.12889,  1.00683,  0.26007
15404, 5495,  0.0321,  0.05209, -0.02897,  0.60087,  0.12889,  1.05808,  0.26007
15405, 5496,  0.02811,  0.0479, -0.03296,  0.54691,  0.09656,  1.00683,  0.23088
15406, 5495,  0.0321,  0.05209, -0.02897,  0.60087,  0.12889,  1.05808,  0.26007
15407, 5497,  0.03206,  0.04954, -0.03351,  0.60087,  0.09656,  1.05808,  0.23088
15408, 5496,  0.02811,  0.0479, -0.03296,  0.54691,  0.09656,  1.00683,  0.23088
15409, 5497,  0.03206,  0.04954, -0.03351,  0.60087,  0.09656,  1.05808,  0.23088
15410, 5498,  0.03222,  0.04722, -0.03715,  0.60087,  0.05768,  1.05808,  0.18019
15411, 5496,  0.02811,  0.0479, -0.03296,  0.54691,  0.09656,  1.00683,  0.23088
15412, 5498,  0.03222,  0.04722, -0.03715,  0.60087,  0.05768,  1.05808,  0.18019
15413, 5499,  0.02888,  0.04586, -0.03645,  0.54691,  0.05768,  1.00683,  0.18019
15414, 5500,  0.02982,  0.04389, -0.03953,  0.54691,  0.002,  1.00683,  0.11875
15415, 5499,  0.02888,  0.04586, -0.03645,  0.54691,  0.05768,  1.00683,  0.18019
15416, 5498,  0.03222,  0.04722, -0.03715,  0.60087,  0.05768,  1.05808,  0.18019
15417, 5500,  0.02982,  0.04389, -0.03953,  0.54691,  0.002,  1.00683,  0.11875
15418, 5498,  0.03222,  0.04722, -0.03715,  0.60087,  0.05768,  1.05808,  0.18019
15419, 5501,  0.03249,  0.04503, -0.04035,  0.60087,  0.002,  1.05808,  0.11875
15420, 5455,  0.03583,  0.06161,  0.0255,  0.54691,  0.37929,  1.00683,  0.4452
15421, 5454,  0.04227,  0.06459,  0.02566,  0.60087,  0.37929,  1.05808,  0.4452
15422, 5502,  0.03998,  0.06364,  0.01909,  0.60087,  0.35443,  1.05808,  0.42296
15423, 5455,  0.03583,  0.06161,  0.0255,  0.54691,  0.37929,  1.00683,  0.4452
15424, 5502,  0.03998,  0.06364,  0.01909,  0.60087,  0.35443,  1.05808,  0.42296
15425, 5503,  0.03384,  0.06017,  0.0188,  0.54691,  0.35443,  1.00683,  0.42296
15426, 5503,  0.03384,  0.06017,  0.0188,  0.54691,  0.35443,  1.00683,  0.42296
15427, 5502,  0.03998,  0.06364,  0.01909,  0.60087,  0.35443,  1.05808,  0.42296
15428, 5481,  0.03812,  0.06268,  0.01262,  0.60087,  0.3298,  1.05808,  0.40092
15429, 5503,  0.03384,  0.06017,  0.0188,  0.54691,  0.35443,  1.00683,  0.42296
15430, 5481,  0.03812,  0.06268,  0.01262,  0.60087,  0.3298,  1.05808,  0.40092
15431, 5480,  0.03224,  0.0591,  0.01223,  0.54691,  0.3298,  1.00683,  0.40092
15432, 5504,  0.05111,  0.0637,  0.05837,  0.15192,  0.62501,  1.64435,  0.61732
15433, 5505,  0.06408,  0.05969,  0.05702,  0.2533,  0.62501,  1.74573,  0.61732
15434, 5506,  0.06119,  0.06013,  0.04849,  0.2533,  0.60219,  1.74573,  0.57181
15435, 5504,  0.05111,  0.0637,  0.05837,  0.15192,  0.62501,  1.64435,  0.61732
15436, 5506,  0.06119,  0.06013,  0.04849,  0.2533,  0.60219,  1.74573,  0.57181
15437, 5507,  0.04876,  0.06374,  0.04996,  0.15192,  0.60219,  1.64435,  0.57181
15438, 5507,  0.04876,  0.06374,  0.04996,  0.15192,  0.60219,  1.64435,  0.57181
15439, 5506,  0.06119,  0.06013,  0.04849,  0.2533,  0.60219,  1.74573,  0.57181
15440, 5508,  0.05801,  0.06029,  0.04027,  0.2533,  0.57891,  1.74573,  0.52988
15441, 5507,  0.04876,  0.06374,  0.04996,  0.15192,  0.60219,  1.64435,  0.57181
15442, 5508,  0.05801,  0.06029,  0.04027,  0.2533,  0.57891,  1.74573,  0.52988
15443, 5509,  0.04641,  0.06336,  0.04184,  0.15192,  0.57891,  1.64435,  0.52988
15444, 5510,  0.05331,  0.06337,  0.06679,  0.15192,  0.64669,  1.64435,  0.66056
15445, 5505,  0.06408,  0.05969,  0.05702,  0.2533,  0.62501,  1.74573,  0.61732
15446, 5504,  0.05111,  0.0637,  0.05837,  0.15192,  0.62501,  1.64435,  0.61732
15447, 5510,  0.05331,  0.06337,  0.06679,  0.15192,  0.64669,  1.64435,  0.66056
15448, 5511,  0.06609,  0.05909,  0.06522,  0.2533,  0.64669,  1.74573,  0.66056
15449, 5505,  0.06408,  0.05969,  0.05702,  0.2533,  0.62501,  1.74573,  0.61732
15450, 5512,  0.05536,  0.06259,  0.07457,  0.15192,  0.66759,  1.64435,  0.69965
15451, 5511,  0.06609,  0.05909,  0.06522,  0.2533,  0.64669,  1.74573,  0.66056
15452, 5510,  0.05331,  0.06337,  0.06679,  0.15192,  0.64669,  1.64435,  0.66056
15453, 5512,  0.05536,  0.06259,  0.07457,  0.15192,  0.66759,  1.64435,  0.69965
15454, 5513,  0.06757,  0.05819,  0.07274,  0.2533,  0.66759,  1.74573,  0.69965
15455, 5511,  0.06609,  0.05909,  0.06522,  0.2533,  0.64669,  1.74573,  0.66056
15456, 5509,  0.04641,  0.06336,  0.04184,  0.15192,  0.57891,  1.64435,  0.52988
15457, 5508,  0.05801,  0.06029,  0.04027,  0.2533,  0.57891,  1.74573,  0.52988
15458, 5514,  0.05514,  0.06004,  0.03301,  0.2533,  0.55588,  1.74573,  0.49741
15459, 5509,  0.04641,  0.06336,  0.04184,  0.15192,  0.57891,  1.64435,  0.52988
15460, 5514,  0.05514,  0.06004,  0.03301,  0.2533,  0.55588,  1.74573,  0.49741
15461, 5515,  0.04418,  0.06246,  0.03427,  0.15192,  0.55588,  1.64435,  0.49741
15462, 5515,  0.04418,  0.06246,  0.03427,  0.15192,  0.55588,  1.64435,  0.49741
15463, 5514,  0.05514,  0.06004,  0.03301,  0.2533,  0.55588,  1.74573,  0.49741
15464, 5516,  0.05255,  0.05968,  0.02643,  0.2533,  0.53319,  1.74573,  0.46994
15465, 5515,  0.04418,  0.06246,  0.03427,  0.15192,  0.55588,  1.64435,  0.49741
15466, 5516,  0.05255,  0.05968,  0.02643,  0.2533,  0.53319,  1.74573,  0.46994
15467, 5517,  0.04218,  0.0613,  0.02714,  0.15192,  0.53319,  1.64435,  0.46994
15468, 5513,  0.06757,  0.05819,  0.07274,  0.2533,  0.66759,  1.74573,  0.69965
15469, 5512,  0.05536,  0.06259,  0.07457,  0.15192,  0.66759,  1.64435,  0.69965
15470, 5518,  0.05722,  0.06124,  0.08107,  0.15192,  0.68811,  1.64435,  0.73275
15471, 5513,  0.06757,  0.05819,  0.07274,  0.2533,  0.66759,  1.74573,  0.69965
15472, 5518,  0.05722,  0.06124,  0.08107,  0.15192,  0.68811,  1.64435,  0.73275
15473, 5519,  0.06885,  0.05686,  0.07923,  0.2533,  0.68811,  1.74573,  0.73275
15474, 5519,  0.06885,  0.05686,  0.07923,  0.2533,  0.68811,  1.74573,  0.73275
15475, 5518,  0.05722,  0.06124,  0.08107,  0.15192,  0.68811,  1.64435,  0.73275
15476, 5520,  0.05882,  0.05935,  0.08683,  0.15192,  0.70885,  1.64435,  0.76423
15477, 5519,  0.06885,  0.05686,  0.07923,  0.2533,  0.68811,  1.74573,  0.73275
15478, 5520,  0.05882,  0.05935,  0.08683,  0.15192,  0.70885,  1.64435,  0.76423
15479, 5521,  0.06993,  0.05503,  0.08504,  0.2533,  0.70885,  1.74573,  0.76423
15480, 5521,  0.06993,  0.05503,  0.08504,  0.2533,  0.70885,  1.74573,  0.76423
15481, 5520,  0.05882,  0.05935,  0.08683,  0.15192,  0.70885,  1.64435,  0.76423
15482, 5522,  0.06006,  0.05699,  0.09241,  0.15192,  0.73045,  1.64435,  0.7985
15483, 5521,  0.06993,  0.05503,  0.08504,  0.2533,  0.70885,  1.74573,  0.76423
15484, 5522,  0.06006,  0.05699,  0.09241,  0.15192,  0.73045,  1.64435,  0.7985
15485, 5523,  0.07077,  0.05266,  0.09052,  0.2533,  0.73045,  1.74573,  0.7985
15486, 5523,  0.07077,  0.05266,  0.09052,  0.2533,  0.73045,  1.74573,  0.7985
15487, 5522,  0.06006,  0.05699,  0.09241,  0.15192,  0.73045,  1.64435,  0.7985
15488, 5524,  0.06093,  0.05395,  0.09775,  0.15192,  0.75185,  1.64435,  0.83442
15489, 5523,  0.07077,  0.05266,  0.09052,  0.2533,  0.73045,  1.74573,  0.7985
15490, 5524,  0.06093,  0.05395,  0.09775,  0.15192,  0.75185,  1.64435,  0.83442
15491, 5525,  0.07132,  0.04981,  0.09582,  0.2533,  0.75185,  1.74573,  0.83442
15492, 5516,  0.05255,  0.05968,  0.02643,  0.2533,  0.53319,  1.74573,  0.46994
15493, 5526,  0.0405,  0.06016,  0.02035,  0.15192,  0.40196,  1.64435,  0.44303
15494, 5517,  0.04218,  0.0613,  0.02714,  0.15192,  0.53319,  1.64435,  0.46994
15495, 5516,  0.05255,  0.05968,  0.02643,  0.2533,  0.53319,  1.74573,  0.46994
15496, 5527,  0.05021,  0.05951,  0.02029,  0.2533,  0.40196,  1.74573,  0.44303
15497, 5526,  0.0405,  0.06016,  0.02035,  0.15192,  0.40196,  1.64435,  0.44303
15498, 5528,  0.04822,  0.05878,  0.01428,  0.2533,  0.37336,  1.74573,  0.41632
15499, 5526,  0.0405,  0.06016,  0.02035,  0.15192,  0.40196,  1.64435,  0.44303
15500, 5527,  0.05021,  0.05951,  0.02029,  0.2533,  0.40196,  1.74573,  0.44303
15501, 5528,  0.04822,  0.05878,  0.01428,  0.2533,  0.37336,  1.74573,  0.41632
15502, 5529,  0.03912,  0.0588,  0.01374,  0.15192,  0.37336,  1.64435,  0.41632
15503, 5526,  0.0405,  0.06016,  0.02035,  0.15192,  0.40196,  1.64435,  0.44303
15504, 5529,  0.03912,  0.0588,  0.01374,  0.15192,  0.37336,  1.64435,  0.41632
15505, 5528,  0.04822,  0.05878,  0.01428,  0.2533,  0.37336,  1.74573,  0.41632
15506, 5530,  0.04667,  0.05709,  0.00805,  0.2533,  0.35347,  1.74573,  0.38946
15507, 5529,  0.03912,  0.0588,  0.01374,  0.15192,  0.37336,  1.64435,  0.41632
15508, 5530,  0.04667,  0.05709,  0.00805,  0.2533,  0.35347,  1.74573,  0.38946
15509, 5531,  0.03802,  0.05738,  0.00709,  0.15192,  0.35347,  1.64435,  0.38946
15510, 5531,  0.03802,  0.05738,  0.00709,  0.15192,  0.35347,  1.64435,  0.38946
15511, 5530,  0.04667,  0.05709,  0.00805,  0.2533,  0.35347,  1.74573,  0.38946
15512, 5532,  0.04549,  0.05479,  0.0015,  0.2533,  0.33354,  1.74573,  0.36324
15513, 5531,  0.03802,  0.05738,  0.00709,  0.15192,  0.35347,  1.64435,  0.38946
15514, 5532,  0.04549,  0.05479,  0.0015,  0.2533,  0.33354,  1.74573,  0.36324
15515, 5533,  0.03723,  0.05597,  0.00033,  0.15192,  0.33354,  1.64435,  0.36324
15516, 5532,  0.04549,  0.05479,  0.0015,  0.2533,  0.33354,  1.74573,  0.36324
15517, 5534,  0.0368,  0.05442, -0.00659,  0.15192,  0.31361,  1.64435,  0.33844
15518, 5533,  0.03723,  0.05597,  0.00033,  0.15192,  0.33354,  1.64435,  0.36324
15519, 5532,  0.04549,  0.05479,  0.0015,  0.2533,  0.33354,  1.74573,  0.36324
15520, 5535,  0.04458,  0.05197, -0.00539,  0.2533,  0.31361,  1.74573,  0.33844
15521, 5534,  0.0368,  0.05442, -0.00659,  0.15192,  0.31361,  1.64435,  0.33844
15522, 5536,  0.03654,  0.05306, -0.01311,  0.15192,  0.29383,  1.64435,  0.31452
15523, 5534,  0.0368,  0.05442, -0.00659,  0.15192,  0.31361,  1.64435,  0.33844
15524, 5535,  0.04458,  0.05197, -0.00539,  0.2533,  0.31361,  1.74573,  0.33844
15525, 5536,  0.03654,  0.05306, -0.01311,  0.15192,  0.29383,  1.64435,  0.31452
15526, 5535,  0.04458,  0.05197, -0.00539,  0.2533,  0.31361,  1.74573,  0.33844
15527, 5537,  0.04378,  0.04928, -0.01207,  0.2533,  0.29383,  1.74573,  0.31452
15528, 5537,  0.04378,  0.04928, -0.01207,  0.2533,  0.29383,  1.74573,  0.31452
15529, 5538,  0.03629,  0.05255, -0.01876,  0.15192,  0.27433,  1.64435,  0.29094
15530, 5536,  0.03654,  0.05306, -0.01311,  0.15192,  0.29383,  1.64435,  0.31452
15531, 5537,  0.04378,  0.04928, -0.01207,  0.2533,  0.29383,  1.74573,  0.31452
15532, 5539,  0.04294,  0.04767, -0.01802,  0.2533,  0.27433,  1.74573,  0.29094
15533, 5538,  0.03629,  0.05255, -0.01876,  0.15192,  0.27433,  1.64435,  0.29094
15534, 5540,  0.03589,  0.05266, -0.02401,  0.15192,  0.25363,  1.64435,  0.27065
15535, 5538,  0.03629,  0.05255, -0.01876,  0.15192,  0.27433,  1.64435,  0.29094
15536, 5539,  0.04294,  0.04767, -0.01802,  0.2533,  0.27433,  1.74573,  0.29094
15537, 5540,  0.03589,  0.05266, -0.02401,  0.15192,  0.25363,  1.64435,  0.27065
15538, 5539,  0.04294,  0.04767, -0.01802,  0.2533,  0.27433,  1.74573,  0.29094
15539, 5541,  0.04196,  0.04703, -0.02362,  0.2533,  0.25363,  1.74573,  0.27065
15540, 5542,  0.04067,  0.04699, -0.0292,  0.2533,  0.23023,  1.74573,  0.25659
15541, 5540,  0.03589,  0.05266, -0.02401,  0.15192,  0.25363,  1.64435,  0.27065
15542, 5541,  0.04196,  0.04703, -0.02362,  0.2533,  0.25363,  1.74573,  0.27065
15543, 5542,  0.04067,  0.04699, -0.0292,  0.2533,  0.23023,  1.74573,  0.25659
15544, 5543,  0.03516,  0.05296, -0.02921,  0.15192,  0.23023,  1.64435,  0.25659
15545, 5540,  0.03589,  0.05266, -0.02401,  0.15192,  0.25363,  1.64435,  0.27065
15546, 5544,  0.03905,  0.04754, -0.03455,  0.2533,  0.1959,  1.74573,  0.24565
15547, 5543,  0.03516,  0.05296, -0.02921,  0.15192,  0.23023,  1.64435,  0.25659
15548, 5542,  0.04067,  0.04699, -0.0292,  0.2533,  0.23023,  1.74573,  0.25659
15549, 5544,  0.03905,  0.04754, -0.03455,  0.2533,  0.1959,  1.74573,  0.24565
15550, 5545,  0.03408,  0.05347, -0.03421,  0.15192,  0.1959,  1.64435,  0.24565
15551, 5543,  0.03516,  0.05296, -0.02921,  0.15192,  0.23023,  1.64435,  0.25659
15552, 5546,  0.03705,  0.04869, -0.03952,  0.2533,  0.17589,  1.74573,  0.23471
15553, 5545,  0.03408,  0.05347, -0.03421,  0.15192,  0.1959,  1.64435,  0.24565
15554, 5544,  0.03905,  0.04754, -0.03455,  0.2533,  0.1959,  1.74573,  0.24565
15555, 5546,  0.03705,  0.04869, -0.03952,  0.2533,  0.17589,  1.74573,  0.23471
15556, 5547,  0.03259,  0.05422, -0.03897,  0.15192,  0.17589,  1.64435,  0.23471
15557, 5545,  0.03408,  0.05347, -0.03421,  0.15192,  0.1959,  1.64435,  0.24565
15558, 5548,  0.03465,  0.04982, -0.04404,  0.2533,  0.1512,  1.74573,  0.22181
15559, 5547,  0.03259,  0.05422, -0.03897,  0.15192,  0.17589,  1.64435,  0.23471
15560, 5546,  0.03705,  0.04869, -0.03952,  0.2533,  0.17589,  1.74573,  0.23471
15561, 5548,  0.03465,  0.04982, -0.04404,  0.2533,  0.1512,  1.74573,  0.22181
15562, 5549,  0.03071,  0.05469, -0.04335,  0.15192,  0.1512,  1.64435,  0.22181
15563, 5547,  0.03259,  0.05422, -0.03897,  0.15192,  0.17589,  1.64435,  0.23471
15564, 5549,  0.03071,  0.05469, -0.04335,  0.15192,  0.1512,  1.64435,  0.22181
15565, 5548,  0.03465,  0.04982, -0.04404,  0.2533,  0.1512,  1.74573,  0.22181
15566, 5550,  0.03186,  0.05095, -0.04829,  0.2533,  0.11933,  1.74573,  0.205
15567, 5549,  0.03071,  0.05469, -0.04335,  0.15192,  0.1512,  1.64435,  0.22181
15568, 5550,  0.03186,  0.05095, -0.04829,  0.2533,  0.11933,  1.74573,  0.205
15569, 5551,  0.02843,  0.05496, -0.04756,  0.15192,  0.11933,  1.64435,  0.205
15570, 5552,  0.02588,  0.05526, -0.05161,  0.15192,  0.08435,  1.64435,  0.18391
15571, 5551,  0.02843,  0.05496, -0.04756,  0.15192,  0.11933,  1.64435,  0.205
15572, 5550,  0.03186,  0.05095, -0.04829,  0.2533,  0.11933,  1.74573,  0.205
15573, 5552,  0.02588,  0.05526, -0.05161,  0.15192,  0.08435,  1.64435,  0.18391
15574, 5550,  0.03186,  0.05095, -0.04829,  0.2533,  0.11933,  1.74573,  0.205
15575, 5553,  0.02878,  0.05225, -0.05232,  0.2533,  0.08435,  1.74573,  0.18391
15576, 5552,  0.02588,  0.05526, -0.05161,  0.15192,  0.08435,  1.64435,  0.18391
15577, 5553,  0.02878,  0.05225, -0.05232,  0.2533,  0.08435,  1.74573,  0.18391
15578, 5554,  0.02549,  0.05359, -0.05612,  0.2533,  0.05032,  1.74573,  0.15816
15579, 5552,  0.02588,  0.05526, -0.05161,  0.15192,  0.08435,  1.64435,  0.18391
15580, 5554,  0.02549,  0.05359, -0.05612,  0.2533,  0.05032,  1.74573,  0.15816
15581, 5555,  0.02314,  0.05553, -0.05549,  0.15192,  0.05032,  1.64435,  0.15816
15582, 5556,  0.02035,  0.05603, -0.05919,  0.15192,  0.002,  1.64435,  0.13007
15583, 5555,  0.02314,  0.05553, -0.05549,  0.15192,  0.05032,  1.64435,  0.15816
15584, 5554,  0.02549,  0.05359, -0.05612,  0.2533,  0.05032,  1.74573,  0.15816
15585, 5556,  0.02035,  0.05603, -0.05919,  0.15192,  0.002,  1.64435,  0.13007
15586, 5554,  0.02549,  0.05359, -0.05612,  0.2533,  0.05032,  1.74573,  0.15816
15587, 5557,  0.02214,  0.05522, -0.05973,  0.2533,  0.002,  1.74573,  0.13007
15588, 5558,  0.05918,  0.02875,  0.12177,  0.15192,  0.86669,  1.64435,  0.99093
15589, 5559,  0.06238,  0.02122,  0.12394,  0.2533,  0.86669,  1.74573,  0.99093
15590, 5560,  0.06412,  0.02458,  0.12253,  0.2533,  0.85446,  1.74573,  0.98229
15591, 5558,  0.05918,  0.02875,  0.12177,  0.15192,  0.86669,  1.64435,  0.99093
15592, 5560,  0.06412,  0.02458,  0.12253,  0.2533,  0.85446,  1.74573,  0.98229
15593, 5561,  0.05995,  0.03,  0.12106,  0.15192,  0.85446,  1.64435,  0.98229
15594, 5561,  0.05995,  0.03,  0.12106,  0.15192,  0.85446,  1.64435,  0.98229
15595, 5560,  0.06412,  0.02458,  0.12253,  0.2533,  0.85446,  1.74573,  0.98229
15596, 5562,  0.06586,  0.02806,  0.12073,  0.2533,  0.84283,  1.74573,  0.97342
15597, 5561,  0.05995,  0.03,  0.12106,  0.15192,  0.85446,  1.64435,  0.98229
15598, 5562,  0.06586,  0.02806,  0.12073,  0.2533,  0.84283,  1.74573,  0.97342
15599, 5563,  0.06064,  0.03173,  0.11993,  0.15192,  0.84283,  1.64435,  0.97342
15600, 5563,  0.06064,  0.03173,  0.11993,  0.15192,  0.84283,  1.64435,  0.97342
15601, 5562,  0.06586,  0.02806,  0.12073,  0.2533,  0.84283,  1.74573,  0.97342
15602, 5564,  0.0676,  0.03179,  0.11813,  0.2533,  0.83237,  1.74573,  0.96407
15603, 5563,  0.06064,  0.03173,  0.11993,  0.15192,  0.84283,  1.64435,  0.97342
15604, 5564,  0.0676,  0.03179,  0.11813,  0.2533,  0.83237,  1.74573,  0.96407
15605, 5565,  0.06116,  0.03441,  0.11798,  0.15192,  0.83237,  1.64435,  0.96407
15606, 5565,  0.06116,  0.03441,  0.11798,  0.15192,  0.83237,  1.64435,  0.96407
15607, 5564,  0.0676,  0.03179,  0.11813,  0.2533,  0.83237,  1.74573,  0.96407
15608, 5566,  0.06917,  0.03561,  0.11477,  0.2533,  0.82111,  1.74573,  0.95102
15609, 5565,  0.06116,  0.03441,  0.11798,  0.15192,  0.83237,  1.64435,  0.96407
15610, 5566,  0.06917,  0.03561,  0.11477,  0.2533,  0.82111,  1.74573,  0.95102
15611, 5567,  0.0615,  0.03778,  0.11522,  0.15192,  0.82111,  1.64435,  0.95102
15612, 5567,  0.0615,  0.03778,  0.11522,  0.15192,  0.82111,  1.64435,  0.95102
15613, 5566,  0.06917,  0.03561,  0.11477,  0.2533,  0.82111,  1.74573,  0.95102
15614, 5568,  0.07039,  0.03935,  0.11071,  0.2533,  0.80704,  1.74573,  0.93103
15615, 5567,  0.0615,  0.03778,  0.11522,  0.15192,  0.82111,  1.64435,  0.95102
15616, 5568,  0.07039,  0.03935,  0.11071,  0.2533,  0.80704,  1.74573,  0.93103
15617, 5569,  0.06166,  0.0416,  0.11168,  0.15192,  0.80704,  1.64435,  0.93103
15618, 5569,  0.06166,  0.0416,  0.11168,  0.15192,  0.80704,  1.64435,  0.93103
15619, 5568,  0.07039,  0.03935,  0.11071,  0.2533,  0.80704,  1.74573,  0.93103
15620, 5570,  0.07118,  0.043,  0.10609,  0.2533,  0.79055,  1.74573,  0.90425
15621, 5569,  0.06166,  0.0416,  0.11168,  0.15192,  0.80704,  1.64435,  0.93103
15622, 5570,  0.07118,  0.043,  0.10609,  0.2533,  0.79055,  1.74573,  0.90425
15623, 5571,  0.06163,  0.04572,  0.1075,  0.15192,  0.79055,  1.64435,  0.90425
15624, 5571,  0.06163,  0.04572,  0.1075,  0.15192,  0.79055,  1.64435,  0.90425
15625, 5570,  0.07118,  0.043,  0.10609,  0.2533,  0.79055,  1.74573,  0.90425
15626, 5572,  0.07147,  0.04654,  0.10107,  0.2533,  0.77202,  1.74573,  0.87086
15627, 5571,  0.06163,  0.04572,  0.1075,  0.15192,  0.79055,  1.64435,  0.90425
15628, 5572,  0.07147,  0.04654,  0.10107,  0.2533,  0.77202,  1.74573,  0.87086
15629, 5573,  0.06142,  0.05002,  0.10282,  0.15192,  0.77202,  1.64435,  0.87086
15630, 5524,  0.06093,  0.05395,  0.09775,  0.15192,  0.75185,  1.64435,  0.83442
15631, 5573,  0.06142,  0.05002,  0.10282,  0.15192,  0.77202,  1.64435,  0.87086
15632, 5572,  0.07147,  0.04654,  0.10107,  0.2533,  0.77202,  1.74573,  0.87086
15633, 5524,  0.06093,  0.05395,  0.09775,  0.15192,  0.75185,  1.64435,  0.83442
15634, 5572,  0.07147,  0.04654,  0.10107,  0.2533,  0.77202,  1.74573,  0.87086
15635, 5525,  0.07132,  0.04981,  0.09582,  0.2533,  0.75185,  1.74573,  0.83442
15636, 5574,  0.09224,  0.03464,  0.08503,  0.17052,  0.77683,  1.02253,  0.73497
15637, 5575,  0.09234,  0.03247,  0.0896,  0.17052,  0.8083,  1.02253,  0.76543
15638, 5576,  0.09503,  0.02656,  0.08627,  0.08664,  0.8083,  1.05008,  0.76543
15639, 5574,  0.09224,  0.03464,  0.08503,  0.17052,  0.77683,  1.02253,  0.73497
15640, 5576,  0.09503,  0.02656,  0.08627,  0.08664,  0.8083,  1.05008,  0.76543
15641, 5577,  0.09494,  0.02939,  0.08206,  0.08664,  0.77683,  1.05008,  0.73497
15642, 5578,  0.0922,  0.02982,  0.09352,  0.17052,  0.83812,  1.02253,  0.79431
15643, 5576,  0.09503,  0.02656,  0.08627,  0.08664,  0.8083,  1.05008,  0.76543
15644, 5575,  0.09234,  0.03247,  0.0896,  0.17052,  0.8083,  1.02253,  0.76543
15645, 5578,  0.0922,  0.02982,  0.09352,  0.17052,  0.83812,  1.02253,  0.79431
15646, 5579,  0.09459,  0.02357,  0.09003,  0.08664,  0.83812,  1.05008,  0.79431
15647, 5576,  0.09503,  0.02656,  0.08627,  0.08664,  0.8083,  1.05008,  0.76543
15648, 5578,  0.0922,  0.02982,  0.09352,  0.17052,  0.83812,  1.02253,  0.79431
15649, 5580,  0.09363,  0.02029,  0.09423,  0.08664,  0.8645,  1.05008,  0.81985
15650, 5579,  0.09459,  0.02357,  0.09003,  0.08664,  0.83812,  1.05008,  0.79431
15651, 5578,  0.0922,  0.02982,  0.09352,  0.17052,  0.83812,  1.02253,  0.79431
15652, 5581,  0.0918,  0.02617,  0.09746,  0.17052,  0.8645,  1.02253,  0.81985
15653, 5580,  0.09363,  0.02029,  0.09423,  0.08664,  0.8645,  1.05008,  0.81985
15654, 5582,  0.09092,  0.02215,  0.10094,  0.17052,  0.89617,  1.02253,  0.84143
15655, 5580,  0.09363,  0.02029,  0.09423,  0.08664,  0.8645,  1.05008,  0.81985
15656, 5581,  0.0918,  0.02617,  0.09746,  0.17052,  0.8645,  1.02253,  0.81985
15657, 5582,  0.09092,  0.02215,  0.10094,  0.17052,  0.89617,  1.02253,  0.84143
15658, 5583,  0.09218,  0.01706,  0.09828,  0.08664,  0.89617,  1.05008,  0.84143
15659, 5580,  0.09363,  0.02029,  0.09423,  0.08664,  0.8645,  1.05008,  0.81985
15660, 5584,  0.08934,  0.01839,  0.10347,  0.17052,  0.94185,  1.02253,  0.85839
15661, 5583,  0.09218,  0.01706,  0.09828,  0.08664,  0.89617,  1.05008,  0.84143
15662, 5582,  0.09092,  0.02215,  0.10094,  0.17052,  0.89617,  1.02253,  0.84143
15663, 5584,  0.08934,  0.01839,  0.10347,  0.17052,  0.94185,  1.02253,  0.85839
15664, 5585,  0.09024,  0.01418,  0.1016,  0.08664,  0.94185,  1.05008,  0.85839
15665, 5583,  0.09218,  0.01706,  0.09828,  0.08664,  0.89617,  1.05008,  0.84143
15666, 5586,  0.08741,  0.01476,  0.10552,  0.17052,  0.99455,  1.02253,  0.87306
15667, 5585,  0.09024,  0.01418,  0.1016,  0.08664,  0.94185,  1.05008,  0.85839
15668, 5584,  0.08934,  0.01839,  0.10347,  0.17052,  0.94185,  1.02253,  0.85839
15669, 5586,  0.08741,  0.01476,  0.10552,  0.17052,  0.99455,  1.02253,  0.87306
15670, 5587,  0.08806,  0.01149,  0.10454,  0.08664,  0.99455,  1.05008,  0.87306
15671, 5585,  0.09024,  0.01418,  0.1016,  0.08664,  0.94185,  1.05008,  0.85839
15672, 5577,  0.09494,  0.02939,  0.08206,  0.08664,  0.77683,  1.05008,  0.73497
15673, 5588,  0.09196,  0.03686,  0.07913,  0.17052,  0.74552,  1.02253,  0.70465
15674, 5574,  0.09224,  0.03464,  0.08503,  0.17052,  0.77683,  1.02253,  0.73497
15675, 5577,  0.09494,  0.02939,  0.08206,  0.08664,  0.77683,  1.05008,  0.73497
15676, 5589,  0.09432,  0.03215,  0.07649,  0.08664,  0.74552,  1.05008,  0.70465
15677, 5588,  0.09196,  0.03686,  0.07913,  0.17052,  0.74552,  1.02253,  0.70465
15678, 5590,  0.09115,  0.03911,  0.07277,  0.17052,  0.71437,  1.02253,  0.67449
15679, 5588,  0.09196,  0.03686,  0.07913,  0.17052,  0.74552,  1.02253,  0.70465
15680, 5589,  0.09432,  0.03215,  0.07649,  0.08664,  0.74552,  1.05008,  0.70465
15681, 5590,  0.09115,  0.03911,  0.07277,  0.17052,  0.71437,  1.02253,  0.67449
15682, 5589,  0.09432,  0.03215,  0.07649,  0.08664,  0.74552,  1.05008,  0.70465
15683, 5591,  0.09323,  0.03474,  0.07032,  0.08664,  0.71437,  1.05008,  0.67449
15684, 5590,  0.09115,  0.03911,  0.07277,  0.17052,  0.71437,  1.02253,  0.67449
15685, 5591,  0.09323,  0.03474,  0.07032,  0.08664,  0.71437,  1.05008,  0.67449
15686, 5592,  0.09173,  0.03704,  0.06429,  0.08664,  0.68341,  1.05008,  0.64451
15687, 5590,  0.09115,  0.03911,  0.07277,  0.17052,  0.71437,  1.02253,  0.67449
15688, 5592,  0.09173,  0.03704,  0.06429,  0.08664,  0.68341,  1.05008,  0.64451
15689, 5593,  0.08951,  0.04137,  0.0668,  0.17052,  0.68341,  1.02253,  0.64451
15690, 5593,  0.08951,  0.04137,  0.0668,  0.17052,  0.68341,  1.02253,  0.64451
15691, 5592,  0.09173,  0.03704,  0.06429,  0.08664,  0.68341,  1.05008,  0.64451
15692, 5594,  0.08974,  0.03903,  0.05839,  0.08664,  0.65246,  1.05008,  0.61454
15693, 5593,  0.08951,  0.04137,  0.0668,  0.17052,  0.68341,  1.02253,  0.64451
15694, 5594,  0.08974,  0.03903,  0.05839,  0.08664,  0.65246,  1.05008,  0.61454
15695, 5595,  0.08732,  0.04346,  0.06106,  0.17052,  0.65246,  1.02253,  0.61454
15696, 5594,  0.08974,  0.03903,  0.05839,  0.08664,  0.65246,  1.05008,  0.61454
15697, 5596,  0.08488,  0.04517,  0.05536,  0.17052,  0.62135,  1.02253,  0.58442
15698, 5595,  0.08732,  0.04346,  0.06106,  0.17052,  0.65246,  1.02253,  0.61454
15699, 5594,  0.08974,  0.03903,  0.05839,  0.08664,  0.65246,  1.05008,  0.61454
15700, 5597,  0.0872,  0.04065,  0.05259,  0.08664,  0.62135,  1.05008,  0.58442
15701, 5596,  0.08488,  0.04517,  0.05536,  0.17052,  0.62135,  1.02253,  0.58442
15702, 5598,  0.084,  0.04183,  0.04672,  0.08664,  0.59068,  1.05008,  0.55472
15703, 5596,  0.08488,  0.04517,  0.05536,  0.17052,  0.62135,  1.02253,  0.58442
15704, 5597,  0.0872,  0.04065,  0.05259,  0.08664,  0.62135,  1.05008,  0.58442
15705, 5598,  0.084,  0.04183,  0.04672,  0.08664,  0.59068,  1.05008,  0.55472
15706, 5599,  0.08201,  0.04642,  0.04944,  0.17052,  0.59068,  1.02253,  0.55472
15707, 5596,  0.08488,  0.04517,  0.05536,  0.17052,  0.62135,  1.02253,  0.58442
15708, 5599,  0.08201,  0.04642,  0.04944,  0.17052,  0.59068,  1.02253,  0.55472
15709, 5598,  0.084,  0.04183,  0.04672,  0.08664,  0.59068,  1.05008,  0.55472
15710, 5600,  0.08002,  0.04246,  0.04065,  0.08664,  0.56105,  1.05008,  0.52603
15711, 5599,  0.08201,  0.04642,  0.04944,  0.17052,  0.59068,  1.02253,  0.55472
15712, 5600,  0.08002,  0.04246,  0.04065,  0.08664,  0.56105,  1.05008,  0.52603
15713, 5601,  0.0785,  0.0471,  0.04304,  0.17052,  0.56105,  1.02253,  0.52603
15714, 5601,  0.0785,  0.0471,  0.04304,  0.17052,  0.56105,  1.02253,  0.52603
15715, 5600,  0.08002,  0.04246,  0.04065,  0.08664,  0.56105,  1.05008,  0.52603
15716, 5602,  0.07598,  0.0431,  0.03503,  0.08664,  0.52068,  1.05008,  0.48695
15717, 5601,  0.0785,  0.0471,  0.04304,  0.17052,  0.56105,  1.02253,  0.52603
15718, 5602,  0.07598,  0.0431,  0.03503,  0.08664,  0.52068,  1.05008,  0.48695
15719, 5603,  0.07473,  0.0476,  0.03693,  0.17052,  0.52068,  1.02253,  0.48695
15720, 5602,  0.07598,  0.0431,  0.03503,  0.08664,  0.52068,  1.05008,  0.48695
15721, 5604,  0.07105,  0.04834,  0.0319,  0.17052,  0.34551,  1.02253,  0.42606
15722, 5603,  0.07473,  0.0476,  0.03693,  0.17052,  0.52068,  1.02253,  0.48695
15723, 5602,  0.07598,  0.0431,  0.03503,  0.08664,  0.52068,  1.05008,  0.48695
15724, 5605,  0.0726,  0.04429,  0.03048,  0.08664,  0.34551,  1.05008,  0.42606
15725, 5604,  0.07105,  0.04834,  0.0319,  0.17052,  0.34551,  1.02253,  0.42606
15726, 5606,  0.06943,  0.04563,  0.0264,  0.08664,  0.29167,  1.05008,  0.36788
15727, 5604,  0.07105,  0.04834,  0.0319,  0.17052,  0.34551,  1.02253,  0.42606
15728, 5605,  0.0726,  0.04429,  0.03048,  0.08664,  0.34551,  1.05008,  0.42606
15729, 5606,  0.06943,  0.04563,  0.0264,  0.08664,  0.29167,  1.05008,  0.36788
15730, 5607,  0.06734,  0.04922,  0.02741,  0.17052,  0.29167,  1.02253,  0.36788
15731, 5604,  0.07105,  0.04834,  0.0319,  0.17052,  0.34551,  1.02253,  0.42606
15732, 5606,  0.06943,  0.04563,  0.0264,  0.08664,  0.29167,  1.05008,  0.36788
15733, 5608,  0.06345,  0.05015,  0.02292,  0.17052,  0.26303,  1.02253,  0.33694
15734, 5607,  0.06734,  0.04922,  0.02741,  0.17052,  0.29167,  1.02253,  0.36788
15735, 5606,  0.06943,  0.04563,  0.0264,  0.08664,  0.29167,  1.05008,  0.36788
15736, 5609,  0.06601,  0.04673,  0.02215,  0.08664,  0.26303,  1.05008,  0.33694
15737, 5608,  0.06345,  0.05015,  0.02292,  0.17052,  0.26303,  1.02253,  0.33694
15738, 5610,  0.05992,  0.05096,  0.01833,  0.17052,  0.24733,  1.02253,  0.31997
15739, 5608,  0.06345,  0.05015,  0.02292,  0.17052,  0.26303,  1.02253,  0.33694
15740, 5609,  0.06601,  0.04673,  0.02215,  0.08664,  0.26303,  1.05008,  0.33694
15741, 5610,  0.05992,  0.05096,  0.01833,  0.17052,  0.24733,  1.02253,  0.31997
15742, 5609,  0.06601,  0.04673,  0.02215,  0.08664,  0.26303,  1.05008,  0.33694
15743, 5611,  0.06262,  0.04741,  0.01775,  0.08664,  0.24733,  1.05008,  0.31997
15744, 5610,  0.05992,  0.05096,  0.01833,  0.17052,  0.24733,  1.02253,  0.31997
15745, 5611,  0.06262,  0.04741,  0.01775,  0.08664,  0.24733,  1.05008,  0.31997
15746, 5612,  0.05952,  0.04748,  0.01317,  0.08664,  0.23228,  1.05008,  0.30371
15747, 5610,  0.05992,  0.05096,  0.01833,  0.17052,  0.24733,  1.02253,  0.31997
15748, 5612,  0.05952,  0.04748,  0.01317,  0.08664,  0.23228,  1.05008,  0.30371
15749, 5613,  0.05732,  0.05142,  0.01357,  0.17052,  0.23228,  1.02253,  0.30371
15750, 5614,  0.0554,  0.05146,  0.00874,  0.17052,  0.21778,  1.02253,  0.28805
15751, 5613,  0.05732,  0.05142,  0.01357,  0.17052,  0.23228,  1.02253,  0.30371
15752, 5612,  0.05952,  0.04748,  0.01317,  0.08664,  0.23228,  1.05008,  0.30371
15753, 5614,  0.0554,  0.05146,  0.00874,  0.17052,  0.21778,  1.02253,  0.28805
15754, 5612,  0.05952,  0.04748,  0.01317,  0.08664,  0.23228,  1.05008,  0.30371
15755, 5615,  0.05697,  0.04711,  0.00851,  0.08664,  0.21778,  1.05008,  0.28805
15756, 5614,  0.0554,  0.05146,  0.00874,  0.17052,  0.21778,  1.02253,  0.28805
15757, 5615,  0.05697,  0.04711,  0.00851,  0.08664,  0.21778,  1.05008,  0.28805
15758, 5616,  0.05521,  0.04643,  0.00385,  0.08664,  0.19582,  1.05008,  0.27289
15759, 5614,  0.0554,  0.05146,  0.00874,  0.17052,  0.21778,  1.02253,  0.28805
15760, 5616,  0.05521,  0.04643,  0.00385,  0.08664,  0.19582,  1.05008,  0.27289
15761, 5617,  0.05389,  0.05094,  0.00396,  0.17052,  0.19582,  1.02253,  0.27289
15762, 5618,  0.05298,  0.0498, -0.00074,  0.17052,  0.18651,  1.02253,  0.258
15763, 5617,  0.05389,  0.05094,  0.00396,  0.17052,  0.19582,  1.02253,  0.27289
15764, 5616,  0.05521,  0.04643,  0.00385,  0.08664,  0.19582,  1.05008,  0.27289
15765, 5618,  0.05298,  0.0498, -0.00074,  0.17052,  0.18651,  1.02253,  0.258
15766, 5616,  0.05521,  0.04643,  0.00385,  0.08664,  0.19582,  1.05008,  0.27289
15767, 5619,  0.05425,  0.0453, -0.00077,  0.08664,  0.18651,  1.05008,  0.258
15768, 5618,  0.05298,  0.0498, -0.00074,  0.17052,  0.18651,  1.02253,  0.258
15769, 5619,  0.05425,  0.0453, -0.00077,  0.08664,  0.18651,  1.05008,  0.258
15770, 5620,  0.05407,  0.04356, -0.00526,  0.08664,  0.17723,  1.05008,  0.24317
15771, 5618,  0.05298,  0.0498, -0.00074,  0.17052,  0.18651,  1.02253,  0.258
15772, 5620,  0.05407,  0.04356, -0.00526,  0.08664,  0.17723,  1.05008,  0.24317
15773, 5621,  0.05283,  0.048, -0.00529,  0.17052,  0.17723,  1.02253,  0.24317
15774, 5622,  0.05324,  0.04587, -0.00968,  0.17052,  0.16802,  1.02253,  0.22846
15775, 5621,  0.05283,  0.048, -0.00529,  0.17052,  0.17723,  1.02253,  0.24317
15776, 5620,  0.05407,  0.04356, -0.00526,  0.08664,  0.17723,  1.05008,  0.24317
15777, 5622,  0.05324,  0.04587, -0.00968,  0.17052,  0.16802,  1.02253,  0.22846
15778, 5620,  0.05407,  0.04356, -0.00526,  0.08664,  0.17723,  1.05008,  0.24317
15779, 5623,  0.05457,  0.04171, -0.00956,  0.08664,  0.16802,  1.05008,  0.22846
15780, 5623,  0.05457,  0.04171, -0.00956,  0.08664,  0.16802,  1.05008,  0.22846
15781, 5624,  0.05409,  0.04394, -0.01392,  0.17052,  0.15893,  1.02253,  0.21393
15782, 5622,  0.05324,  0.04587, -0.00968,  0.17052,  0.16802,  1.02253,  0.22846
15783, 5623,  0.05457,  0.04171, -0.00956,  0.08664,  0.16802,  1.05008,  0.22846
15784, 5625,  0.05573,  0.04041, -0.01372,  0.08664,  0.15893,  1.05008,  0.21393
15785, 5624,  0.05409,  0.04394, -0.01392,  0.17052,  0.15893,  1.02253,  0.21393
15786, 5626,  0.0573,  0.03963, -0.01767,  0.08664,  0.15014,  1.05008,  0.19988
15787, 5624,  0.05409,  0.04394, -0.01392,  0.17052,  0.15893,  1.02253,  0.21393
15788, 5625,  0.05573,  0.04041, -0.01372,  0.08664,  0.15893,  1.05008,  0.21393
15789, 5626,  0.0573,  0.03963, -0.01767,  0.08664,  0.15014,  1.05008,  0.19988
15790, 5627,  0.05534,  0.04247, -0.01794,  0.17052,  0.15014,  1.02253,  0.19988
15791, 5624,  0.05409,  0.04394, -0.01392,  0.17052,  0.15893,  1.02253,  0.21393
15792, 5627,  0.05534,  0.04247, -0.01794,  0.17052,  0.15014,  1.02253,  0.19988
15793, 5626,  0.0573,  0.03963, -0.01767,  0.08664,  0.15014,  1.05008,  0.19988
15794, 5628,  0.05887,  0.03911, -0.02123,  0.08664,  0.14185,  1.05008,  0.18664
15795, 5627,  0.05534,  0.04247, -0.01794,  0.17052,  0.15014,  1.02253,  0.19988
15796, 5628,  0.05887,  0.03911, -0.02123,  0.08664,  0.14185,  1.05008,  0.18664
15797, 5629,  0.05685,  0.04152, -0.02156,  0.17052,  0.14185,  1.02253,  0.18664
15798, 5629,  0.05685,  0.04152, -0.02156,  0.17052,  0.14185,  1.02253,  0.18664
15799, 5628,  0.05887,  0.03911, -0.02123,  0.08664,  0.14185,  1.05008,  0.18664
15800, 5630,  0.06062,  0.03893, -0.02458,  0.08664,  0.12073,  1.05008,  0.17235
15801, 5629,  0.05685,  0.04152, -0.02156,  0.17052,  0.14185,  1.02253,  0.18664
15802, 5630,  0.06062,  0.03893, -0.02458,  0.08664,  0.12073,  1.05008,  0.17235
15803, 5631,  0.05868,  0.04104, -0.02494,  0.17052,  0.12073,  1.02253,  0.17235
15804, 5630,  0.06062,  0.03893, -0.02458,  0.08664,  0.12073,  1.05008,  0.17235
15805, 5632,  0.06093,  0.04096, -0.02827,  0.17052,  0.07342,  1.02253,  0.15518
15806, 5631,  0.05868,  0.04104, -0.02494,  0.17052,  0.12073,  1.02253,  0.17235
15807, 5630,  0.06062,  0.03893, -0.02458,  0.08664,  0.12073,  1.05008,  0.17235
15808, 5633,  0.06274,  0.03917, -0.02788,  0.08664,  0.07342,  1.05008,  0.15518
15809, 5632,  0.06093,  0.04096, -0.02827,  0.17052,  0.07342,  1.02253,  0.15518
15810, 5634,  0.06502,  0.03957, -0.03116,  0.08664,  0.002,  1.05008,  0.13656
15811, 5632,  0.06093,  0.04096, -0.02827,  0.17052,  0.07342,  1.02253,  0.15518
15812, 5633,  0.06274,  0.03917, -0.02788,  0.08664,  0.07342,  1.05008,  0.15518
15813, 5634,  0.06502,  0.03957, -0.03116,  0.08664,  0.002,  1.05008,  0.13656
15814, 5635,  0.06337,  0.04104, -0.03158,  0.17052,  0.002,  1.02253,  0.13656
15815, 5632,  0.06093,  0.04096, -0.02827,  0.17052,  0.07342,  1.02253,  0.15518
15816, 5636,  0.06986, -0.02586,  0.11899,  0.1606,  0.88552,  1.72777,  0.95014
15817, 5637,  0.06635, -0.02236,  0.12207,  0.1606,  0.94405,  1.72777,  0.97206
15818, 5638,  0.06249, -0.03208,  0.11965,  0.04975,  0.94405,  1.6264,  0.97206
15819, 5636,  0.06986, -0.02586,  0.11899,  0.1606,  0.88552,  1.72777,  0.95014
15820, 5638,  0.06249, -0.03208,  0.11965,  0.04975,  0.94405,  1.6264,  0.97206
15821, 5639,  0.06411, -0.03598,  0.11697,  0.04975,  0.88552,  1.6264,  0.95014
15822, 5640,  0.06267, -0.01917,  0.12453,  0.1606,  0.99455,  1.72777,  0.99514
15823, 5638,  0.06249, -0.03208,  0.11965,  0.04975,  0.94405,  1.6264,  0.97206
15824, 5637,  0.06635, -0.02236,  0.12207,  0.1606,  0.94405,  1.72777,  0.97206
15825, 5640,  0.06267, -0.01917,  0.12453,  0.1606,  0.99455,  1.72777,  0.99514
15826, 5641,  0.06037, -0.02875,  0.12185,  0.04975,  0.99455,  1.6264,  0.99514
15827, 5638,  0.06249, -0.03208,  0.11965,  0.04975,  0.94405,  1.6264,  0.97206
15828, 5639,  0.06411, -0.03598,  0.11697,  0.04975,  0.88552,  1.6264,  0.95014
15829, 5642,  0.07299, -0.03,  0.11465,  0.1606,  0.81093,  1.72777,  0.93053
15830, 5636,  0.06986, -0.02586,  0.11899,  0.1606,  0.88552,  1.72777,  0.95014
15831, 5639,  0.06411, -0.03598,  0.11697,  0.04975,  0.88552,  1.6264,  0.95014
15832, 5643,  0.06469, -0.04101,  0.11333,  0.04975,  0.81093,  1.6264,  0.93053
15833, 5642,  0.07299, -0.03,  0.11465,  0.1606,  0.81093,  1.72777,  0.93053
15834, 5644,  0.06469, -0.04612,  0.10911,  0.04975,  0.74377,  1.6264,  0.91069
15835, 5642,  0.07299, -0.03,  0.11465,  0.1606,  0.81093,  1.72777,  0.93053
15836, 5643,  0.06469, -0.04101,  0.11333,  0.04975,  0.81093,  1.6264,  0.93053
15837, 5644,  0.06469, -0.04612,  0.10911,  0.04975,  0.74377,  1.6264,  0.91069
15838, 5645,  0.07547, -0.03446,  0.10961,  0.1606,  0.74377,  1.72777,  0.91069
15839, 5642,  0.07299, -0.03,  0.11465,  0.1606,  0.81093,  1.72777,  0.93053
15840, 5644,  0.06469, -0.04612,  0.10911,  0.04975,  0.74377,  1.6264,  0.91069
15841, 5646,  0.07701, -0.0389,  0.10442,  0.1606,  0.70753,  1.72777,  0.88806
15842, 5645,  0.07547, -0.03446,  0.10961,  0.1606,  0.74377,  1.72777,  0.91069
15843, 5644,  0.06469, -0.04612,  0.10911,  0.04975,  0.74377,  1.6264,  0.91069
15844, 5647,  0.06452, -0.05029,  0.10466,  0.04975,  0.70753,  1.6264,  0.88806
15845, 5646,  0.07701, -0.0389,  0.10442,  0.1606,  0.70753,  1.72777,  0.88806
15846, 5648,  0.07759, -0.04298,  0.09921,  0.1606,  0.68599,  1.72777,  0.86316
15847, 5646,  0.07701, -0.0389,  0.10442,  0.1606,  0.70753,  1.72777,  0.88806
15848, 5647,  0.06452, -0.05029,  0.10466,  0.04975,  0.70753,  1.6264,  0.88806
15849, 5648,  0.07759, -0.04298,  0.09921,  0.1606,  0.68599,  1.72777,  0.86316
15850, 5647,  0.06452, -0.05029,  0.10466,  0.04975,  0.70753,  1.6264,  0.88806
15851, 5649,  0.0639, -0.05376,  0.09987,  0.04975,  0.68599,  1.6264,  0.86316
15852, 5649,  0.0639, -0.05376,  0.09987,  0.04975,  0.68599,  1.6264,  0.86316
15853, 5650,  0.07719, -0.04638,  0.09407,  0.1606,  0.66292,  1.72777,  0.83649
15854, 5648,  0.07759, -0.04298,  0.09921,  0.1606,  0.68599,  1.72777,  0.86316
15855, 5649,  0.0639, -0.05376,  0.09987,  0.04975,  0.68599,  1.6264,  0.86316
15856, 5651,  0.06251, -0.0568,  0.09462,  0.04975,  0.66292,  1.6264,  0.83649
15857, 5650,  0.07719, -0.04638,  0.09407,  0.1606,  0.66292,  1.72777,  0.83649
15858, 5652,  0.06062, -0.05929,  0.08918,  0.04975,  0.63817,  1.6264,  0.80788
15859, 5650,  0.07719, -0.04638,  0.09407,  0.1606,  0.66292,  1.72777,  0.83649
15860, 5651,  0.06251, -0.0568,  0.09462,  0.04975,  0.66292,  1.6264,  0.83649
15861, 5652,  0.06062, -0.05929,  0.08918,  0.04975,  0.63817,  1.6264,  0.80788
15862, 5653,  0.07601, -0.04922,  0.08871,  0.1606,  0.63817,  1.72777,  0.80788
15863, 5650,  0.07719, -0.04638,  0.09407,  0.1606,  0.66292,  1.72777,  0.83649
15864, 5653,  0.07601, -0.04922,  0.08871,  0.1606,  0.63817,  1.72777,  0.80788
15865, 5652,  0.06062, -0.05929,  0.08918,  0.04975,  0.63817,  1.6264,  0.80788
15866, 5654,  0.05849, -0.06116,  0.0838,  0.04975,  0.61158,  1.6264,  0.77713
15867, 5653,  0.07601, -0.04922,  0.08871,  0.1606,  0.63817,  1.72777,  0.80788
15868, 5654,  0.05849, -0.06116,  0.0838,  0.04975,  0.61158,  1.6264,  0.77713
15869, 5655,  0.07424, -0.05163,  0.08285,  0.1606,  0.61158,  1.72777,  0.77713
15870, 5656,  0.0717, -0.0539,  0.07625,  0.1606,  0.58386,  1.72777,  0.74509
15871, 5655,  0.07424, -0.05163,  0.08285,  0.1606,  0.61158,  1.72777,  0.77713
15872, 5654,  0.05849, -0.06116,  0.0838,  0.04975,  0.61158,  1.6264,  0.77713
15873, 5656,  0.0717, -0.0539,  0.07625,  0.1606,  0.58386,  1.72777,  0.74509
15874, 5654,  0.05849, -0.06116,  0.0838,  0.04975,  0.61158,  1.6264,  0.77713
15875, 5657,  0.05576, -0.0628,  0.07794,  0.04975,  0.58386,  1.6264,  0.74509
15876, 5657,  0.05576, -0.0628,  0.07794,  0.04975,  0.58386,  1.6264,  0.74509
15877, 5658,  0.06823, -0.05634,  0.06872,  0.1606,  0.55575,  1.72777,  0.71259
15878, 5656,  0.0717, -0.0539,  0.07625,  0.1606,  0.58386,  1.72777,  0.74509
15879, 5657,  0.05576, -0.0628,  0.07794,  0.04975,  0.58386,  1.6264,  0.74509
15880, 5659,  0.05206, -0.06463,  0.07106,  0.04975,  0.55575,  1.6264,  0.71259
15881, 5658,  0.06823, -0.05634,  0.06872,  0.1606,  0.55575,  1.72777,  0.71259
15882, 5660,  0.06402, -0.0588,  0.06073,  0.1606,  0.52721,  1.72777,  0.6796
15883, 5658,  0.06823, -0.05634,  0.06872,  0.1606,  0.55575,  1.72777,  0.71259
15884, 5659,  0.05206, -0.06463,  0.07106,  0.04975,  0.55575,  1.6264,  0.71259
15885, 5660,  0.06402, -0.0588,  0.06073,  0.1606,  0.52721,  1.72777,  0.6796
15886, 5659,  0.05206, -0.06463,  0.07106,  0.04975,  0.55575,  1.6264,  0.71259
15887, 5661,  0.04795, -0.06609,  0.06329,  0.04975,  0.52721,  1.6264,  0.6796
15888, 5661,  0.04795, -0.06609,  0.06329,  0.04975,  0.52721,  1.6264,  0.6796
15889, 5662,  0.05929, -0.06114,  0.05275,  0.1606,  0.48434,  1.72777,  0.6461
15890, 5660,  0.06402, -0.0588,  0.06073,  0.1606,  0.52721,  1.72777,  0.6796
15891, 5661,  0.04795, -0.06609,  0.06329,  0.04975,  0.52721,  1.6264,  0.6796
15892, 5663,  0.04399, -0.06664,  0.05476,  0.04975,  0.48434,  1.6264,  0.6461
15893, 5662,  0.05929, -0.06114,  0.05275,  0.1606,  0.48434,  1.72777,  0.6461
15894, 5664,  0.04051, -0.06625,  0.04601,  0.04975,  0.35702,  1.6264,  0.61171
15895, 5662,  0.05929, -0.06114,  0.05275,  0.1606,  0.48434,  1.72777,  0.6461
15896, 5663,  0.04399, -0.06664,  0.05476,  0.04975,  0.48434,  1.6264,  0.6461
15897, 5664,  0.04051, -0.06625,  0.04601,  0.04975,  0.35702,  1.6264,  0.61171
15898, 5665,  0.0549, -0.06289,  0.04488,  0.1606,  0.35702,  1.72777,  0.61171
15899, 5662,  0.05929, -0.06114,  0.05275,  0.1606,  0.48434,  1.72777,  0.6461
15900, 5664,  0.04051, -0.06625,  0.04601,  0.04975,  0.35702,  1.6264,  0.61171
15901, 5666,  0.05165, -0.06314,  0.03725,  0.1606,  0.33518,  1.72777,  0.57603
15902, 5665,  0.0549, -0.06289,  0.04488,  0.1606,  0.35702,  1.72777,  0.61171
15903, 5664,  0.04051, -0.06625,  0.04601,  0.04975,  0.35702,  1.6264,  0.61171
15904, 5667,  0.03778, -0.06454,  0.03761,  0.04975,  0.33518,  1.6264,  0.57603
15905, 5666,  0.05165, -0.06314,  0.03725,  0.1606,  0.33518,  1.72777,  0.57603
15906, 5668,  0.03556, -0.0626,  0.02966,  0.04975,  0.31552,  1.6264,  0.54016
15907, 5666,  0.05165, -0.06314,  0.03725,  0.1606,  0.33518,  1.72777,  0.57603
15908, 5667,  0.03778, -0.06454,  0.03761,  0.04975,  0.33518,  1.6264,  0.57603
15909, 5668,  0.03556, -0.0626,  0.02966,  0.04975,  0.31552,  1.6264,  0.54016
15910, 5669,  0.04922, -0.06249,  0.02993,  0.1606,  0.31552,  1.72777,  0.54016
15911, 5666,  0.05165, -0.06314,  0.03725,  0.1606,  0.33518,  1.72777,  0.57603
15912, 5668,  0.03556, -0.0626,  0.02966,  0.04975,  0.31552,  1.6264,  0.54016
15913, 5670,  0.04744, -0.06277,  0.02273,  0.1606,  0.29733,  1.72777,  0.50519
15914, 5669,  0.04922, -0.06249,  0.02993,  0.1606,  0.31552,  1.72777,  0.54016
15915, 5668,  0.03556, -0.0626,  0.02966,  0.04975,  0.31552,  1.6264,  0.54016
15916, 5671,  0.03361, -0.06166,  0.02229,  0.04975,  0.29733,  1.6264,  0.50519
15917, 5670,  0.04744, -0.06277,  0.02273,  0.1606,  0.29733,  1.72777,  0.50519
15918, 5672,  0.04608, -0.06176,  0.01566,  0.1606,  0.28042,  1.72777,  0.4711
15919, 5670,  0.04744, -0.06277,  0.02273,  0.1606,  0.29733,  1.72777,  0.50519
15920, 5671,  0.03361, -0.06166,  0.02229,  0.04975,  0.29733,  1.6264,  0.50519
15921, 5672,  0.04608, -0.06176,  0.01566,  0.1606,  0.28042,  1.72777,  0.4711
15922, 5671,  0.03361, -0.06166,  0.02229,  0.04975,  0.29733,  1.6264,  0.50519
15923, 5673,  0.0323, -0.06124,  0.01531,  0.04975,  0.28042,  1.6264,  0.4711
15924, 5673,  0.0323, -0.06124,  0.01531,  0.04975,  0.28042,  1.6264,  0.4711
15925, 5674,  0.04541, -0.06056,  0.00832,  0.1606,  0.26456,  1.72777,  0.43789
15926, 5672,  0.04608, -0.06176,  0.01566,  0.1606,  0.28042,  1.72777,  0.4711
15927, 5673,  0.0323, -0.06124,  0.01531,  0.04975,  0.28042,  1.6264,  0.4711
15928, 5675,  0.03201, -0.0609,  0.00849,  0.04975,  0.26456,  1.6264,  0.43789
15929, 5674,  0.04541, -0.06056,  0.00832,  0.1606,  0.26456,  1.72777,  0.43789
15930, 5676,  0.03235, -0.06032,  0.00153,  0.04975,  0.25047,  1.6264,  0.40545
15931, 5674,  0.04541, -0.06056,  0.00832,  0.1606,  0.26456,  1.72777,  0.43789
15932, 5675,  0.03201, -0.0609,  0.00849,  0.04975,  0.26456,  1.6264,  0.43789
15933, 5676,  0.03235, -0.06032,  0.00153,  0.04975,  0.25047,  1.6264,  0.40545
15934, 5677,  0.04505, -0.05986,  0.00119,  0.1606,  0.25047,  1.72777,  0.40545
15935, 5674,  0.04541, -0.06056,  0.00832,  0.1606,  0.26456,  1.72777,  0.43789
15936, 5676,  0.03235, -0.06032,  0.00153,  0.04975,  0.25047,  1.6264,  0.40545
15937, 5678,  0.04421, -0.05891, -0.00612,  0.1606,  0.23884,  1.72777,  0.37369
15938, 5677,  0.04505, -0.05986,  0.00119,  0.1606,  0.25047,  1.72777,  0.40545
15939, 5676,  0.03235, -0.06032,  0.00153,  0.04975,  0.25047,  1.6264,  0.40545
15940, 5679,  0.03294, -0.05928, -0.00591,  0.04975,  0.23884,  1.6264,  0.37369
15941, 5678,  0.04421, -0.05891, -0.00612,  0.1606,  0.23884,  1.72777,  0.37369
15942, 5680,  0.03353, -0.05829, -0.01352,  0.04975,  0.22788,  1.6264,  0.34279
15943, 5678,  0.04421, -0.05891, -0.00612,  0.1606,  0.23884,  1.72777,  0.37369
15944, 5679,  0.03294, -0.05928, -0.00591,  0.04975,  0.23884,  1.6264,  0.37369
15945, 5680,  0.03353, -0.05829, -0.01352,  0.04975,  0.22788,  1.6264,  0.34279
15946, 5681,  0.04327, -0.05802, -0.01341,  0.1606,  0.22788,  1.72777,  0.34279
15947, 5678,  0.04421, -0.05891, -0.00612,  0.1606,  0.23884,  1.72777,  0.37369
15948, 5681,  0.04327, -0.05802, -0.01341,  0.1606,  0.22788,  1.72777,  0.34279
15949, 5680,  0.03353, -0.05829, -0.01352,  0.04975,  0.22788,  1.6264,  0.34279
15950, 5682,  0.03385, -0.05765, -0.02089,  0.04975,  0.21579,  1.6264,  0.31293
15951, 5681,  0.04327, -0.05802, -0.01341,  0.1606,  0.22788,  1.72777,  0.34279
15952, 5682,  0.03385, -0.05765, -0.02089,  0.04975,  0.21579,  1.6264,  0.31293
15953, 5683,  0.0426, -0.05743, -0.02066,  0.1606,  0.21579,  1.72777,  0.31293
15954, 5684,  0.04183, -0.05712, -0.02722,  0.1606,  0.19531,  1.72777,  0.28391
15955, 5683,  0.0426, -0.05743, -0.02066,  0.1606,  0.21579,  1.72777,  0.31293
15956, 5682,  0.03385, -0.05765, -0.02089,  0.04975,  0.21579,  1.6264,  0.31293
15957, 5684,  0.04183, -0.05712, -0.02722,  0.1606,  0.19531,  1.72777,  0.28391
15958, 5682,  0.03385, -0.05765, -0.02089,  0.04975,  0.21579,  1.6264,  0.31293
15959, 5685,  0.03382, -0.05737, -0.02735,  0.04975,  0.19531,  1.6264,  0.28391
15960, 5684,  0.04183, -0.05712, -0.02722,  0.1606,  0.19531,  1.72777,  0.28391
15961, 5685,  0.03382, -0.05737, -0.02735,  0.04975,  0.19531,  1.6264,  0.28391
15962, 5686,  0.03332, -0.05713, -0.03214,  0.04975,  0.18648,  1.6264,  0.25556
15963, 5684,  0.04183, -0.05712, -0.02722,  0.1606,  0.19531,  1.72777,  0.28391
15964, 5686,  0.03332, -0.05713, -0.03214,  0.04975,  0.18648,  1.6264,  0.25556
15965, 5687,  0.04059, -0.05672, -0.03241,  0.1606,  0.18648,  1.72777,  0.25556
15966, 5688,  0.03885, -0.05641, -0.0367,  0.1606,  0.17209,  1.72777,  0.23057
15967, 5687,  0.04059, -0.05672, -0.03241,  0.1606,  0.18648,  1.72777,  0.25556
15968, 5686,  0.03332, -0.05713, -0.03214,  0.04975,  0.18648,  1.6264,  0.25556
15969, 5688,  0.03885, -0.05641, -0.0367,  0.1606,  0.17209,  1.72777,  0.23057
15970, 5686,  0.03332, -0.05713, -0.03214,  0.04975,  0.18648,  1.6264,  0.25556
15971, 5689,  0.03227, -0.05698, -0.03598,  0.04975,  0.17219,  1.6264,  0.23075
15972, 5689,  0.03227, -0.05698, -0.03598,  0.04975,  0.17219,  1.6264,  0.23075
15973, 5690,  0.03662, -0.05673, -0.04066,  0.1606,  0.14676,  1.72777,  0.21165
15974, 5688,  0.03885, -0.05641, -0.0367,  0.1606,  0.17209,  1.72777,  0.23057
15975, 5689,  0.03227, -0.05698, -0.03598,  0.04975,  0.17219,  1.6264,  0.23075
15976, 5691,  0.03059, -0.05737, -0.03967,  0.04975,  0.14713,  1.6264,  0.21235
15977, 5690,  0.03662, -0.05673, -0.04066,  0.1606,  0.14676,  1.72777,  0.21165
15978, 5692,  0.0286, -0.05797, -0.04303,  0.04975,  0.11865,  1.6264,  0.19508
15979, 5690,  0.03662, -0.05673, -0.04066,  0.1606,  0.14676,  1.72777,  0.21165
15980, 5691,  0.03059, -0.05737, -0.03967,  0.04975,  0.14713,  1.6264,  0.21235
15981, 5692,  0.0286, -0.05797, -0.04303,  0.04975,  0.11865,  1.6264,  0.19508
15982, 5693,  0.03405, -0.05737, -0.04417,  0.1606,  0.11822,  1.72777,  0.19412
15983, 5690,  0.03662, -0.05673, -0.04066,  0.1606,  0.14676,  1.72777,  0.21165
15984, 5693,  0.03405, -0.05737, -0.04417,  0.1606,  0.11822,  1.72777,  0.19412
15985, 5692,  0.0286, -0.05797, -0.04303,  0.04975,  0.11865,  1.6264,  0.19508
15986, 5694,  0.02663, -0.0585, -0.04588,  0.04975,  0.0941,  1.6264,  0.17367
15987, 5693,  0.03405, -0.05737, -0.04417,  0.1606,  0.11822,  1.72777,  0.19412
15988, 5694,  0.02663, -0.0585, -0.04588,  0.04975,  0.0941,  1.6264,  0.17367
15989, 5695,  0.03132, -0.05802, -0.04712,  0.1606,  0.09421,  1.72777,  0.17333
15990, 5696,  0.02843, -0.05869, -0.04971,  0.1606,  0.07079,  1.72777,  0.14936
15991, 5695,  0.03132, -0.05802, -0.04712,  0.1606,  0.09421,  1.72777,  0.17333
15992, 5694,  0.02663, -0.0585, -0.04588,  0.04975,  0.0941,  1.6264,  0.17367
15993, 5696,  0.02843, -0.05869, -0.04971,  0.1606,  0.07079,  1.72777,  0.14936
15994, 5694,  0.02663, -0.0585, -0.04588,  0.04975,  0.0941,  1.6264,  0.17367
15995, 5697,  0.02462, -0.05898, -0.04844,  0.04975,  0.07015,  1.6264,  0.149
15996, 5698,  0.02253, -0.05945, -0.05095,  0.04975,  0.04351,  1.6264,  0.12197
15997, 5696,  0.02843, -0.05869, -0.04971,  0.1606,  0.07079,  1.72777,  0.14936
15998, 5697,  0.02462, -0.05898, -0.04844,  0.04975,  0.07015,  1.6264,  0.149
15999, 5698,  0.02253, -0.05945, -0.05095,  0.04975,  0.04351,  1.6264,  0.12197
16000, 5699,  0.02539, -0.05937, -0.05217,  0.1606,  0.04399,  1.72777,  0.12233
16001, 5696,  0.02843, -0.05869, -0.04971,  0.1606,  0.07079,  1.72777,  0.14936
16002, 5700,  0.0204, -0.05992, -0.05343,  0.04975,  0.002,  1.6264,  0.09376
16003, 5699,  0.02539, -0.05937, -0.05217,  0.1606,  0.04399,  1.72777,  0.12233
16004, 5698,  0.02253, -0.05945, -0.05095,  0.04975,  0.04351,  1.6264,  0.12197
16005, 5700,  0.0204, -0.05992, -0.05343,  0.04975,  0.002,  1.6264,  0.09376
16006, 5701,  0.02229, -0.06007, -0.05457,  0.1606,  0.002,  1.72777,  0.09376
16007, 5699,  0.02539, -0.05937, -0.05217,  0.1606,  0.04399,  1.72777,  0.12233
16008, 5702,  0.09125,  0.04987,  0.05961,  0.65456,  0.43585,  0.79325,  0.43585
16009, 5703,  0.08823,  0.05139,  0.05134,  0.65456,  0.37207,  0.79325,  0.37207
16010, 5704,  0.07985,  0.05728,  0.05367,  0.54783,  0.37207,  0.69188,  0.37207
16011, 5702,  0.09125,  0.04987,  0.05961,  0.65456,  0.43585,  0.79325,  0.43585
16012, 5704,  0.07985,  0.05728,  0.05367,  0.54783,  0.37207,  0.69188,  0.37207
16013, 5705,  0.0816,  0.05651,  0.06303,  0.54783,  0.43585,  0.69188,  0.43585
16014, 5706,  0.0853,  0.05195,  0.0433,  0.65456,  0.30597,  0.79325,  0.30597
16015, 5704,  0.07985,  0.05728,  0.05367,  0.54783,  0.37207,  0.69188,  0.37207
16016, 5703,  0.08823,  0.05139,  0.05134,  0.65456,  0.37207,  0.79325,  0.37207
16017, 5706,  0.0853,  0.05195,  0.0433,  0.65456,  0.30597,  0.79325,  0.30597
16018, 5707,  0.07842,  0.05698,  0.04449,  0.54783,  0.30597,  0.69188,  0.30597
16019, 5704,  0.07985,  0.05728,  0.05367,  0.54783,  0.37207,  0.69188,  0.37207
16020, 5705,  0.0816,  0.05651,  0.06303,  0.54783,  0.43585,  0.69188,  0.43585
16021, 5708,  0.09324,  0.04804,  0.06704,  0.65456,  0.49332,  0.79325,  0.49332
16022, 5702,  0.09125,  0.04987,  0.05961,  0.65456,  0.43585,  0.79325,  0.43585
16023, 5705,  0.0816,  0.05651,  0.06303,  0.54783,  0.43585,  0.69188,  0.43585
16024, 5709,  0.08305,  0.05514,  0.07115,  0.54783,  0.49332,  0.69188,  0.49332
16025, 5708,  0.09324,  0.04804,  0.06704,  0.65456,  0.49332,  0.79325,  0.49332
16026, 5710,  0.08427,  0.05315,  0.07853,  0.54783,  0.54305,  0.69188,  0.54305
16027, 5708,  0.09324,  0.04804,  0.06704,  0.65456,  0.49332,  0.79325,  0.49332
16028, 5709,  0.08305,  0.05514,  0.07115,  0.54783,  0.49332,  0.69188,  0.49332
16029, 5710,  0.08427,  0.05315,  0.07853,  0.54783,  0.54305,  0.69188,  0.54305
16030, 5711,  0.09448,  0.0458,  0.07398,  0.65456,  0.54305,  0.79325,  0.54305
16031, 5708,  0.09324,  0.04804,  0.06704,  0.65456,  0.49332,  0.79325,  0.49332
16032, 5712,  0.08534,  0.05054,  0.08564,  0.54783,  0.58362,  0.69188,  0.58362
16033, 5711,  0.09448,  0.0458,  0.07398,  0.65456,  0.54305,  0.79325,  0.54305
16034, 5710,  0.08427,  0.05315,  0.07853,  0.54783,  0.54305,  0.69188,  0.54305
16035, 5712,  0.08534,  0.05054,  0.08564,  0.54783,  0.58362,  0.69188,  0.58362
16036, 5713,  0.09522,  0.04308,  0.08078,  0.65456,  0.58362,  0.79325,  0.58362
16037, 5711,  0.09448,  0.0458,  0.07398,  0.65456,  0.54305,  0.79325,  0.54305
16038, 5714,  0.08621,  0.04745,  0.09231,  0.54783,  0.61961,  0.69188,  0.61961
16039, 5713,  0.09522,  0.04308,  0.08078,  0.65456,  0.58362,  0.79325,  0.58362
16040, 5712,  0.08534,  0.05054,  0.08564,  0.54783,  0.58362,  0.69188,  0.58362
16041, 5714,  0.08621,  0.04745,  0.09231,  0.54783,  0.61961,  0.69188,  0.61961
16042, 5715,  0.09556,  0.03999,  0.08718,  0.65456,  0.61961,  0.79325,  0.61961
16043, 5713,  0.09522,  0.04308,  0.08078,  0.65456,  0.58362,  0.79325,  0.58362
16044, 5716,  0.08684,  0.04406,  0.09836,  0.54783,  0.65561,  0.69188,  0.65561
16045, 5715,  0.09556,  0.03999,  0.08718,  0.65456,  0.61961,  0.79325,  0.61961
16046, 5714,  0.08621,  0.04745,  0.09231,  0.54783,  0.61961,  0.69188,  0.61961
16047, 5716,  0.08684,  0.04406,  0.09836,  0.54783,  0.65561,  0.69188,  0.65561
16048, 5717,  0.0956,  0.03665,  0.09296,  0.65456,  0.65561,  0.79325,  0.65561
16049, 5715,  0.09556,  0.03999,  0.08718,  0.65456,  0.61961,  0.79325,  0.61961
16050, 5718,  0.08673,  0.04049,  0.10359,  0.54783,  0.69096,  0.69188,  0.69096
16051, 5717,  0.0956,  0.03665,  0.09296,  0.65456,  0.65561,  0.79325,  0.65561
16052, 5716,  0.08684,  0.04406,  0.09836,  0.54783,  0.65561,  0.69188,  0.65561
16053, 5718,  0.08673,  0.04049,  0.10359,  0.54783,  0.69096,  0.69188,  0.69096
16054, 5719,  0.0951,  0.03324,  0.09852,  0.65456,  0.69096,  0.79325,  0.69096
16055, 5717,  0.0956,  0.03665,  0.09296,  0.65456,  0.65561,  0.79325,  0.65561
16056, 5720,  0.08539,  0.03685,  0.10782,  0.54783,  0.72499,  0.69188,  0.72499
16057, 5719,  0.0951,  0.03324,  0.09852,  0.65456,  0.69096,  0.79325,  0.69096
16058, 5718,  0.08673,  0.04049,  0.10359,  0.54783,  0.69096,  0.69188,  0.69096
16059, 5720,  0.08539,  0.03685,  0.10782,  0.54783,  0.72499,  0.69188,  0.72499
16060, 5721,  0.09379,  0.02991,  0.10426,  0.65456,  0.72499,  0.79325,  0.72499
16061, 5719,  0.0951,  0.03324,  0.09852,  0.65456,  0.69096,  0.79325,  0.69096
16062, 5722,  0.08297,  0.03311,  0.11157,  0.54783,  0.75739,  0.69188,  0.75739
16063, 5721,  0.09379,  0.02991,  0.10426,  0.65456,  0.72499,  0.79325,  0.72499
16064, 5720,  0.08539,  0.03685,  0.10782,  0.54783,  0.72499,  0.69188,  0.72499
16065, 5722,  0.08297,  0.03311,  0.11157,  0.54783,  0.75739,  0.69188,  0.75739
16066, 5723,  0.09124,  0.0262,  0.10968,  0.65456,  0.75739,  0.79325,  0.75739
16067, 5721,  0.09379,  0.02991,  0.10426,  0.65456,  0.72499,  0.79325,  0.72499
16068, 5723,  0.09124,  0.0262,  0.10968,  0.65456,  0.75739,  0.79325,  0.75739
16069, 5722,  0.08297,  0.03311,  0.11157,  0.54783,  0.75739,  0.69188,  0.75739
16070, 5724,  0.07964,  0.0292,  0.11539,  0.54783,  0.78786,  0.69188,  0.78786
16071, 5723,  0.09124,  0.0262,  0.10968,  0.65456,  0.75739,  0.79325,  0.75739
16072, 5724,  0.07964,  0.0292,  0.11539,  0.54783,  0.78786,  0.69188,  0.78786
16073, 5725,  0.08699,  0.02166,  0.11423,  0.65456,  0.78786,  0.79325,  0.78786
16074, 5725,  0.08699,  0.02166,  0.11423,  0.65456,  0.78786,  0.79325,  0.78786
16075, 5724,  0.07964,  0.0292,  0.11539,  0.54783,  0.78786,  0.69188,  0.78786
16076, 5726,  0.07601,  0.02518,  0.11896,  0.54783,  0.81689,  0.69188,  0.81689
16077, 5725,  0.08699,  0.02166,  0.11423,  0.65456,  0.78786,  0.79325,  0.78786
16078, 5726,  0.07601,  0.02518,  0.11896,  0.54783,  0.81689,  0.69188,  0.81689
16079, 5727,  0.08209,  0.01693,  0.11832,  0.65456,  0.81689,  0.79325,  0.81689
16080, 5726,  0.07601,  0.02518,  0.11896,  0.54783,  0.81689,  0.69188,  0.81689
16081, 5728,  0.07756,  0.01266,  0.1223,  0.65456,  0.84498,  0.79325,  0.84498
16082, 5727,  0.08209,  0.01693,  0.11832,  0.65456,  0.81689,  0.79325,  0.81689
16083, 5726,  0.07601,  0.02518,  0.11896,  0.54783,  0.81689,  0.69188,  0.81689
16084, 5729,  0.07266,  0.02112,  0.12196,  0.54783,  0.84498,  0.69188,  0.84498
16085, 5728,  0.07756,  0.01266,  0.1223,  0.65456,  0.84498,  0.79325,  0.84498
16086, 5730,  0.07281,  0.00878,  0.12549,  0.65456,  0.88095,  0.79325,  0.87264
16087, 5728,  0.07756,  0.01266,  0.1223,  0.65456,  0.84498,  0.79325,  0.84498
16088, 5729,  0.07266,  0.02112,  0.12196,  0.54783,  0.84498,  0.69188,  0.84498
16089, 5730,  0.07281,  0.00878,  0.12549,  0.65456,  0.88095,  0.79325,  0.87264
16090, 5729,  0.07266,  0.02112,  0.12196,  0.54783,  0.84498,  0.69188,  0.84498
16091, 5731,  0.06942,  0.01731,  0.12424,  0.54783,  0.88095,  0.69188,  0.87264
16092, 5731,  0.06942,  0.01731,  0.12424,  0.54783,  0.88095,  0.69188,  0.87264
16093, 5732,  0.0672,  0.00522,  0.12716,  0.65456,  0.93358,  0.79325,  0.90032
16094, 5730,  0.07281,  0.00878,  0.12549,  0.65456,  0.88095,  0.79325,  0.87264
16095, 5731,  0.06942,  0.01731,  0.12424,  0.54783,  0.88095,  0.69188,  0.87264
16096, 5733,  0.0661,  0.01408,  0.12562,  0.54783,  0.93358,  0.69188,  0.90032
16097, 5732,  0.0672,  0.00522,  0.12716,  0.65456,  0.93358,  0.79325,  0.90032
16098, 5734,  0.06273,  0.01114,  0.12656,  0.54783,  0.99455,  0.69188,  0.92802
16099, 5732,  0.0672,  0.00522,  0.12716,  0.65456,  0.93358,  0.79325,  0.90032
16100, 5733,  0.0661,  0.01408,  0.12562,  0.54783,  0.93358,  0.69188,  0.90032
16101, 5734,  0.06273,  0.01114,  0.12656,  0.54783,  0.99455,  0.69188,  0.92802
16102, 5735,  0.06118,  0.00181,  0.12808,  0.65456,  0.99455,  0.79325,  0.92802
16103, 5732,  0.0672,  0.00522,  0.12716,  0.65456,  0.93358,  0.79325,  0.90032
16104, 5736,  0.078,  0.05215,  0.03017,  0.54783,  0.17179,  0.69188,  0.17228
16105, 5737,  0.08252,  0.04878,  0.03041,  0.65456,  0.17179,  0.79325,  0.17228
16106, 5738,  0.08177,  0.04606,  0.02427,  0.65456,  0.08994,  0.79325,  0.09188
16107, 5736,  0.078,  0.05215,  0.03017,  0.54783,  0.17179,  0.69188,  0.17228
16108, 5738,  0.08177,  0.04606,  0.02427,  0.65456,  0.08994,  0.79325,  0.09188
16109, 5739,  0.07838,  0.04855,  0.02354,  0.54783,  0.08994,  0.69188,  0.09188
16110, 5739,  0.07838,  0.04855,  0.02354,  0.54783,  0.08994,  0.69188,  0.09188
16111, 5738,  0.08177,  0.04606,  0.02427,  0.65456,  0.08994,  0.79325,  0.09188
16112, 5740,  0.08116,  0.04304,  0.01813,  0.65456,  0.00202,  0.79325,  0.00591
16113, 5739,  0.07838,  0.04855,  0.02354,  0.54783,  0.08994,  0.69188,  0.09188
16114, 5740,  0.08116,  0.04304,  0.01813,  0.65456,  0.00202,  0.79325,  0.00591
16115, 5741,  0.0789,  0.04463,  0.01696,  0.54783,  0.00202,  0.69188,  0.00591
16116, 5737,  0.08252,  0.04878,  0.03041,  0.65456,  0.17179,  0.79325,  0.17228
16117, 5736,  0.078,  0.05215,  0.03017,  0.54783,  0.17179,  0.69188,  0.17228
16118, 5742,  0.07791,  0.05511,  0.03691,  0.54783,  0.2415,  0.69188,  0.2415
16119, 5737,  0.08252,  0.04878,  0.03041,  0.65456,  0.17179,  0.79325,  0.17228
16120, 5742,  0.07791,  0.05511,  0.03691,  0.54783,  0.2415,  0.69188,  0.2415
16121, 5743,  0.08354,  0.05091,  0.03654,  0.65456,  0.2415,  0.79325,  0.2415
16122, 5706,  0.0853,  0.05195,  0.0433,  0.65456,  0.30597,  0.79325,  0.30597
16123, 5743,  0.08354,  0.05091,  0.03654,  0.65456,  0.2415,  0.79325,  0.2415
16124, 5742,  0.07791,  0.05511,  0.03691,  0.54783,  0.2415,  0.69188,  0.2415
16125, 5706,  0.0853,  0.05195,  0.0433,  0.65456,  0.30597,  0.79325,  0.30597
16126, 5742,  0.07791,  0.05511,  0.03691,  0.54783,  0.2415,  0.69188,  0.2415
16127, 5707,  0.07842,  0.05698,  0.04449,  0.54783,  0.30597,  0.69188,  0.30597
16128, 5744,  0.09235,  0.03626,  0.08373,  0.45319,  0.70576,  1.01185,  0.75855
16129, 5745,  0.09228,  0.0345,  0.08812,  0.45319,  0.73726,  1.01185,  0.78487
16130, 5746,  0.09559,  0.02865,  0.08485,  0.52717,  0.73726,  1.06253,  0.78487
16131, 5744,  0.09235,  0.03626,  0.08373,  0.45319,  0.70576,  1.01185,  0.75855
16132, 5746,  0.09559,  0.02865,  0.08485,  0.52717,  0.73726,  1.06253,  0.78487
16133, 5747,  0.09558,  0.02995,  0.08014,  0.52717,  0.70576,  1.06253,  0.75855
16134, 5748,  0.09202,  0.03262,  0.09203,  0.45319,  0.76712,  1.01185,  0.80982
16135, 5746,  0.09559,  0.02865,  0.08485,  0.52717,  0.73726,  1.06253,  0.78487
16136, 5745,  0.09228,  0.0345,  0.08812,  0.45319,  0.73726,  1.01185,  0.78487
16137, 5748,  0.09202,  0.03262,  0.09203,  0.45319,  0.76712,  1.01185,  0.80982
16138, 5749,  0.09527,  0.02722,  0.08913,  0.52717,  0.76712,  1.06253,  0.80982
16139, 5746,  0.09559,  0.02865,  0.08485,  0.52717,  0.73726,  1.06253,  0.78487
16140, 5748,  0.09202,  0.03262,  0.09203,  0.45319,  0.76712,  1.01185,  0.80982
16141, 5750,  0.09428,  0.0253,  0.0937,  0.52717,  0.79354,  1.06253,  0.83189
16142, 5749,  0.09527,  0.02722,  0.08913,  0.52717,  0.76712,  1.06253,  0.80982
16143, 5748,  0.09202,  0.03262,  0.09203,  0.45319,  0.76712,  1.01185,  0.80982
16144, 5751,  0.09137,  0.03017,  0.09623,  0.45319,  0.79354,  1.01185,  0.83189
16145, 5750,  0.09428,  0.0253,  0.0937,  0.52717,  0.79354,  1.06253,  0.83189
16146, 5752,  0.09022,  0.02721,  0.10053,  0.45319,  0.81626,  1.01185,  0.85088
16147, 5750,  0.09428,  0.0253,  0.0937,  0.52717,  0.79354,  1.06253,  0.83189
16148, 5751,  0.09137,  0.03017,  0.09623,  0.45319,  0.79354,  1.01185,  0.83189
16149, 5752,  0.09022,  0.02721,  0.10053,  0.45319,  0.81626,  1.01185,  0.85088
16150, 5753,  0.09264,  0.02289,  0.09842,  0.52717,  0.81626,  1.06253,  0.85088
16151, 5750,  0.09428,  0.0253,  0.0937,  0.52717,  0.79354,  1.06253,  0.83189
16152, 5754,  0.08849,  0.02377,  0.10474,  0.45319,  0.83506,  1.01185,  0.86658
16153, 5753,  0.09264,  0.02289,  0.09842,  0.52717,  0.81626,  1.06253,  0.85088
16154, 5752,  0.09022,  0.02721,  0.10053,  0.45319,  0.81626,  1.01185,  0.85088
16155, 5754,  0.08849,  0.02377,  0.10474,  0.45319,  0.83506,  1.01185,  0.86658
16156, 5755,  0.09037,  0.01997,  0.10312,  0.52717,  0.83506,  1.06253,  0.86658
16157, 5753,  0.09264,  0.02289,  0.09842,  0.52717,  0.81626,  1.06253,  0.85088
16158, 5756,  0.08646,  0.02009,  0.1089,  0.45319,  0.85189,  1.01185,  0.88065
16159, 5755,  0.09037,  0.01997,  0.10312,  0.52717,  0.83506,  1.06253,  0.86658
16160, 5754,  0.08849,  0.02377,  0.10474,  0.45319,  0.83506,  1.01185,  0.86658
16161, 5756,  0.08646,  0.02009,  0.1089,  0.45319,  0.85189,  1.01185,  0.88065
16162, 5757,  0.08779,  0.01681,  0.10782,  0.52717,  0.85189,  1.06253,  0.88065
16163, 5755,  0.09037,  0.01997,  0.10312,  0.52717,  0.83506,  1.06253,  0.86658
16164, 5747,  0.09558,  0.02995,  0.08014,  0.52717,  0.70576,  1.06253,  0.75855
16165, 5758,  0.09245,  0.03834,  0.07808,  0.45319,  0.67441,  1.01185,  0.73235
16166, 5744,  0.09235,  0.03626,  0.08373,  0.45319,  0.70576,  1.01185,  0.75855
16167, 5747,  0.09558,  0.02995,  0.08014,  0.52717,  0.70576,  1.06253,  0.75855
16168, 5759,  0.09562,  0.03145,  0.07428,  0.52717,  0.67441,  1.06253,  0.73235
16169, 5758,  0.09245,  0.03834,  0.07808,  0.45319,  0.67441,  1.01185,  0.73235
16170, 5760,  0.09247,  0.04042,  0.07185,  0.45319,  0.64323,  1.01185,  0.70629
16171, 5758,  0.09245,  0.03834,  0.07808,  0.45319,  0.67441,  1.01185,  0.73235
16172, 5759,  0.09562,  0.03145,  0.07428,  0.52717,  0.67441,  1.06253,  0.73235
16173, 5760,  0.09247,  0.04042,  0.07185,  0.45319,  0.64323,  1.01185,  0.70629
16174, 5759,  0.09562,  0.03145,  0.07428,  0.52717,  0.67441,  1.06253,  0.73235
16175, 5761,  0.09544,  0.03324,  0.06799,  0.52717,  0.64323,  1.06253,  0.70629
16176, 5760,  0.09247,  0.04042,  0.07185,  0.45319,  0.64323,  1.01185,  0.70629
16177, 5761,  0.09544,  0.03324,  0.06799,  0.52717,  0.64323,  1.06253,  0.70629
16178, 5762,  0.09478,  0.03536,  0.06199,  0.52717,  0.61222,  1.06253,  0.68039
16179, 5760,  0.09247,  0.04042,  0.07185,  0.45319,  0.64323,  1.01185,  0.70629
16180, 5762,  0.09478,  0.03536,  0.06199,  0.52717,  0.61222,  1.06253,  0.68039
16181, 5763,  0.09233,  0.04223,  0.06572,  0.45319,  0.61222,  1.01185,  0.68039
16182, 5763,  0.09233,  0.04223,  0.06572,  0.45319,  0.61222,  1.01185,  0.68039
16183, 5762,  0.09478,  0.03536,  0.06199,  0.52717,  0.61222,  1.06253,  0.68039
16184, 5764,  0.09338,  0.0376,  0.05632,  0.52717,  0.58124,  1.06253,  0.65449
16185, 5763,  0.09233,  0.04223,  0.06572,  0.45319,  0.61222,  1.01185,  0.68039
16186, 5764,  0.09338,  0.0376,  0.05632,  0.52717,  0.58124,  1.06253,  0.65449
16187, 5765,  0.09153,  0.0438,  0.05973,  0.45319,  0.58124,  1.01185,  0.65449
16188, 5764,  0.09338,  0.0376,  0.05632,  0.52717,  0.58124,  1.06253,  0.65449
16189, 5766,  0.08958,  0.04519,  0.05394,  0.45319,  0.55009,  1.01185,  0.62847
16190, 5765,  0.09153,  0.0438,  0.05973,  0.45319,  0.58124,  1.01185,  0.65449
16191, 5764,  0.09338,  0.0376,  0.05632,  0.52717,  0.58124,  1.06253,  0.65449
16192, 5767,  0.09101,  0.03969,  0.05101,  0.52717,  0.55009,  1.06253,  0.62847
16193, 5766,  0.08958,  0.04519,  0.05394,  0.45319,  0.55009,  1.01185,  0.62847
16194, 5768,  0.08792,  0.04152,  0.04595,  0.52717,  0.51938,  1.06253,  0.6043
16195, 5766,  0.08958,  0.04519,  0.05394,  0.45319,  0.55009,  1.01185,  0.62847
16196, 5767,  0.09101,  0.03969,  0.05101,  0.52717,  0.55009,  1.06253,  0.62847
16197, 5768,  0.08792,  0.04152,  0.04595,  0.52717,  0.51938,  1.06253,  0.6043
16198, 5769,  0.08674,  0.04632,  0.04836,  0.45319,  0.51938,  1.01185,  0.6043
16199, 5766,  0.08958,  0.04519,  0.05394,  0.45319,  0.55009,  1.01185,  0.62847
16200, 5769,  0.08674,  0.04632,  0.04836,  0.45319,  0.51938,  1.01185,  0.6043
16201, 5768,  0.08792,  0.04152,  0.04595,  0.52717,  0.51938,  1.06253,  0.6043
16202, 5770,  0.08437,  0.04293,  0.04105,  0.52717,  0.4743,  1.06253,  0.584
16203, 5769,  0.08674,  0.04632,  0.04836,  0.45319,  0.51938,  1.01185,  0.6043
16204, 5770,  0.08437,  0.04293,  0.04105,  0.52717,  0.4743,  1.06253,  0.584
16205, 5771,  0.08329,  0.04711,  0.043,  0.45319,  0.4743,  1.01185,  0.584
16206, 5771,  0.08329,  0.04711,  0.043,  0.45319,  0.4743,  1.01185,  0.584
16207, 5770,  0.08437,  0.04293,  0.04105,  0.52717,  0.4743,  1.06253,  0.584
16208, 5772,  0.0805,  0.044,  0.03629,  0.52717,  0.34827,  1.06253,  0.56158
16209, 5771,  0.08329,  0.04711,  0.043,  0.45319,  0.4743,  1.01185,  0.584
16210, 5772,  0.0805,  0.044,  0.03629,  0.52717,  0.34827,  1.06253,  0.56158
16211, 5773,  0.07938,  0.0477,  0.03786,  0.45319,  0.34827,  1.01185,  0.56158
16212, 5772,  0.0805,  0.044,  0.03629,  0.52717,  0.34827,  1.06253,  0.56158
16213, 5774,  0.07516,  0.04824,  0.03293,  0.45319,  0.32297,  1.01185,  0.53109
16214, 5773,  0.07938,  0.0477,  0.03786,  0.45319,  0.34827,  1.01185,  0.56158
16215, 5772,  0.0805,  0.044,  0.03629,  0.52717,  0.34827,  1.06253,  0.56158
16216, 5775,  0.07648,  0.04481,  0.03165,  0.52717,  0.32297,  1.06253,  0.53109
16217, 5774,  0.07516,  0.04824,  0.03293,  0.45319,  0.32297,  1.01185,  0.53109
16218, 5776,  0.07241,  0.04541,  0.02704,  0.52717,  0.2982,  1.06253,  0.49691
16219, 5774,  0.07516,  0.04824,  0.03293,  0.45319,  0.32297,  1.01185,  0.53109
16220, 5775,  0.07648,  0.04481,  0.03165,  0.52717,  0.32297,  1.06253,  0.53109
16221, 5776,  0.07241,  0.04541,  0.02704,  0.52717,  0.2982,  1.06253,  0.49691
16222, 5777,  0.07086,  0.04882,  0.02806,  0.45319,  0.2982,  1.01185,  0.49691
16223, 5774,  0.07516,  0.04824,  0.03293,  0.45319,  0.32297,  1.01185,  0.53109
16224, 5776,  0.07241,  0.04541,  0.02704,  0.52717,  0.2982,  1.06253,  0.49691
16225, 5778,  0.06666,  0.04955,  0.02312,  0.45319,  0.27393,  1.01185,  0.46342
16226, 5777,  0.07086,  0.04882,  0.02806,  0.45319,  0.2982,  1.01185,  0.49691
16227, 5776,  0.07241,  0.04541,  0.02704,  0.52717,  0.2982,  1.06253,  0.49691
16228, 5779,  0.06844,  0.04584,  0.02235,  0.52717,  0.27393,  1.06253,  0.46342
16229, 5778,  0.06666,  0.04955,  0.02312,  0.45319,  0.27393,  1.01185,  0.46342
16230, 5780,  0.06287,  0.05027,  0.01827,  0.45319,  0.2504,  1.01185,  0.43095
16231, 5778,  0.06666,  0.04955,  0.02312,  0.45319,  0.27393,  1.01185,  0.46342
16232, 5779,  0.06844,  0.04584,  0.02235,  0.52717,  0.27393,  1.06253,  0.46342
16233, 5780,  0.06287,  0.05027,  0.01827,  0.45319,  0.2504,  1.01185,  0.43095
16234, 5779,  0.06844,  0.04584,  0.02235,  0.52717,  0.27393,  1.06253,  0.46342
16235, 5781,  0.06484,  0.04617,  0.01776,  0.52717,  0.2504,  1.06253,  0.43095
16236, 5780,  0.06287,  0.05027,  0.01827,  0.45319,  0.2504,  1.01185,  0.43095
16237, 5781,  0.06484,  0.04617,  0.01776,  0.52717,  0.2504,  1.06253,  0.43095
16238, 5782,  0.0619,  0.0464,  0.01339,  0.52717,  0.22785,  1.06253,  0.39983
16239, 5780,  0.06287,  0.05027,  0.01827,  0.45319,  0.2504,  1.01185,  0.43095
16240, 5782,  0.0619,  0.0464,  0.01339,  0.52717,  0.22785,  1.06253,  0.39983
16241, 5783,  0.05978,  0.05082,  0.01368,  0.45319,  0.22785,  1.01185,  0.39983
16242, 5784,  0.05747,  0.05094,  0.00917,  0.45319,  0.19392,  1.01185,  0.36986
16243, 5783,  0.05978,  0.05082,  0.01368,  0.45319,  0.22785,  1.01185,  0.39983
16244, 5782,  0.0619,  0.0464,  0.01339,  0.52717,  0.22785,  1.06253,  0.39983
16245, 5784,  0.05747,  0.05094,  0.00917,  0.45319,  0.19392,  1.01185,  0.36986
16246, 5782,  0.0619,  0.0464,  0.01339,  0.52717,  0.22785,  1.06253,  0.39983
16247, 5785,  0.0597,  0.04638,  0.00909,  0.52717,  0.19392,  1.06253,  0.36986
16248, 5784,  0.05747,  0.05094,  0.00917,  0.45319,  0.19392,  1.01185,  0.36986
16249, 5785,  0.0597,  0.04638,  0.00909,  0.52717,  0.19392,  1.06253,  0.36986
16250, 5786,  0.05833,  0.04589,  0.00468,  0.52717,  0.16918,  1.06253,  0.34085
16251, 5784,  0.05747,  0.05094,  0.00917,  0.45319,  0.19392,  1.01185,  0.36986
16252, 5786,  0.05833,  0.04589,  0.00468,  0.52717,  0.16918,  1.06253,  0.34085
16253, 5787,  0.05602,  0.05032,  0.00457,  0.45319,  0.16918,  1.01185,  0.34085
16254, 5788,  0.05531,  0.0491, -0.00012,  0.45319,  0.14174,  1.01185,  0.31236
16255, 5787,  0.05602,  0.05032,  0.00457,  0.45319,  0.16918,  1.01185,  0.34085
16256, 5786,  0.05833,  0.04589,  0.00468,  0.52717,  0.16918,  1.06253,  0.34085
16257, 5788,  0.05531,  0.0491, -0.00012,  0.45319,  0.14174,  1.01185,  0.31236
16258, 5786,  0.05833,  0.04589,  0.00468,  0.52717,  0.16918,  1.06253,  0.34085
16259, 5789,  0.05764,  0.04498,  0.00016,  0.52717,  0.14174,  1.06253,  0.31236
16260, 5788,  0.05531,  0.0491, -0.00012,  0.45319,  0.14174,  1.01185,  0.31236
16261, 5789,  0.05764,  0.04498,  0.00016,  0.52717,  0.14174,  1.06253,  0.31236
16262, 5790,  0.05747,  0.04371, -0.00443,  0.52717,  0.11547,  1.06253,  0.28399
16263, 5788,  0.05531,  0.0491, -0.00012,  0.45319,  0.14174,  1.01185,  0.31236
16264, 5790,  0.05747,  0.04371, -0.00443,  0.52717,  0.11547,  1.06253,  0.28399
16265, 5791,  0.05523,  0.04744, -0.00483,  0.45319,  0.11547,  1.01185,  0.28399
16266, 5792,  0.05565,  0.04558, -0.00921,  0.45319,  0.08691,  1.01185,  0.25281
16267, 5791,  0.05523,  0.04744, -0.00483,  0.45319,  0.11547,  1.01185,  0.28399
16268, 5790,  0.05747,  0.04371, -0.00443,  0.52717,  0.11547,  1.06253,  0.28399
16269, 5792,  0.05565,  0.04558, -0.00921,  0.45319,  0.08691,  1.01185,  0.25281
16270, 5790,  0.05747,  0.04371, -0.00443,  0.52717,  0.11547,  1.06253,  0.28399
16271, 5793,  0.05769,  0.04227, -0.00871,  0.52717,  0.08691,  1.06253,  0.25281
16272, 5793,  0.05769,  0.04227, -0.00871,  0.52717,  0.08691,  1.06253,  0.25281
16273, 5794,  0.05649,  0.04378, -0.01297,  0.45319,  0.05265,  1.01185,  0.21591
16274, 5792,  0.05565,  0.04558, -0.00921,  0.45319,  0.08691,  1.01185,  0.25281
16275, 5793,  0.05769,  0.04227, -0.00871,  0.52717,  0.08691,  1.06253,  0.25281
16276, 5795,  0.05817,  0.04091, -0.01239,  0.52717,  0.05265,  1.06253,  0.21591
16277, 5794,  0.05649,  0.04378, -0.01297,  0.45319,  0.05265,  1.01185,  0.21591
16278, 5796,  0.05884,  0.03966, -0.01582,  0.52717,  0.002,  1.06253,  0.17614
16279, 5794,  0.05649,  0.04378, -0.01297,  0.45319,  0.05265,  1.01185,  0.21591
16280, 5795,  0.05817,  0.04091, -0.01239,  0.52717,  0.05265,  1.06253,  0.21591
16281, 5796,  0.05884,  0.03966, -0.01582,  0.52717,  0.002,  1.06253,  0.17614
16282, 5797,  0.05757,  0.04209, -0.01645,  0.45319,  0.002,  1.01185,  0.17614
16283, 5794,  0.05649,  0.04378, -0.01297,  0.45319,  0.05265,  1.01185,  0.21591
16284, 5798,  0.04365,  0.06699,  0.02281,  0.54832,  0.00202,  0.78155,  0.23241
16285, 5799,  0.03941,  0.07003,  0.0299,  0.54832,  0.12685,  0.78155,  0.32802
16286, 5800,  0.04422,  0.06954,  0.03173,  0.6554,  0.12685,  0.88325,  0.32802
16287, 5798,  0.04365,  0.06699,  0.02281,  0.54832,  0.00202,  0.78155,  0.23241
16288, 5800,  0.04422,  0.06954,  0.03173,  0.6554,  0.12685,  0.88325,  0.32802
16289, 5801,  0.04717,  0.06677,  0.02558,  0.6554,  0.00202,  0.88325,  0.23241
16290, 5802,  0.03623,  0.07253,  0.03646,  0.54832,  0.22711,  0.78155,  0.40496
16291, 5800,  0.04422,  0.06954,  0.03173,  0.6554,  0.12685,  0.88325,  0.32802
16292, 5799,  0.03941,  0.07003,  0.0299,  0.54832,  0.12685,  0.78155,  0.32802
16293, 5802,  0.03623,  0.07253,  0.03646,  0.54832,  0.22711,  0.78155,  0.40496
16294, 5803,  0.04206,  0.07178,  0.03757,  0.6554,  0.22711,  0.88325,  0.40496
16295, 5800,  0.04422,  0.06954,  0.03173,  0.6554,  0.12685,  0.88325,  0.32802
16296, 5802,  0.03623,  0.07253,  0.03646,  0.54832,  0.22711,  0.78155,  0.40496
16297, 5804,  0.04146,  0.07295,  0.04278,  0.6554,  0.27823,  0.88325,  0.44455
16298, 5803,  0.04206,  0.07178,  0.03757,  0.6554,  0.22711,  0.88325,  0.40496
16299, 5802,  0.03623,  0.07253,  0.03646,  0.54832,  0.22711,  0.78155,  0.40496
16300, 5805,  0.03521,  0.07394,  0.04197,  0.54832,  0.27823,  0.78155,  0.44455
16301, 5804,  0.04146,  0.07295,  0.04278,  0.6554,  0.27823,  0.88325,  0.44455
16302, 5806,  0.0355,  0.07456,  0.04751,  0.54832,  0.30478,  0.78155,  0.46546
16303, 5804,  0.04146,  0.07295,  0.04278,  0.6554,  0.27823,  0.88325,  0.44455
16304, 5805,  0.03521,  0.07394,  0.04197,  0.54832,  0.27823,  0.78155,  0.44455
16305, 5806,  0.0355,  0.07456,  0.04751,  0.54832,  0.30478,  0.78155,  0.46546
16306, 5807,  0.04214,  0.0734,  0.04827,  0.6554,  0.30478,  0.88325,  0.46546
16307, 5804,  0.04146,  0.07295,  0.04278,  0.6554,  0.27823,  0.88325,  0.44455
16308, 5807,  0.04214,  0.0734,  0.04827,  0.6554,  0.30478,  0.88325,  0.46546
16309, 5806,  0.0355,  0.07456,  0.04751,  0.54832,  0.30478,  0.78155,  0.46546
16310, 5808,  0.03632,  0.07466,  0.05415,  0.54832,  0.33133,  0.78155,  0.48637
16311, 5807,  0.04214,  0.0734,  0.04827,  0.6554,  0.30478,  0.88325,  0.46546
16312, 5808,  0.03632,  0.07466,  0.05415,  0.54832,  0.33133,  0.78155,  0.48637
16313, 5809,  0.04383,  0.07347,  0.05496,  0.6554,  0.33133,  0.88325,  0.48637
16314, 5810,  0.04629,  0.07296,  0.06221,  0.6554,  0.36612,  0.88325,  0.51377
16315, 5809,  0.04383,  0.07347,  0.05496,  0.6554,  0.33133,  0.88325,  0.48637
16316, 5808,  0.03632,  0.07466,  0.05415,  0.54832,  0.33133,  0.78155,  0.48637
16317, 5810,  0.04629,  0.07296,  0.06221,  0.6554,  0.36612,  0.88325,  0.51377
16318, 5808,  0.03632,  0.07466,  0.05415,  0.54832,  0.33133,  0.78155,  0.48637
16319, 5811,  0.03784,  0.07432,  0.06143,  0.54832,  0.36612,  0.78155,  0.51377
16320, 5811,  0.03784,  0.07432,  0.06143,  0.54832,  0.36612,  0.78155,  0.51377
16321, 5812,  0.04932,  0.07171,  0.06937,  0.6554,  0.41738,  0.88325,  0.55413
16322, 5810,  0.04629,  0.07296,  0.06221,  0.6554,  0.36612,  0.88325,  0.51377
16323, 5811,  0.03784,  0.07432,  0.06143,  0.54832,  0.36612,  0.78155,  0.51377
16324, 5813,  0.04021,  0.07363,  0.06894,  0.54832,  0.41738,  0.78155,  0.55413
16325, 5812,  0.04932,  0.07171,  0.06937,  0.6554,  0.41738,  0.88325,  0.55413
16326, 5814,  0.04321,  0.07252,  0.07621,  0.54832,  0.47436,  0.78155,  0.59901
16327, 5812,  0.04932,  0.07171,  0.06937,  0.6554,  0.41738,  0.88325,  0.55413
16328, 5813,  0.04021,  0.07363,  0.06894,  0.54832,  0.41738,  0.78155,  0.55413
16329, 5814,  0.04321,  0.07252,  0.07621,  0.54832,  0.47436,  0.78155,  0.59901
16330, 5815,  0.05283,  0.06984,  0.07613,  0.6554,  0.47436,  0.88325,  0.59901
16331, 5812,  0.04932,  0.07171,  0.06937,  0.6554,  0.41738,  0.88325,  0.55413
16332, 5815,  0.05283,  0.06984,  0.07613,  0.6554,  0.47436,  0.88325,  0.59901
16333, 5814,  0.04321,  0.07252,  0.07621,  0.54832,  0.47436,  0.78155,  0.59901
16334, 5816,  0.04663,  0.07092,  0.08282,  0.54832,  0.52633,  0.78155,  0.63994
16335, 5815,  0.05283,  0.06984,  0.07613,  0.6554,  0.47436,  0.88325,  0.59901
16336, 5816,  0.04663,  0.07092,  0.08282,  0.54832,  0.52633,  0.78155,  0.63994
16337, 5817,  0.05677,  0.06749,  0.08218,  0.6554,  0.52633,  0.88325,  0.63994
16338, 5817,  0.05677,  0.06749,  0.08218,  0.6554,  0.52633,  0.88325,  0.63994
16339, 5816,  0.04663,  0.07092,  0.08282,  0.54832,  0.52633,  0.78155,  0.63994
16340, 5818,  0.05013,  0.06871,  0.08889,  0.54832,  0.56961,  0.78155,  0.67403
16341, 5817,  0.05677,  0.06749,  0.08218,  0.6554,  0.52633,  0.88325,  0.63994
16342, 5818,  0.05013,  0.06871,  0.08889,  0.54832,  0.56961,  0.78155,  0.67403
16343, 5819,  0.06076,  0.06461,  0.08774,  0.6554,  0.56961,  0.88325,  0.67403
16344, 5818,  0.05013,  0.06871,  0.08889,  0.54832,  0.56961,  0.78155,  0.67403
16345, 5820,  0.06443,  0.06113,  0.09303,  0.6554,  0.60052,  0.88325,  0.69837
16346, 5819,  0.06076,  0.06461,  0.08774,  0.6554,  0.56961,  0.88325,  0.67403
16347, 5818,  0.05013,  0.06871,  0.08889,  0.54832,  0.56961,  0.78155,  0.67403
16348, 5821,  0.05341,  0.06575,  0.09457,  0.54832,  0.60052,  0.78155,  0.69837
16349, 5820,  0.06443,  0.06113,  0.09303,  0.6554,  0.60052,  0.88325,  0.69837
16350, 5822,  0.06741,  0.05694,  0.09829,  0.6554,  0.62525,  0.88325,  0.71785
16351, 5820,  0.06443,  0.06113,  0.09303,  0.6554,  0.60052,  0.88325,  0.69837
16352, 5821,  0.05341,  0.06575,  0.09457,  0.54832,  0.60052,  0.78155,  0.69837
16353, 5822,  0.06741,  0.05694,  0.09829,  0.6554,  0.62525,  0.88325,  0.71785
16354, 5821,  0.05341,  0.06575,  0.09457,  0.54832,  0.60052,  0.78155,  0.69837
16355, 5823,  0.05616,  0.06169,  0.10018,  0.54832,  0.62525,  0.78155,  0.71785
16356, 5822,  0.06741,  0.05694,  0.09829,  0.6554,  0.62525,  0.88325,  0.71785
16357, 5823,  0.05616,  0.06169,  0.10018,  0.54832,  0.62525,  0.78155,  0.71785
16358, 5824,  0.05809,  0.05616,  0.10606,  0.54832,  0.64998,  0.78155,  0.73733
16359, 5822,  0.06741,  0.05694,  0.09829,  0.6554,  0.62525,  0.88325,  0.71785
16360, 5824,  0.05809,  0.05616,  0.10606,  0.54832,  0.64998,  0.78155,  0.73733
16361, 5825,  0.06933,  0.05193,  0.10375,  0.6554,  0.64998,  0.88325,  0.73733
16362, 5826,  0.07044,  0.04675,  0.10889,  0.6554,  0.68089,  0.88325,  0.76167
16363, 5825,  0.06933,  0.05193,  0.10375,  0.6554,  0.64998,  0.88325,  0.73733
16364, 5824,  0.05809,  0.05616,  0.10606,  0.54832,  0.64998,  0.78155,  0.73733
16365, 5826,  0.07044,  0.04675,  0.10889,  0.6554,  0.68089,  0.88325,  0.76167
16366, 5824,  0.05809,  0.05616,  0.10606,  0.54832,  0.64998,  0.78155,  0.73733
16367, 5827,  0.05937,  0.05022,  0.11141,  0.54832,  0.68089,  0.78155,  0.76167
16368, 5826,  0.07044,  0.04675,  0.10889,  0.6554,  0.68089,  0.88325,  0.76167
16369, 5827,  0.05937,  0.05022,  0.11141,  0.54832,  0.68089,  0.78155,  0.76167
16370, 5828,  0.06016,  0.04492,  0.11545,  0.54832,  0.72417,  0.78155,  0.79576
16371, 5826,  0.07044,  0.04675,  0.10889,  0.6554,  0.68089,  0.88325,  0.76167
16372, 5828,  0.06016,  0.04492,  0.11545,  0.54832,  0.72417,  0.78155,  0.79576
16373, 5829,  0.07101,  0.04204,  0.11318,  0.6554,  0.72417,  0.88325,  0.79576
16374, 5829,  0.07101,  0.04204,  0.11318,  0.6554,  0.72417,  0.88325,  0.79576
16375, 5828,  0.06016,  0.04492,  0.11545,  0.54832,  0.72417,  0.78155,  0.79576
16376, 5830,  0.06072,  0.04004,  0.1186,  0.54832,  0.76745,  0.78155,  0.82984
16377, 5829,  0.07101,  0.04204,  0.11318,  0.6554,  0.72417,  0.88325,  0.79576
16378, 5830,  0.06072,  0.04004,  0.1186,  0.54832,  0.76745,  0.78155,  0.82984
16379, 5831,  0.071,  0.03717,  0.11688,  0.6554,  0.76745,  0.88325,  0.82984
16380, 5831,  0.071,  0.03717,  0.11688,  0.6554,  0.76745,  0.88325,  0.82984
16381, 5830,  0.06072,  0.04004,  0.1186,  0.54832,  0.76745,  0.78155,  0.82984
16382, 5832,  0.0613,  0.03532,  0.12128,  0.54832,  0.79836,  0.78155,  0.85419
16383, 5831,  0.071,  0.03717,  0.11688,  0.6554,  0.76745,  0.88325,  0.82984
16384, 5832,  0.0613,  0.03532,  0.12128,  0.54832,  0.79836,  0.78155,  0.85419
16385, 5833,  0.07041,  0.0315,  0.12022,  0.6554,  0.79836,  0.88325,  0.85419
16386, 5833,  0.07041,  0.0315,  0.12022,  0.6554,  0.79836,  0.88325,  0.85419
16387, 5832,  0.0613,  0.03532,  0.12128,  0.54832,  0.79836,  0.78155,  0.85419
16388, 5834,  0.06176,  0.03076,  0.12322,  0.54832,  0.83834,  0.78155,  0.87722
16389, 5833,  0.07041,  0.0315,  0.12022,  0.6554,  0.79836,  0.88325,  0.85419
16390, 5834,  0.06176,  0.03076,  0.12322,  0.54832,  0.83834,  0.78155,  0.87722
16391, 5835,  0.06893,  0.02556,  0.12289,  0.6554,  0.83834,  0.88325,  0.87722
16392, 5835,  0.06893,  0.02556,  0.12289,  0.6554,  0.83834,  0.88325,  0.87722
16393, 5834,  0.06176,  0.03076,  0.12322,  0.54832,  0.83834,  0.78155,  0.87722
16394, 5836,  0.06195,  0.02633,  0.12413,  0.54832,  0.90882,  0.78155,  0.90736
16395, 5835,  0.06893,  0.02556,  0.12289,  0.6554,  0.83834,  0.88325,  0.87722
16396, 5836,  0.06195,  0.02633,  0.12413,  0.54832,  0.90882,  0.78155,  0.90736
16397, 5837,  0.06628,  0.01987,  0.12459,  0.6554,  0.90882,  0.88325,  0.90736
16398, 5837,  0.06628,  0.01987,  0.12459,  0.6554,  0.90882,  0.88325,  0.90736
16399, 5836,  0.06195,  0.02633,  0.12413,  0.54832,  0.90882,  0.78155,  0.90736
16400, 5838,  0.062,  0.02196,  0.12453,  0.54832,  0.99455,  0.78155,  0.94107
16401, 5837,  0.06628,  0.01987,  0.12459,  0.6554,  0.90882,  0.88325,  0.90736
16402, 5838,  0.062,  0.02196,  0.12453,  0.54832,  0.99455,  0.78155,  0.94107
16403, 5839,  0.06305,  0.0143,  0.12578,  0.6554,  0.99455,  0.88325,  0.94107
16404, 5840,  0.05841,  0.06324,  0.02798,  0.65456,  0.28337,  0.82622,  0.33391
16405, 5841,  0.05127,  0.06439,  0.02651,  0.54783,  0.28337,  0.72485,  0.33391
16406, 5842,  0.05068,  0.06661,  0.03324,  0.54783,  0.33718,  0.72485,  0.36493
16407, 5840,  0.05841,  0.06324,  0.02798,  0.65456,  0.28337,  0.82622,  0.33391
16408, 5842,  0.05068,  0.06661,  0.03324,  0.54783,  0.33718,  0.72485,  0.36493
16409, 5843,  0.05856,  0.06473,  0.03378,  0.65456,  0.33718,  0.82622,  0.36493
16410, 5843,  0.05856,  0.06473,  0.03378,  0.65456,  0.33718,  0.82622,  0.36493
16411, 5842,  0.05068,  0.06661,  0.03324,  0.54783,  0.33718,  0.72485,  0.36493
16412, 5844,  0.05107,  0.06847,  0.04078,  0.54783,  0.38578,  0.72485,  0.39272
16413, 5843,  0.05856,  0.06473,  0.03378,  0.65456,  0.33718,  0.82622,  0.36493
16414, 5844,  0.05107,  0.06847,  0.04078,  0.54783,  0.38578,  0.72485,  0.39272
16415, 5845,  0.05946,  0.06595,  0.04006,  0.65456,  0.38578,  0.82622,  0.39272
16416, 5844,  0.05107,  0.06847,  0.04078,  0.54783,  0.38578,  0.72485,  0.39272
16417, 5846,  0.06092,  0.06693,  0.04673,  0.65456,  0.42286,  0.82622,  0.42286
16418, 5845,  0.05946,  0.06595,  0.04006,  0.65456,  0.38578,  0.82622,  0.39272
16419, 5844,  0.05107,  0.06847,  0.04078,  0.54783,  0.38578,  0.72485,  0.39272
16420, 5847,  0.05224,  0.06943,  0.04908,  0.54783,  0.42286,  0.72485,  0.42286
16421, 5846,  0.06092,  0.06693,  0.04673,  0.65456,  0.42286,  0.82622,  0.42286
16422, 5848,  0.06288,  0.06726,  0.0536,  0.65456,  0.45428,  0.82622,  0.45428
16423, 5846,  0.06092,  0.06693,  0.04673,  0.65456,  0.42286,  0.82622,  0.42286
16424, 5847,  0.05224,  0.06943,  0.04908,  0.54783,  0.42286,  0.72485,  0.42286
16425, 5848,  0.06288,  0.06726,  0.0536,  0.65456,  0.45428,  0.82622,  0.45428
16426, 5847,  0.05224,  0.06943,  0.04908,  0.54783,  0.42286,  0.72485,  0.42286
16427, 5849,  0.05402,  0.06957,  0.05734,  0.54783,  0.45428,  0.72485,  0.45428
16428, 5849,  0.05402,  0.06957,  0.05734,  0.54783,  0.45428,  0.72485,  0.45428
16429, 5850,  0.06528,  0.06652,  0.06044,  0.65456,  0.48593,  0.82622,  0.48593
16430, 5848,  0.06288,  0.06726,  0.0536,  0.65456,  0.45428,  0.82622,  0.45428
16431, 5849,  0.05402,  0.06957,  0.05734,  0.54783,  0.45428,  0.72485,  0.45428
16432, 5851,  0.05623,  0.06897,  0.06475,  0.54783,  0.48593,  0.72485,  0.48593
16433, 5850,  0.06528,  0.06652,  0.06044,  0.65456,  0.48593,  0.82622,  0.48593
16434, 5852,  0.05875,  0.0676,  0.07165,  0.54783,  0.51806,  0.72485,  0.51806
16435, 5850,  0.06528,  0.06652,  0.06044,  0.65456,  0.48593,  0.82622,  0.48593
16436, 5851,  0.05623,  0.06897,  0.06475,  0.54783,  0.48593,  0.72485,  0.48593
16437, 5852,  0.05875,  0.0676,  0.07165,  0.54783,  0.51806,  0.72485,  0.51806
16438, 5853,  0.06786,  0.06491,  0.06732,  0.65456,  0.51806,  0.82622,  0.51806
16439, 5850,  0.06528,  0.06652,  0.06044,  0.65456,  0.48593,  0.82622,  0.48593
16440, 5854,  0.06143,  0.06546,  0.07841,  0.54783,  0.55092,  0.72485,  0.55092
16441, 5853,  0.06786,  0.06491,  0.06732,  0.65456,  0.51806,  0.82622,  0.51806
16442, 5852,  0.05875,  0.0676,  0.07165,  0.54783,  0.51806,  0.72485,  0.51806
16443, 5854,  0.06143,  0.06546,  0.07841,  0.54783,  0.55092,  0.72485,  0.55092
16444, 5855,  0.07035,  0.0626,  0.07429,  0.65456,  0.55092,  0.82622,  0.55092
16445, 5853,  0.06786,  0.06491,  0.06732,  0.65456,  0.51806,  0.82622,  0.51806
16446, 5856,  0.06398,  0.06299,  0.08485,  0.54783,  0.58397,  0.72485,  0.58397
16447, 5855,  0.07035,  0.0626,  0.07429,  0.65456,  0.55092,  0.82622,  0.55092
16448, 5854,  0.06143,  0.06546,  0.07841,  0.54783,  0.55092,  0.72485,  0.55092
16449, 5856,  0.06398,  0.06299,  0.08485,  0.54783,  0.58397,  0.72485,  0.58397
16450, 5857,  0.07275,  0.05992,  0.0811,  0.65456,  0.58397,  0.82622,  0.58397
16451, 5855,  0.07035,  0.0626,  0.07429,  0.65456,  0.55092,  0.82622,  0.55092
16452, 5858,  0.06608,  0.06065,  0.09081,  0.54783,  0.61668,  0.72485,  0.61668
16453, 5857,  0.07275,  0.05992,  0.0811,  0.65456,  0.58397,  0.82622,  0.58397
16454, 5856,  0.06398,  0.06299,  0.08485,  0.54783,  0.58397,  0.72485,  0.58397
16455, 5858,  0.06608,  0.06065,  0.09081,  0.54783,  0.61668,  0.72485,  0.61668
16456, 5859,  0.07504,  0.05719,  0.08749,  0.65456,  0.61668,  0.82622,  0.61668
16457, 5857,  0.07275,  0.05992,  0.0811,  0.65456,  0.58397,  0.82622,  0.58397
16458, 5860,  0.06782,  0.05789,  0.09647,  0.54783,  0.64921,  0.72485,  0.64921
16459, 5859,  0.07504,  0.05719,  0.08749,  0.65456,  0.61668,  0.82622,  0.61668
16460, 5858,  0.06608,  0.06065,  0.09081,  0.54783,  0.61668,  0.72485,  0.61668
16461, 5860,  0.06782,  0.05789,  0.09647,  0.54783,  0.64921,  0.72485,  0.64921
16462, 5861,  0.07718,  0.05407,  0.09357,  0.65456,  0.64921,  0.82622,  0.64921
16463, 5859,  0.07504,  0.05719,  0.08749,  0.65456,  0.61668,  0.82622,  0.61668
16464, 5862,  0.06929,  0.05418,  0.10205,  0.54783,  0.68176,  0.72485,  0.68176
16465, 5861,  0.07718,  0.05407,  0.09357,  0.65456,  0.64921,  0.82622,  0.64921
16466, 5860,  0.06782,  0.05789,  0.09647,  0.54783,  0.64921,  0.72485,  0.64921
16467, 5862,  0.06929,  0.05418,  0.10205,  0.54783,  0.68176,  0.72485,  0.68176
16468, 5863,  0.07914,  0.05025,  0.09945,  0.65456,  0.68176,  0.82622,  0.68176
16469, 5861,  0.07718,  0.05407,  0.09357,  0.65456,  0.64921,  0.82622,  0.64921
16470, 5864,  0.07021,  0.05003,  0.10717,  0.54783,  0.71371,  0.72485,  0.71371
16471, 5863,  0.07914,  0.05025,  0.09945,  0.65456,  0.68176,  0.82622,  0.68176
16472, 5862,  0.06929,  0.05418,  0.10205,  0.54783,  0.68176,  0.72485,  0.68176
16473, 5864,  0.07021,  0.05003,  0.10717,  0.54783,  0.71371,  0.72485,  0.71371
16474, 5865,  0.08042,  0.04591,  0.10484,  0.65456,  0.71371,  0.82622,  0.71371
16475, 5863,  0.07914,  0.05025,  0.09945,  0.65456,  0.68176,  0.82622,  0.68176
16476, 5866,  0.07032,  0.04593,  0.11144,  0.54783,  0.74448,  0.72485,  0.74448
16477, 5865,  0.08042,  0.04591,  0.10484,  0.65456,  0.71371,  0.82622,  0.71371
16478, 5864,  0.07021,  0.05003,  0.10717,  0.54783,  0.71371,  0.72485,  0.71371
16479, 5866,  0.07032,  0.04593,  0.11144,  0.54783,  0.74448,  0.72485,  0.74448
16480, 5867,  0.08049,  0.04125,  0.10944,  0.65456,  0.74448,  0.82622,  0.74448
16481, 5865,  0.08042,  0.04591,  0.10484,  0.65456,  0.71371,  0.82622,  0.71371
16482, 5868,  0.06982,  0.04196,  0.11497,  0.54783,  0.77377,  0.72485,  0.77377
16483, 5867,  0.08049,  0.04125,  0.10944,  0.65456,  0.74448,  0.82622,  0.74448
16484, 5866,  0.07032,  0.04593,  0.11144,  0.54783,  0.74448,  0.72485,  0.74448
16485, 5868,  0.06982,  0.04196,  0.11497,  0.54783,  0.77377,  0.72485,  0.77377
16486, 5869,  0.07965,  0.03636,  0.11345,  0.65456,  0.77377,  0.82622,  0.77377
16487, 5867,  0.08049,  0.04125,  0.10944,  0.65456,  0.74448,  0.82622,  0.74448
16488, 5869,  0.07965,  0.03636,  0.11345,  0.65456,  0.77377,  0.82622,  0.77377
16489, 5868,  0.06982,  0.04196,  0.11497,  0.54783,  0.77377,  0.72485,  0.77377
16490, 5870,  0.06895,  0.03819,  0.11783,  0.54783,  0.80131,  0.72485,  0.80131
16491, 5869,  0.07965,  0.03636,  0.11345,  0.65456,  0.77377,  0.82622,  0.77377
16492, 5870,  0.06895,  0.03819,  0.11783,  0.54783,  0.80131,  0.72485,  0.80131
16493, 5871,  0.07815,  0.03132,  0.11708,  0.65456,  0.80131,  0.82622,  0.80131
16494, 5871,  0.07815,  0.03132,  0.11708,  0.65456,  0.80131,  0.82622,  0.80131
16495, 5870,  0.06895,  0.03819,  0.11783,  0.54783,  0.80131,  0.72485,  0.80131
16496, 5872,  0.06781,  0.03435,  0.12031,  0.54783,  0.82755,  0.72485,  0.82755
16497, 5871,  0.07815,  0.03132,  0.11708,  0.65456,  0.80131,  0.82622,  0.80131
16498, 5872,  0.06781,  0.03435,  0.12031,  0.54783,  0.82755,  0.72485,  0.82755
16499, 5873,  0.07599,  0.02614,  0.12038,  0.65456,  0.82755,  0.82622,  0.82755
16500, 5872,  0.06781,  0.03435,  0.12031,  0.54783,  0.82755,  0.72485,  0.82755
16501, 5874,  0.07318,  0.02084,  0.12341,  0.65456,  0.85295,  0.82622,  0.85295
16502, 5873,  0.07599,  0.02614,  0.12038,  0.65456,  0.82755,  0.82622,  0.82755
16503, 5872,  0.06781,  0.03435,  0.12031,  0.54783,  0.82755,  0.72485,  0.82755
16504, 5875,  0.06653,  0.03019,  0.12269,  0.54783,  0.85295,  0.72485,  0.85295
16505, 5874,  0.07318,  0.02084,  0.12341,  0.65456,  0.85295,  0.82622,  0.85295
16506, 5876,  0.06984,  0.01581,  0.12572,  0.65456,  0.88627,  0.82622,  0.87795
16507, 5874,  0.07318,  0.02084,  0.12341,  0.65456,  0.85295,  0.82622,  0.85295
16508, 5875,  0.06653,  0.03019,  0.12269,  0.54783,  0.85295,  0.72485,  0.85295
16509, 5876,  0.06984,  0.01581,  0.12572,  0.65456,  0.88627,  0.82622,  0.87795
16510, 5875,  0.06653,  0.03019,  0.12269,  0.54783,  0.85295,  0.72485,  0.85295
16511, 5877,  0.06507,  0.02572,  0.12445,  0.54783,  0.88627,  0.72485,  0.87795
16512, 5877,  0.06507,  0.02572,  0.12445,  0.54783,  0.88627,  0.72485,  0.87795
16513, 5878,  0.06606,  0.01147,  0.12685,  0.65456,  0.93624,  0.82622,  0.90298
16514, 5876,  0.06984,  0.01581,  0.12572,  0.65456,  0.88627,  0.82622,  0.87795
16515, 5877,  0.06507,  0.02572,  0.12445,  0.54783,  0.88627,  0.72485,  0.87795
16516, 5879,  0.0634,  0.02097,  0.12508,  0.54783,  0.93624,  0.72485,  0.90298
16517, 5878,  0.06606,  0.01147,  0.12685,  0.65456,  0.93624,  0.82622,  0.90298
16518, 5880,  0.06162,  0.01607,  0.12513,  0.54783,  0.99455,  0.72485,  0.92802
16519, 5878,  0.06606,  0.01147,  0.12685,  0.65456,  0.93624,  0.82622,  0.90298
16520, 5879,  0.0634,  0.02097,  0.12508,  0.54783,  0.93624,  0.72485,  0.90298
16521, 5880,  0.06162,  0.01607,  0.12513,  0.54783,  0.99455,  0.72485,  0.92802
16522, 5881,  0.06206,  0.00748,  0.12738,  0.65456,  0.99455,  0.82622,  0.92802
16523, 5878,  0.06606,  0.01147,  0.12685,  0.65456,  0.93624,  0.82622,  0.90298
16524, 5882,  0.05527,  0.06023,  0.01565,  0.54783,  0.18053,  0.72485,  0.25092
16525, 5883,  0.06055,  0.05938,  0.01811,  0.65456,  0.18053,  0.82622,  0.25092
16526, 5884,  0.06217,  0.05696,  0.01416,  0.65456,  0.1344,  0.82622,  0.20989
16527, 5882,  0.05527,  0.06023,  0.01565,  0.54783,  0.18053,  0.72485,  0.25092
16528, 5884,  0.06217,  0.05696,  0.01416,  0.65456,  0.1344,  0.82622,  0.20989
16529, 5885,  0.05735,  0.05784,  0.01157,  0.54783,  0.1344,  0.72485,  0.20989
16530, 5885,  0.05735,  0.05784,  0.01157,  0.54783,  0.1344,  0.72485,  0.20989
16531, 5884,  0.06217,  0.05696,  0.01416,  0.65456,  0.1344,  0.82622,  0.20989
16532, 5886,  0.06388,  0.05395,  0.01066,  0.65456,  0.09027,  0.82622,  0.16991
16533, 5885,  0.05735,  0.05784,  0.01157,  0.54783,  0.1344,  0.72485,  0.20989
16534, 5886,  0.06388,  0.05395,  0.01066,  0.65456,  0.09027,  0.82622,  0.16991
16535, 5887,  0.05952,  0.05485,  0.00817,  0.54783,  0.09027,  0.72485,  0.16991
16536, 5883,  0.06055,  0.05938,  0.01811,  0.65456,  0.18053,  0.82622,  0.25092
16537, 5882,  0.05527,  0.06023,  0.01565,  0.54783,  0.18053,  0.72485,  0.25092
16538, 5888,  0.05301,  0.06234,  0.02065,  0.54783,  0.23067,  0.72485,  0.29409
16539, 5883,  0.06055,  0.05938,  0.01811,  0.65456,  0.18053,  0.82622,  0.25092
16540, 5888,  0.05301,  0.06234,  0.02065,  0.54783,  0.23067,  0.72485,  0.29409
16541, 5889,  0.05918,  0.06146,  0.02274,  0.65456,  0.23067,  0.82622,  0.29409
16542, 5840,  0.05841,  0.06324,  0.02798,  0.65456,  0.28337,  0.82622,  0.33391
16543, 5889,  0.05918,  0.06146,  0.02274,  0.65456,  0.23067,  0.82622,  0.29409
16544, 5888,  0.05301,  0.06234,  0.02065,  0.54783,  0.23067,  0.72485,  0.29409
16545, 5840,  0.05841,  0.06324,  0.02798,  0.65456,  0.28337,  0.82622,  0.33391
16546, 5888,  0.05301,  0.06234,  0.02065,  0.54783,  0.23067,  0.72485,  0.29409
16547, 5841,  0.05127,  0.06439,  0.02651,  0.54783,  0.28337,  0.72485,  0.33391
16548, 5887,  0.05952,  0.05485,  0.00817,  0.54783,  0.09027,  0.72485,  0.16991
16549, 5886,  0.06388,  0.05395,  0.01066,  0.65456,  0.09027,  0.82622,  0.16991
16550, 5890,  0.06551,  0.05007,  0.00739,  0.65456,  0.04615,  0.82622,  0.12994
16551, 5887,  0.05952,  0.05485,  0.00817,  0.54783,  0.09027,  0.72485,  0.16991
16552, 5890,  0.06551,  0.05007,  0.00739,  0.65456,  0.04615,  0.82622,  0.12994
16553, 5891,  0.06197,  0.05091,  0.00523,  0.54783,  0.04615,  0.72485,  0.12994
16554, 5891,  0.06197,  0.05091,  0.00523,  0.54783,  0.04615,  0.72485,  0.12994
16555, 5890,  0.06551,  0.05007,  0.00739,  0.65456,  0.04615,  0.82622,  0.12994
16556, 5892,  0.0671,  0.04576,  0.00423,  0.65456,  0.00202,  0.82622,  0.08997
16557, 5891,  0.06197,  0.05091,  0.00523,  0.54783,  0.04615,  0.72485,  0.12994
16558, 5892,  0.0671,  0.04576,  0.00423,  0.65456,  0.00202,  0.82622,  0.08997
16559, 5893,  0.06453,  0.04643,  0.00254,  0.54783,  0.00202,  0.72485,  0.08997
16560, 5894,  0.10401, -0.01489,  0.04866,  0.57376,  0.26321,  0.04147,  0.52932
16561, 5895,  0.10274, -0.01922,  0.04702,  0.57376,  0.1457,  0.04147,  0.41445
16562, 5896,  0.10214, -0.01834,  0.04561,  0.47292,  0.1457,  0.00863,  0.41445
16563, 5894,  0.10401, -0.01489,  0.04866,  0.57376,  0.26321,  0.04147,  0.52932
16564, 5896,  0.10214, -0.01834,  0.04561,  0.47292,  0.1457,  0.00863,  0.41445
16565, 5897,  0.10334, -0.01352,  0.04716,  0.47292,  0.26321,  0.00863,  0.52932
16566, 5898,  0.1015, -0.02337,  0.0457,  0.57376,  0.00202,  0.04147,  0.27431
16567, 5896,  0.10214, -0.01834,  0.04561,  0.47292,  0.1457,  0.00863,  0.41445
16568, 5895,  0.10274, -0.01922,  0.04702,  0.57376,  0.1457,  0.04147,  0.41445
16569, 5898,  0.1015, -0.02337,  0.0457,  0.57376,  0.00202,  0.04147,  0.27431
16570, 5899,  0.10099, -0.02295,  0.04439,  0.47292,  0.00202,  0.00863,  0.27431
16571, 5896,  0.10214, -0.01834,  0.04561,  0.47292,  0.1457,  0.00863,  0.41445
16572, 5897,  0.10334, -0.01352,  0.04716,  0.47292,  0.26321,  0.00863,  0.52932
16573, 5900,  0.10511, -0.01015,  0.05097,  0.57376,  0.32841,  0.04147,  0.59363
16574, 5894,  0.10401, -0.01489,  0.04866,  0.57376,  0.26321,  0.04147,  0.52932
16575, 5897,  0.10334, -0.01352,  0.04716,  0.47292,  0.26321,  0.00863,  0.52932
16576, 5901,  0.10442, -0.0082,  0.04937,  0.47292,  0.32841,  0.00863,  0.59363
16577, 5900,  0.10511, -0.01015,  0.05097,  0.57376,  0.32841,  0.04147,  0.59363
16578, 5902,  0.10591, -0.00547,  0.05384,  0.57376,  0.36442,  0.04147,  0.62965
16579, 5900,  0.10511, -0.01015,  0.05097,  0.57376,  0.32841,  0.04147,  0.59363
16580, 5901,  0.10442, -0.0082,  0.04937,  0.47292,  0.32841,  0.00863,  0.59363
16581, 5902,  0.10591, -0.00547,  0.05384,  0.57376,  0.36442,  0.04147,  0.62965
16582, 5901,  0.10442, -0.0082,  0.04937,  0.47292,  0.32841,  0.00863,  0.59363
16583, 5903,  0.10522, -0.00294,  0.05219,  0.47292,  0.36442,  0.00863,  0.62965
16584, 5903,  0.10522, -0.00294,  0.05219,  0.47292,  0.36442,  0.00863,  0.62965
16585, 5904,  0.10621, -0.00132,  0.05724,  0.57376,  0.3944,  0.04147,  0.65962
16586, 5902,  0.10591, -0.00547,  0.05384,  0.57376,  0.36442,  0.04147,  0.62965
16587, 5903,  0.10522, -0.00294,  0.05219,  0.47292,  0.36442,  0.00863,  0.62965
16588, 5905,  0.10548,  0.00178,  0.05561,  0.47292,  0.3944,  0.00863,  0.65962
16589, 5904,  0.10621, -0.00132,  0.05724,  0.57376,  0.3944,  0.04147,  0.65962
16590, 5906,  0.10516,  0.00588,  0.05994,  0.47292,  0.41818,  0.00863,  0.6834
16591, 5904,  0.10621, -0.00132,  0.05724,  0.57376,  0.3944,  0.04147,  0.65962
16592, 5905,  0.10548,  0.00178,  0.05561,  0.47292,  0.3944,  0.00863,  0.65962
16593, 5906,  0.10516,  0.00588,  0.05994,  0.47292,  0.41818,  0.00863,  0.6834
16594, 5907,  0.10594,  0.00224,  0.06142,  0.57376,  0.41818,  0.04147,  0.6834
16595, 5904,  0.10621, -0.00132,  0.05724,  0.57376,  0.3944,  0.04147,  0.65962
16596, 5906,  0.10516,  0.00588,  0.05994,  0.47292,  0.41818,  0.00863,  0.6834
16597, 5908,  0.10531,  0.0051,  0.06673,  0.57376,  0.43562,  0.04147,  0.70085
16598, 5907,  0.10594,  0.00224,  0.06142,  0.57376,  0.41818,  0.04147,  0.6834
16599, 5906,  0.10516,  0.00588,  0.05994,  0.47292,  0.41818,  0.00863,  0.6834
16600, 5909,  0.1045,  0.00928,  0.0655,  0.47292,  0.43562,  0.00863,  0.70085
16601, 5908,  0.10531,  0.0051,  0.06673,  0.57376,  0.43562,  0.04147,  0.70085
16602, 5910,  0.10442,  0.00727,  0.07224,  0.57376,  0.45414,  0.04147,  0.71937
16603, 5908,  0.10531,  0.0051,  0.06673,  0.57376,  0.43562,  0.04147,  0.70085
16604, 5909,  0.1045,  0.00928,  0.0655,  0.47292,  0.43562,  0.00863,  0.70085
16605, 5910,  0.10442,  0.00727,  0.07224,  0.57376,  0.45414,  0.04147,  0.71937
16606, 5909,  0.1045,  0.00928,  0.0655,  0.47292,  0.43562,  0.00863,  0.70085
16607, 5911,  0.10359,  0.01191,  0.07131,  0.47292,  0.45414,  0.00863,  0.71937
16608, 5911,  0.10359,  0.01191,  0.07131,  0.47292,  0.45414,  0.00863,  0.71937
16609, 5912,  0.10344,  0.00871,  0.07705,  0.57376,  0.48115,  0.04147,  0.74637
16610, 5910,  0.10442,  0.00727,  0.07224,  0.57376,  0.45414,  0.04147,  0.71937
16611, 5911,  0.10359,  0.01191,  0.07131,  0.47292,  0.45414,  0.00863,  0.71937
16612, 5913,  0.10255,  0.01367,  0.07634,  0.47292,  0.48115,  0.00863,  0.74637
16613, 5912,  0.10344,  0.00871,  0.07705,  0.57376,  0.48115,  0.04147,  0.74637
16614, 5914,  0.10123,  0.01465,  0.08116,  0.47292,  0.51615,  0.00863,  0.78137
16615, 5912,  0.10344,  0.00871,  0.07705,  0.57376,  0.48115,  0.04147,  0.74637
16616, 5913,  0.10255,  0.01367,  0.07634,  0.47292,  0.48115,  0.00863,  0.74637
16617, 5914,  0.10123,  0.01465,  0.08116,  0.47292,  0.51615,  0.00863,  0.78137
16618, 5915,  0.10217,  0.00944,  0.08168,  0.57376,  0.51615,  0.04147,  0.78137
16619, 5912,  0.10344,  0.00871,  0.07705,  0.57376,  0.48115,  0.04147,  0.74637
16620, 5914,  0.10123,  0.01465,  0.08116,  0.47292,  0.51615,  0.00863,  0.78137
16621, 5916,  0.10033,  0.00946,  0.08662,  0.57376,  0.55864,  0.04147,  0.82387
16622, 5915,  0.10217,  0.00944,  0.08168,  0.57376,  0.51615,  0.04147,  0.78137
16623, 5914,  0.10123,  0.01465,  0.08116,  0.47292,  0.51615,  0.00863,  0.78137
16624, 5917,  0.09943,  0.01494,  0.08633,  0.47292,  0.55864,  0.00863,  0.82387
16625, 5916,  0.10033,  0.00946,  0.08662,  0.57376,  0.55864,  0.04147,  0.82387
16626, 5918,  0.09721,  0.01485,  0.09164,  0.47292,  0.60489,  0.00863,  0.87011
16627, 5916,  0.10033,  0.00946,  0.08662,  0.57376,  0.55864,  0.04147,  0.82387
16628, 5917,  0.09943,  0.01494,  0.08633,  0.47292,  0.55864,  0.00863,  0.82387
16629, 5918,  0.09721,  0.01485,  0.09164,  0.47292,  0.60489,  0.00863,  0.87011
16630, 5919,  0.09808,  0.0091,  0.09167,  0.57376,  0.60489,  0.04147,  0.87011
16631, 5916,  0.10033,  0.00946,  0.08662,  0.57376,  0.55864,  0.04147,  0.82387
16632, 5920,  0.08395, -0.05129,  0.06115,  0.17851,  0.81983,  1.06044,  0.61492
16633, 5921,  0.0794, -0.05271,  0.05309,  0.17851,  0.75706,  1.06044,  0.58578
16634, 5922,  0.08503, -0.04825,  0.05276,  0.07836,  0.75706,  1.00975,  0.58578
16635, 5920,  0.08395, -0.05129,  0.06115,  0.17851,  0.81983,  1.06044,  0.61492
16636, 5922,  0.08503, -0.04825,  0.05276,  0.07836,  0.75706,  1.00975,  0.58578
16637, 5923,  0.08902, -0.04705,  0.06061,  0.07836,  0.81983,  1.00975,  0.61492
16638, 5924,  0.07391, -0.0536,  0.04496,  0.17851,  0.69383,  1.06044,  0.55642
16639, 5922,  0.08503, -0.04825,  0.05276,  0.07836,  0.75706,  1.00975,  0.58578
16640, 5921,  0.0794, -0.05271,  0.05309,  0.17851,  0.75706,  1.06044,  0.58578
16641, 5924,  0.07391, -0.0536,  0.04496,  0.17851,  0.69383,  1.06044,  0.55642
16642, 5925,  0.08018, -0.04899,  0.04474,  0.07836,  0.69383,  1.00975,  0.55642
16643, 5922,  0.08503, -0.04825,  0.05276,  0.07836,  0.75706,  1.00975,  0.58578
16644, 5923,  0.08902, -0.04705,  0.06061,  0.07836,  0.81983,  1.00975,  0.61492
16645, 5926,  0.08746, -0.0492,  0.06925,  0.17851,  0.88222,  1.06044,  0.64388
16646, 5920,  0.08395, -0.05129,  0.06115,  0.17851,  0.81983,  1.06044,  0.61492
16647, 5923,  0.08902, -0.04705,  0.06061,  0.07836,  0.81983,  1.00975,  0.61492
16648, 5927,  0.09219, -0.04508,  0.0685,  0.07836,  0.88222,  1.00975,  0.64388
16649, 5926,  0.08746, -0.0492,  0.06925,  0.17851,  0.88222,  1.06044,  0.64388
16650, 5928,  0.08985, -0.04667,  0.07681,  0.17851,  0.93539,  1.06044,  0.67264
16651, 5926,  0.08746, -0.0492,  0.06925,  0.17851,  0.88222,  1.06044,  0.64388
16652, 5927,  0.09219, -0.04508,  0.0685,  0.07836,  0.88222,  1.00975,  0.64388
16653, 5928,  0.08985, -0.04667,  0.07681,  0.17851,  0.93539,  1.06044,  0.67264
16654, 5927,  0.09219, -0.04508,  0.0685,  0.07836,  0.88222,  1.00975,  0.64388
16655, 5929,  0.09428, -0.0427,  0.07608,  0.07836,  0.93539,  1.00975,  0.67264
16656, 5924,  0.07391, -0.0536,  0.04496,  0.17851,  0.69383,  1.06044,  0.55642
16657, 5930,  0.07443, -0.04956,  0.03634,  0.07836,  0.63007,  1.00975,  0.52682
16658, 5925,  0.08018, -0.04899,  0.04474,  0.07836,  0.69383,  1.00975,  0.55642
16659, 5924,  0.07391, -0.0536,  0.04496,  0.17851,  0.69383,  1.06044,  0.55642
16660, 5931,  0.06757, -0.05408,  0.03662,  0.17851,  0.63007,  1.06044,  0.52682
16661, 5930,  0.07443, -0.04956,  0.03634,  0.07836,  0.63007,  1.00975,  0.52682
16662, 5932,  0.06191, -0.05437,  0.0286,  0.17851,  0.5693,  1.06044,  0.49705
16663, 5930,  0.07443, -0.04956,  0.03634,  0.07836,  0.63007,  1.00975,  0.52682
16664, 5931,  0.06757, -0.05408,  0.03662,  0.17851,  0.63007,  1.06044,  0.52682
16665, 5932,  0.06191, -0.05437,  0.0286,  0.17851,  0.5693,  1.06044,  0.49705
16666, 5933,  0.06902, -0.04988,  0.02825,  0.07836,  0.5693,  1.00975,  0.49705
16667, 5930,  0.07443, -0.04956,  0.03634,  0.07836,  0.63007,  1.00975,  0.52682
16668, 5929,  0.09428, -0.0427,  0.07608,  0.07836,  0.93539,  1.00975,  0.67264
16669, 5934,  0.091, -0.04395,  0.08327,  0.17851,  0.97054,  1.06044,  0.70115
16670, 5928,  0.08985, -0.04667,  0.07681,  0.17851,  0.93539,  1.06044,  0.67264
16671, 5929,  0.09428, -0.0427,  0.07608,  0.07836,  0.93539,  1.00975,  0.67264
16672, 5935,  0.09498, -0.04025,  0.08297,  0.07836,  0.97054,  1.00975,  0.70115
16673, 5934,  0.091, -0.04395,  0.08327,  0.17851,  0.97054,  1.06044,  0.70115
16674, 5936,  0.09499, -0.03777,  0.08953,  0.07836,  0.99666,  1.00975,  0.72954
16675, 5934,  0.091, -0.04395,  0.08327,  0.17851,  0.97054,  1.06044,  0.70115
16676, 5935,  0.09498, -0.04025,  0.08297,  0.07836,  0.97054,  1.00975,  0.70115
16677, 5936,  0.09499, -0.03777,  0.08953,  0.07836,  0.99666,  1.00975,  0.72954
16678, 5937,  0.09153, -0.04112,  0.08918,  0.17851,  0.99666,  1.06044,  0.72954
16679, 5934,  0.091, -0.04395,  0.08327,  0.17851,  0.97054,  1.06044,  0.70115
16680, 5932,  0.06191, -0.05437,  0.0286,  0.17851,  0.5693,  1.06044,  0.49705
16681, 5938,  0.06518, -0.04985,  0.02113,  0.07836,  0.51508,  1.00975,  0.46721
16682, 5933,  0.06902, -0.04988,  0.02825,  0.07836,  0.5693,  1.00975,  0.49705
16683, 5932,  0.06191, -0.05437,  0.0286,  0.17851,  0.5693,  1.06044,  0.49705
16684, 5939,  0.05848, -0.05466,  0.02137,  0.17851,  0.51508,  1.06044,  0.46721
16685, 5938,  0.06518, -0.04985,  0.02113,  0.07836,  0.51508,  1.00975,  0.46721
16686, 5940,  0.06251, -0.04945,  0.01482,  0.07836,  0.35434,  1.00975,  0.43792
16687, 5938,  0.06518, -0.04985,  0.02113,  0.07836,  0.51508,  1.00975,  0.46721
16688, 5939,  0.05848, -0.05466,  0.02137,  0.17851,  0.51508,  1.06044,  0.46721
16689, 5940,  0.06251, -0.04945,  0.01482,  0.07836,  0.35434,  1.00975,  0.43792
16690, 5939,  0.05848, -0.05466,  0.02137,  0.17851,  0.51508,  1.06044,  0.46721
16691, 5941,  0.05651, -0.05464,  0.01481,  0.17851,  0.35434,  1.06044,  0.43792
16692, 5941,  0.05651, -0.05464,  0.01481,  0.17851,  0.35434,  1.06044,  0.43792
16693, 5942,  0.06063, -0.04866,  0.00914,  0.07836,  0.31817,  1.00975,  0.40977
16694, 5940,  0.06251, -0.04945,  0.01482,  0.07836,  0.35434,  1.00975,  0.43792
16695, 5941,  0.05651, -0.05464,  0.01481,  0.17851,  0.35434,  1.06044,  0.43792
16696, 5943,  0.05524, -0.05398,  0.00876,  0.17851,  0.31817,  1.06044,  0.40977
16697, 5942,  0.06063, -0.04866,  0.00914,  0.07836,  0.31817,  1.00975,  0.40977
16698, 5944,  0.05462, -0.05258,  0.00301,  0.17851,  0.27913,  1.06044,  0.38245
16699, 5942,  0.06063, -0.04866,  0.00914,  0.07836,  0.31817,  1.00975,  0.40977
16700, 5943,  0.05524, -0.05398,  0.00876,  0.17851,  0.31817,  1.06044,  0.40977
16701, 5944,  0.05462, -0.05258,  0.00301,  0.17851,  0.27913,  1.06044,  0.38245
16702, 5945,  0.05938, -0.0474,  0.00379,  0.07836,  0.27913,  1.00975,  0.38245
16703, 5942,  0.06063, -0.04866,  0.00914,  0.07836,  0.31817,  1.00975,  0.40977
16704, 5944,  0.05462, -0.05258,  0.00301,  0.17851,  0.27913,  1.06044,  0.38245
16705, 5946,  0.05857, -0.0456, -0.00151,  0.07836,  0.22803,  1.00975,  0.35562
16706, 5945,  0.05938, -0.0474,  0.00379,  0.07836,  0.27913,  1.00975,  0.38245
16707, 5944,  0.05462, -0.05258,  0.00301,  0.17851,  0.27913,  1.06044,  0.38245
16708, 5947,  0.05456, -0.05032, -0.00268,  0.17851,  0.22803,  1.06044,  0.35562
16709, 5946,  0.05857, -0.0456, -0.00151,  0.07836,  0.22803,  1.00975,  0.35562
16710, 5948,  0.0585, -0.04344, -0.00631,  0.07836,  0.17447,  1.00975,  0.32475
16711, 5946,  0.05857, -0.0456, -0.00151,  0.07836,  0.22803,  1.00975,  0.35562
16712, 5947,  0.05456, -0.05032, -0.00268,  0.17851,  0.22803,  1.06044,  0.35562
16713, 5948,  0.0585, -0.04344, -0.00631,  0.07836,  0.17447,  1.00975,  0.32475
16714, 5947,  0.05456, -0.05032, -0.00268,  0.17851,  0.22803,  1.06044,  0.35562
16715, 5949,  0.05524, -0.04752, -0.0078,  0.17851,  0.17447,  1.06044,  0.32475
16716, 5948,  0.0585, -0.04344, -0.00631,  0.07836,  0.17447,  1.00975,  0.32475
16717, 5949,  0.05524, -0.04752, -0.0078,  0.17851,  0.17447,  1.06044,  0.32475
16718, 5950,  0.0568, -0.04448, -0.01185,  0.17851,  0.13842,  1.06044,  0.2853
16719, 5948,  0.0585, -0.04344, -0.00631,  0.07836,  0.17447,  1.00975,  0.32475
16720, 5950,  0.0568, -0.04448, -0.01185,  0.17851,  0.13842,  1.06044,  0.2853
16721, 5951,  0.05943, -0.0411, -0.01017,  0.07836,  0.13842,  1.00975,  0.2853
16722, 5952,  0.06106, -0.03858, -0.01348,  0.07836,  0.10106,  1.00975,  0.22629
16723, 5951,  0.05943, -0.0411, -0.01017,  0.07836,  0.13842,  1.00975,  0.2853
16724, 5950,  0.0568, -0.04448, -0.01185,  0.17851,  0.13842,  1.06044,  0.2853
16725, 5952,  0.06106, -0.03858, -0.01348,  0.07836,  0.10106,  1.00975,  0.22629
16726, 5950,  0.0568, -0.04448, -0.01185,  0.17851,  0.13842,  1.06044,  0.2853
16727, 5953,  0.059, -0.04123, -0.01523,  0.17851,  0.10106,  1.06044,  0.22629
16728, 5954,  0.06158, -0.03779, -0.01836,  0.17851,  0.05937,  1.06044,  0.13672
16729, 5952,  0.06106, -0.03858, -0.01348,  0.07836,  0.10106,  1.00975,  0.22629
16730, 5953,  0.059, -0.04123, -0.01523,  0.17851,  0.10106,  1.06044,  0.22629
16731, 5954,  0.06158, -0.03779, -0.01836,  0.17851,  0.05937,  1.06044,  0.13672
16732, 5955,  0.06309, -0.0359, -0.01662,  0.07836,  0.05937,  1.00975,  0.13672
16733, 5952,  0.06106, -0.03858, -0.01348,  0.07836,  0.10106,  1.00975,  0.22629
16734, 5956,  0.06435, -0.03425, -0.02136,  0.17851,  0.002,  1.06044,  0.03187
16735, 5955,  0.06309, -0.0359, -0.01662,  0.07836,  0.05937,  1.00975,  0.13672
16736, 5954,  0.06158, -0.03779, -0.01836,  0.17851,  0.05937,  1.06044,  0.13672
16737, 5956,  0.06435, -0.03425, -0.02136,  0.17851,  0.002,  1.06044,  0.03187
16738, 5957,  0.06533, -0.03313, -0.01967,  0.07836,  0.002,  1.00975,  0.03187
16739, 5955,  0.06309, -0.0359, -0.01662,  0.07836,  0.05937,  1.00975,  0.13672
16740, 5958,  0.09405,  0.02541,  0.09159,  0.54718,  0.53298,  0.02314,  0.75105
16741, 5959,  0.09492,  0.02225,  0.09006,  0.60937,  0.53298,  0.08533,  0.75105
16742, 5960,  0.09608,  0.02471,  0.08457,  0.60937,  0.48747,  0.08533,  0.69856
16743, 5958,  0.09405,  0.02541,  0.09159,  0.54718,  0.53298,  0.02314,  0.75105
16744, 5960,  0.09608,  0.02471,  0.08457,  0.60937,  0.48747,  0.08533,  0.69856
16745, 5961,  0.09489,  0.02816,  0.08622,  0.54718,  0.48747,  0.02314,  0.69856
16746, 5961,  0.09489,  0.02816,  0.08622,  0.54718,  0.48747,  0.02314,  0.69856
16747, 5960,  0.09608,  0.02471,  0.08457,  0.60937,  0.48747,  0.08533,  0.69856
16748, 5962,  0.09703,  0.02713,  0.0784,  0.60937,  0.44148,  0.08533,  0.64551
16749, 5961,  0.09489,  0.02816,  0.08622,  0.54718,  0.48747,  0.02314,  0.69856
16750, 5962,  0.09703,  0.02713,  0.0784,  0.60937,  0.44148,  0.08533,  0.64551
16751, 5963,  0.0956,  0.03078,  0.08014,  0.54718,  0.44148,  0.02314,  0.64551
16752, 5964,  0.09298,  0.02275,  0.09611,  0.54718,  0.57729,  0.02314,  0.80215
16753, 5959,  0.09492,  0.02225,  0.09006,  0.60937,  0.53298,  0.08533,  0.75105
16754, 5958,  0.09405,  0.02541,  0.09159,  0.54718,  0.53298,  0.02314,  0.75105
16755, 5964,  0.09298,  0.02275,  0.09611,  0.54718,  0.57729,  0.02314,  0.80215
16756, 5965,  0.0936,  0.01996,  0.09477,  0.60937,  0.57729,  0.08533,  0.80215
16757, 5959,  0.09492,  0.02225,  0.09006,  0.60937,  0.53298,  0.08533,  0.75105
16758, 5966,  0.09158,  0.0199,  0.09985,  0.54718,  0.61931,  0.02314,  0.85062
16759, 5965,  0.0936,  0.01996,  0.09477,  0.60937,  0.57729,  0.08533,  0.80215
16760, 5964,  0.09298,  0.02275,  0.09611,  0.54718,  0.57729,  0.02314,  0.80215
16761, 5966,  0.09158,  0.0199,  0.09985,  0.54718,  0.61931,  0.02314,  0.85062
16762, 5967,  0.0921,  0.01753,  0.09871,  0.60937,  0.61931,  0.08533,  0.85062
16763, 5965,  0.0936,  0.01996,  0.09477,  0.60937,  0.57729,  0.08533,  0.80215
16764, 5968,  0.08974,  0.01663,  0.10289,  0.54718,  0.65797,  0.02314,  0.8952
16765, 5967,  0.0921,  0.01753,  0.09871,  0.60937,  0.61931,  0.08533,  0.85062
16766, 5966,  0.09158,  0.0199,  0.09985,  0.54718,  0.61931,  0.02314,  0.85062
16767, 5968,  0.08974,  0.01663,  0.10289,  0.54718,  0.65797,  0.02314,  0.8952
16768, 5969,  0.09039,  0.01467,  0.10192,  0.60937,  0.65797,  0.08533,  0.8952
16769, 5967,  0.0921,  0.01753,  0.09871,  0.60937,  0.61931,  0.08533,  0.85062
16770, 5970,  0.08768,  0.01314,  0.10557,  0.54718,  0.69494,  0.02314,  0.93783
16771, 5969,  0.09039,  0.01467,  0.10192,  0.60937,  0.65797,  0.08533,  0.8952
16772, 5968,  0.08974,  0.01663,  0.10289,  0.54718,  0.65797,  0.02314,  0.8952
16773, 5970,  0.08768,  0.01314,  0.10557,  0.54718,  0.69494,  0.02314,  0.93783
16774, 5971,  0.08857,  0.0116,  0.10478,  0.60937,  0.69494,  0.08533,  0.93783
16775, 5969,  0.09039,  0.01467,  0.10192,  0.60937,  0.65797,  0.08533,  0.8952
16776, 5963,  0.0956,  0.03078,  0.08014,  0.54718,  0.44148,  0.02314,  0.64551
16777, 5962,  0.09703,  0.02713,  0.0784,  0.60937,  0.44148,  0.08533,  0.64551
16778, 5972,  0.09771,  0.02929,  0.0717,  0.60937,  0.3957,  0.08533,  0.59272
16779, 5963,  0.0956,  0.03078,  0.08014,  0.54718,  0.44148,  0.02314,  0.64551
16780, 5972,  0.09771,  0.02929,  0.0717,  0.60937,  0.3957,  0.08533,  0.59272
16781, 5973,  0.09629,  0.03304,  0.0735,  0.54718,  0.3957,  0.02314,  0.59272
16782, 5973,  0.09629,  0.03304,  0.0735,  0.54718,  0.3957,  0.02314,  0.59272
16783, 5972,  0.09771,  0.02929,  0.0717,  0.60937,  0.3957,  0.08533,  0.59272
16784, 5974,  0.0977,  0.03143,  0.06479,  0.60937,  0.35017,  0.08533,  0.54021
16785, 5973,  0.09629,  0.03304,  0.0735,  0.54718,  0.3957,  0.02314,  0.59272
16786, 5974,  0.0977,  0.03143,  0.06479,  0.60937,  0.35017,  0.08533,  0.54021
16787, 5975,  0.09648,  0.03518,  0.06659,  0.54718,  0.35017,  0.02314,  0.54021
16788, 5975,  0.09648,  0.03518,  0.06659,  0.54718,  0.35017,  0.02314,  0.54021
16789, 5974,  0.0977,  0.03143,  0.06479,  0.60937,  0.35017,  0.08533,  0.54021
16790, 5976,  0.0966,  0.03381,  0.058,  0.60937,  0.30491,  0.08533,  0.48801
16791, 5975,  0.09648,  0.03518,  0.06659,  0.54718,  0.35017,  0.02314,  0.54021
16792, 5976,  0.0966,  0.03381,  0.058,  0.60937,  0.30491,  0.08533,  0.48801
16793, 5977,  0.0957,  0.0374,  0.05972,  0.54718,  0.30491,  0.02314,  0.48801
16794, 5977,  0.0957,  0.0374,  0.05972,  0.54718,  0.30491,  0.02314,  0.48801
16795, 5976,  0.0966,  0.03381,  0.058,  0.60937,  0.30491,  0.08533,  0.48801
16796, 5978,  0.09454,  0.03639,  0.05171,  0.60937,  0.2529,  0.08533,  0.42802
16797, 5977,  0.0957,  0.0374,  0.05972,  0.54718,  0.30491,  0.02314,  0.48801
16798, 5978,  0.09454,  0.03639,  0.05171,  0.60937,  0.2529,  0.08533,  0.42802
16799, 5979,  0.09395,  0.03969,  0.0533,  0.54718,  0.2529,  0.02314,  0.42802
16800, 5979,  0.09395,  0.03969,  0.0533,  0.54718,  0.2529,  0.02314,  0.42802
16801, 5978,  0.09454,  0.03639,  0.05171,  0.60937,  0.2529,  0.08533,  0.42802
16802, 5980,  0.09163,  0.03919,  0.04629,  0.60937,  0.18712,  0.08533,  0.35216
16803, 5979,  0.09395,  0.03969,  0.0533,  0.54718,  0.2529,  0.02314,  0.42802
16804, 5980,  0.09163,  0.03919,  0.04629,  0.60937,  0.18712,  0.08533,  0.35216
16805, 5981,  0.09123,  0.04206,  0.04771,  0.54718,  0.18712,  0.02314,  0.35216
16806, 5981,  0.09123,  0.04206,  0.04771,  0.54718,  0.18712,  0.02314,  0.35216
16807, 5980,  0.09163,  0.03919,  0.04629,  0.60937,  0.18712,  0.08533,  0.35216
16808, 5982,  0.0882,  0.04197,  0.04137,  0.60937,  0.11858,  0.08533,  0.27751
16809, 5981,  0.09123,  0.04206,  0.04771,  0.54718,  0.18712,  0.02314,  0.35216
16810, 5982,  0.0882,  0.04197,  0.04137,  0.60937,  0.11858,  0.08533,  0.27751
16811, 5983,  0.08789,  0.04431,  0.04259,  0.54718,  0.11858,  0.02314,  0.27751
16812, 5982,  0.0882,  0.04197,  0.04137,  0.60937,  0.11858,  0.08533,  0.27751
16813, 5984,  0.0843,  0.04627,  0.03755,  0.54718,  0.05824,  0.02314,  0.22112
16814, 5983,  0.08789,  0.04431,  0.04259,  0.54718,  0.11858,  0.02314,  0.27751
16815, 5982,  0.0882,  0.04197,  0.04137,  0.60937,  0.11858,  0.08533,  0.27751
16816, 5985,  0.08457,  0.04452,  0.03656,  0.60937,  0.05824,  0.08533,  0.22112
16817, 5984,  0.0843,  0.04627,  0.03755,  0.54718,  0.05824,  0.02314,  0.22112
16818, 5986,  0.08083,  0.04696,  0.03181,  0.60937,  0.00202,  0.08533,  0.17387
16819, 5984,  0.0843,  0.04627,  0.03755,  0.54718,  0.05824,  0.02314,  0.22112
16820, 5985,  0.08457,  0.04452,  0.03656,  0.60937,  0.05824,  0.08533,  0.22112
16821, 5986,  0.08083,  0.04696,  0.03181,  0.60937,  0.00202,  0.08533,  0.17387
16822, 5987,  0.08058,  0.04808,  0.03256,  0.54718,  0.00202,  0.02314,  0.17387
16823, 5984,  0.0843,  0.04627,  0.03755,  0.54718,  0.05824,  0.02314,  0.22112
16824, 5988,  0.10318,  0.01401,  0.05508,  0.62931,  0.31756,  0.06591,  0.29883
16825, 5989,  0.1037,  0.01027,  0.05193,  0.62931,  0.26125,  0.06591,  0.25232
16826, 5990,  0.10259,  0.01199,  0.04964,  0.68393,  0.26125,  0.0113,  0.25232
16827, 5988,  0.10318,  0.01401,  0.05508,  0.62931,  0.31756,  0.06591,  0.29883
16828, 5990,  0.10259,  0.01199,  0.04964,  0.68393,  0.26125,  0.0113,  0.25232
16829, 5991,  0.10181,  0.01662,  0.05319,  0.68393,  0.31756,  0.0113,  0.29883
16830, 5992,  0.10405,  0.00613,  0.04909,  0.62931,  0.1942,  0.06591,  0.20805
16831, 5990,  0.10259,  0.01199,  0.04964,  0.68393,  0.26125,  0.0113,  0.25232
16832, 5989,  0.1037,  0.01027,  0.05193,  0.62931,  0.26125,  0.06591,  0.25232
16833, 5992,  0.10405,  0.00613,  0.04909,  0.62931,  0.1942,  0.06591,  0.20805
16834, 5993,  0.10315,  0.00709,  0.04668,  0.68393,  0.1942,  0.0113,  0.20805
16835, 5990,  0.10259,  0.01199,  0.04964,  0.68393,  0.26125,  0.0113,  0.25232
16836, 5992,  0.10405,  0.00613,  0.04909,  0.62931,  0.1942,  0.06591,  0.20805
16837, 5994,  0.10359,  0.00237,  0.04449,  0.68393,  0.10309,  0.0113,  0.16463
16838, 5993,  0.10315,  0.00709,  0.04668,  0.68393,  0.1942,  0.0113,  0.20805
16839, 5992,  0.10405,  0.00613,  0.04909,  0.62931,  0.1942,  0.06591,  0.20805
16840, 5995,  0.10439,  0.00175,  0.04653,  0.62931,  0.10309,  0.06591,  0.16463
16841, 5994,  0.10359,  0.00237,  0.04449,  0.68393,  0.10309,  0.0113,  0.16463
16842, 5996,  0.10473, -0.00275,  0.04413,  0.62931, -0.00004,  0.06591,  0.12163
16843, 5994,  0.10359,  0.00237,  0.04449,  0.68393,  0.10309,  0.0113,  0.16463
16844, 5995,  0.10439,  0.00175,  0.04653,  0.62931,  0.10309,  0.06591,  0.16463
16845, 5996,  0.10473, -0.00275,  0.04413,  0.62931, -0.00004,  0.06591,  0.12163
16846, 5997,  0.10396, -0.00225,  0.04267,  0.68393, -0.00004,  0.0113,  0.12163
16847, 5994,  0.10359,  0.00237,  0.04449,  0.68393,  0.10309,  0.0113,  0.16463
16848, 5991,  0.10181,  0.01662,  0.05319,  0.68393,  0.31756,  0.0113,  0.29883
16849, 5998,  0.10231,  0.01721,  0.05852,  0.62931,  0.37646,  0.06591,  0.34899
16850, 5988,  0.10318,  0.01401,  0.05508,  0.62931,  0.31756,  0.06591,  0.29883
16851, 5991,  0.10181,  0.01662,  0.05319,  0.68393,  0.31756,  0.0113,  0.29883
16852, 5999,  0.10071,  0.02053,  0.05714,  0.68393,  0.37646,  0.0113,  0.34899
16853, 5998,  0.10231,  0.01721,  0.05852,  0.62931,  0.37646,  0.06591,  0.34899
16854, 6000,  0.09939,  0.02375,  0.0614,  0.68393,  0.43615,  0.0113,  0.40475
16855, 5998,  0.10231,  0.01721,  0.05852,  0.62931,  0.37646,  0.06591,  0.34899
16856, 5999,  0.10071,  0.02053,  0.05714,  0.68393,  0.37646,  0.0113,  0.34899
16857, 6000,  0.09939,  0.02375,  0.0614,  0.68393,  0.43615,  0.0113,  0.40475
16858, 6001,  0.10126,  0.01996,  0.0623,  0.62931,  0.43615,  0.06591,  0.40475
16859, 5998,  0.10231,  0.01721,  0.05852,  0.62931,  0.37646,  0.06591,  0.34899
16860, 6000,  0.09939,  0.02375,  0.0614,  0.68393,  0.43615,  0.0113,  0.40475
16861, 6002,  0.10021,  0.02239,  0.06647,  0.62931,  0.49486,  0.06591,  0.46808
16862, 6001,  0.10126,  0.01996,  0.0623,  0.62931,  0.43615,  0.06591,  0.40475
16863, 6000,  0.09939,  0.02375,  0.0614,  0.68393,  0.43615,  0.0113,  0.40475
16864, 6003,  0.09792,  0.02631,  0.06583,  0.68393,  0.49486,  0.0113,  0.46808
16865, 6002,  0.10021,  0.02239,  0.06647,  0.62931,  0.49486,  0.06591,  0.46808
16866, 6004,  0.09841,  0.02446,  0.07264,  0.62931,  0.55311,  0.06591,  0.53525
16867, 6002,  0.10021,  0.02239,  0.06647,  0.62931,  0.49486,  0.06591,  0.46808
16868, 6003,  0.09792,  0.02631,  0.06583,  0.68393,  0.49486,  0.0113,  0.46808
16869, 6004,  0.09841,  0.02446,  0.07264,  0.62931,  0.55311,  0.06591,  0.53525
16870, 6003,  0.09792,  0.02631,  0.06583,  0.68393,  0.49486,  0.0113,  0.46808
16871, 6005,  0.09576,  0.02844,  0.07219,  0.68393,  0.55311,  0.0113,  0.53525
16872, 6005,  0.09576,  0.02844,  0.07219,  0.68393,  0.55311,  0.0113,  0.53525
16873, 6006,  0.0951,  0.02615,  0.08243,  0.62931,  0.61145,  0.06591,  0.60252
16874, 6004,  0.09841,  0.02446,  0.07264,  0.62931,  0.55311,  0.06591,  0.53525
16875, 6005,  0.09576,  0.02844,  0.07219,  0.68393,  0.55311,  0.0113,  0.53525
16876, 6007,  0.09234,  0.03034,  0.08223,  0.68393,  0.61145,  0.0113,  0.60252
16877, 6006,  0.0951,  0.02615,  0.08243,  0.62931,  0.61145,  0.06591,  0.60252
16878, 6008,  0.08829,  0.03214,  0.09411,  0.68393,  0.66984,  0.0113,  0.66984
16879, 6006,  0.0951,  0.02615,  0.08243,  0.62931,  0.61145,  0.06591,  0.60252
16880, 6007,  0.09234,  0.03034,  0.08223,  0.68393,  0.61145,  0.0113,  0.60252
16881, 6008,  0.08829,  0.03214,  0.09411,  0.68393,  0.66984,  0.0113,  0.66984
16882, 6009,  0.09105,  0.02766,  0.09403,  0.62931,  0.66984,  0.06591,  0.66984
16883, 6006,  0.0951,  0.02615,  0.08243,  0.62931,  0.61145,  0.06591,  0.60252
16884, 6010,  0.06258,  0.05554,  0.02312,  0.38212,  0.33305,  1.63794,  0.50919
16885, 6011,  0.0532,  0.06243,  0.02535,  0.27539,  0.33305,  1.73931,  0.50919
16886, 6012,  0.05652,  0.06236,  0.03218,  0.27539,  0.35975,  1.7405,  0.54794
16887, 6010,  0.06258,  0.05554,  0.02312,  0.38212,  0.33305,  1.63794,  0.50919
16888, 6012,  0.05652,  0.06236,  0.03218,  0.27539,  0.35975,  1.7405,  0.54794
16889, 6013,  0.06725,  0.05459,  0.02933,  0.38212,  0.35975,  1.63913,  0.54794
16890, 6013,  0.06725,  0.05459,  0.02933,  0.38212,  0.35975,  1.63913,  0.54794
16891, 6012,  0.05652,  0.06236,  0.03218,  0.27539,  0.35975,  1.7405,  0.54794
16892, 6014,  0.05988,  0.06216,  0.0392,  0.27539,  0.38603,  1.74169,  0.58096
16893, 6013,  0.06725,  0.05459,  0.02933,  0.38212,  0.35975,  1.63913,  0.54794
16894, 6014,  0.05988,  0.06216,  0.0392,  0.27539,  0.38603,  1.74169,  0.58096
16895, 6015,  0.07195,  0.05354,  0.03571,  0.38212,  0.38603,  1.64032,  0.58096
16896, 6014,  0.05988,  0.06216,  0.0392,  0.27539,  0.38603,  1.74169,  0.58096
16897, 6016,  0.07603,  0.05264,  0.04229,  0.38212,  0.53185,  1.64072,  0.60725
16898, 6015,  0.07195,  0.05354,  0.03571,  0.38212,  0.38603,  1.64032,  0.58096
16899, 6014,  0.05988,  0.06216,  0.0392,  0.27539,  0.38603,  1.74169,  0.58096
16900, 6017,  0.06316,  0.06205,  0.04646,  0.27539,  0.53185,  1.74209,  0.60725
16901, 6016,  0.07603,  0.05264,  0.04229,  0.38212,  0.53185,  1.64072,  0.60725
16902, 6018,  0.07927,  0.05171,  0.04904,  0.38212,  0.56054,  1.64072,  0.63459
16903, 6016,  0.07603,  0.05264,  0.04229,  0.38212,  0.53185,  1.64072,  0.60725
16904, 6017,  0.06316,  0.06205,  0.04646,  0.27539,  0.53185,  1.74209,  0.60725
16905, 6018,  0.07927,  0.05171,  0.04904,  0.38212,  0.56054,  1.64072,  0.63459
16906, 6017,  0.06316,  0.06205,  0.04646,  0.27539,  0.53185,  1.74209,  0.60725
16907, 6019,  0.06619,  0.06164,  0.0539,  0.27539,  0.56054,  1.74209,  0.63459
16908, 6019,  0.06619,  0.06164,  0.0539,  0.27539,  0.56054,  1.74209,  0.63459
16909, 6020,  0.08145,  0.05055,  0.05591,  0.38212,  0.58945,  1.64072,  0.67078
16910, 6018,  0.07927,  0.05171,  0.04904,  0.38212,  0.56054,  1.64072,  0.63459
16911, 6019,  0.06619,  0.06164,  0.0539,  0.27539,  0.56054,  1.74209,  0.63459
16912, 6021,  0.06876,  0.06056,  0.06148,  0.27539,  0.58945,  1.74209,  0.67078
16913, 6020,  0.08145,  0.05055,  0.05591,  0.38212,  0.58945,  1.64072,  0.67078
16914, 6022,  0.07114,  0.05883,  0.06894,  0.27539,  0.61899,  1.74209,  0.71211
16915, 6020,  0.08145,  0.05055,  0.05591,  0.38212,  0.58945,  1.64072,  0.67078
16916, 6021,  0.06876,  0.06056,  0.06148,  0.27539,  0.58945,  1.74209,  0.67078
16917, 6022,  0.07114,  0.05883,  0.06894,  0.27539,  0.61899,  1.74209,  0.71211
16918, 6023,  0.08316,  0.04905,  0.06276,  0.38212,  0.61899,  1.64072,  0.71211
16919, 6020,  0.08145,  0.05055,  0.05591,  0.38212,  0.58945,  1.64072,  0.67078
16920, 6024,  0.07355,  0.05645,  0.07604,  0.27539,  0.64956,  1.74209,  0.75488
16921, 6023,  0.08316,  0.04905,  0.06276,  0.38212,  0.61899,  1.64072,  0.71211
16922, 6022,  0.07114,  0.05883,  0.06894,  0.27539,  0.61899,  1.74209,  0.71211
16923, 6024,  0.07355,  0.05645,  0.07604,  0.27539,  0.64956,  1.74209,  0.75488
16924, 6025,  0.085,  0.04711,  0.06945,  0.38212,  0.64956,  1.64072,  0.75488
16925, 6023,  0.08316,  0.04905,  0.06276,  0.38212,  0.61899,  1.64072,  0.71211
16926, 6026,  0.0758,  0.05379,  0.08273,  0.27539,  0.68041,  1.74209,  0.79804
16927, 6025,  0.085,  0.04711,  0.06945,  0.38212,  0.64956,  1.64072,  0.75488
16928, 6024,  0.07355,  0.05645,  0.07604,  0.27539,  0.64956,  1.74209,  0.75488
16929, 6026,  0.0758,  0.05379,  0.08273,  0.27539,  0.68041,  1.74209,  0.79804
16930, 6027,  0.08662,  0.04493,  0.07591,  0.38212,  0.68041,  1.64072,  0.79804
16931, 6025,  0.085,  0.04711,  0.06945,  0.38212,  0.64956,  1.64072,  0.75488
16932, 6028,  0.07767,  0.05118,  0.08893,  0.27539,  0.7108,  1.74209,  0.84057
16933, 6027,  0.08662,  0.04493,  0.07591,  0.38212,  0.68041,  1.64072,  0.79804
16934, 6026,  0.0758,  0.05379,  0.08273,  0.27539,  0.68041,  1.74209,  0.79804
16935, 6028,  0.07767,  0.05118,  0.08893,  0.27539,  0.7108,  1.74209,  0.84057
16936, 6029,  0.08771,  0.04273,  0.08209,  0.38212,  0.7108,  1.64072,  0.84057
16937, 6027,  0.08662,  0.04493,  0.07591,  0.38212,  0.68041,  1.64072,  0.79804
16938, 6030,  0.07911,  0.0484,  0.09461,  0.27539,  0.74068,  1.74209,  0.8777
16939, 6029,  0.08771,  0.04273,  0.08209,  0.38212,  0.7108,  1.64072,  0.84057
16940, 6028,  0.07767,  0.05118,  0.08893,  0.27539,  0.7108,  1.74209,  0.84057
16941, 6030,  0.07911,  0.0484,  0.09461,  0.27539,  0.74068,  1.74209,  0.8777
16942, 6031,  0.08841,  0.04026,  0.088,  0.38212,  0.74068,  1.64072,  0.8777
16943, 6029,  0.08771,  0.04273,  0.08209,  0.38212,  0.7108,  1.64072,  0.84057
16944, 6032,  0.08007,  0.04524,  0.09971,  0.27539,  0.77,  1.74209,  0.90466
16945, 6031,  0.08841,  0.04026,  0.088,  0.38212,  0.74068,  1.64072,  0.8777
16946, 6030,  0.07911,  0.0484,  0.09461,  0.27539,  0.74068,  1.74209,  0.8777
16947, 6032,  0.08007,  0.04524,  0.09971,  0.27539,  0.77,  1.74209,  0.90466
16948, 6033,  0.08886,  0.03727,  0.09364,  0.38212,  0.77,  1.64072,  0.90466
16949, 6031,  0.08841,  0.04026,  0.088,  0.38212,  0.74068,  1.64072,  0.8777
16950, 6034,  0.08025,  0.0417,  0.10422,  0.27539,  0.79835,  1.74209,  0.92359
16951, 6033,  0.08886,  0.03727,  0.09364,  0.38212,  0.77,  1.64072,  0.90466
16952, 6032,  0.08007,  0.04524,  0.09971,  0.27539,  0.77,  1.74209,  0.90466
16953, 6034,  0.08025,  0.0417,  0.10422,  0.27539,  0.79835,  1.74209,  0.92359
16954, 6035,  0.08879,  0.03374,  0.09888,  0.38212,  0.79835,  1.64072,  0.92359
16955, 6033,  0.08886,  0.03727,  0.09364,  0.38212,  0.77,  1.64072,  0.90466
16956, 6036,  0.07936,  0.03782,  0.10815,  0.27539,  0.82535,  1.74209,  0.93665
16957, 6035,  0.08879,  0.03374,  0.09888,  0.38212,  0.79835,  1.64072,  0.92359
16958, 6034,  0.08025,  0.0417,  0.10422,  0.27539,  0.79835,  1.74209,  0.92359
16959, 6036,  0.07936,  0.03782,  0.10815,  0.27539,  0.82535,  1.74209,  0.93665
16960, 6037,  0.08792,  0.02963,  0.10361,  0.38212,  0.82535,  1.64072,  0.93665
16961, 6035,  0.08879,  0.03374,  0.09888,  0.38212,  0.79835,  1.64072,  0.92359
16962, 6038,  0.0777,  0.03372,  0.11169,  0.27539,  0.85111,  1.74209,  0.94656
16963, 6037,  0.08792,  0.02963,  0.10361,  0.38212,  0.82535,  1.64072,  0.93665
16964, 6036,  0.07936,  0.03782,  0.10815,  0.27539,  0.82535,  1.74209,  0.93665
16965, 6038,  0.0777,  0.03372,  0.11169,  0.27539,  0.85111,  1.74209,  0.94656
16966, 6039,  0.08624,  0.02498,  0.10813,  0.38212,  0.85111,  1.64072,  0.94656
16967, 6037,  0.08792,  0.02963,  0.10361,  0.38212,  0.82535,  1.64072,  0.93665
16968, 6039,  0.08624,  0.02498,  0.10813,  0.38212,  0.85111,  1.64072,  0.94656
16969, 6038,  0.0777,  0.03372,  0.11169,  0.27539,  0.85111,  1.74209,  0.94656
16970, 6040,  0.07554,  0.02952,  0.11506,  0.27539,  0.87575,  1.74209,  0.95604
16971, 6039,  0.08624,  0.02498,  0.10813,  0.38212,  0.85111,  1.64072,  0.94656
16972, 6040,  0.07554,  0.02952,  0.11506,  0.27539,  0.87575,  1.74209,  0.95604
16973, 6041,  0.08376,  0.0198,  0.11276,  0.38212,  0.87575,  1.64072,  0.95604
16974, 6041,  0.08376,  0.0198,  0.11276,  0.38212,  0.87575,  1.64072,  0.95604
16975, 6040,  0.07554,  0.02952,  0.11506,  0.27539,  0.87575,  1.74209,  0.95604
16976, 6042,  0.0731,  0.02547,  0.11826,  0.27539,  0.89946,  1.74209,  0.96516
16977, 6041,  0.08376,  0.0198,  0.11276,  0.38212,  0.87575,  1.64072,  0.95604
16978, 6042,  0.0731,  0.02547,  0.11826,  0.27539,  0.89946,  1.74209,  0.96516
16979, 6043,  0.08052,  0.01474,  0.11703,  0.38212,  0.89946,  1.64072,  0.96516
16980, 6042,  0.0731,  0.02547,  0.11826,  0.27539,  0.89946,  1.74209,  0.96516
16981, 6044,  0.07657,  0.01044,  0.1205,  0.38212,  0.92247,  1.64072,  0.97401
16982, 6043,  0.08052,  0.01474,  0.11703,  0.38212,  0.89946,  1.64072,  0.96516
16983, 6042,  0.0731,  0.02547,  0.11826,  0.27539,  0.89946,  1.74209,  0.96516
16984, 6045,  0.07057,  0.02182,  0.12129,  0.27539,  0.92247,  1.74209,  0.97401
16985, 6044,  0.07657,  0.01044,  0.1205,  0.38212,  0.92247,  1.64072,  0.97401
16986, 6046,  0.07217,  0.007,  0.12326,  0.38212,  0.94565,  1.64072,  0.98158
16987, 6044,  0.07657,  0.01044,  0.1205,  0.38212,  0.92247,  1.64072,  0.97401
16988, 6045,  0.07057,  0.02182,  0.12129,  0.27539,  0.92247,  1.74209,  0.97401
16989, 6046,  0.07217,  0.007,  0.12326,  0.38212,  0.94565,  1.64072,  0.98158
16990, 6045,  0.07057,  0.02182,  0.12129,  0.27539,  0.92247,  1.74209,  0.97401
16991, 6047,  0.068,  0.01835,  0.12372,  0.27539,  0.94565,  1.74209,  0.98158
16992, 6047,  0.068,  0.01835,  0.12372,  0.27539,  0.94565,  1.74209,  0.98158
16993, 6048,  0.0676,  0.00454,  0.12543,  0.38212,  0.96985,  1.64072,  0.98683
16994, 6046,  0.07217,  0.007,  0.12326,  0.38212,  0.94565,  1.64072,  0.98158
16995, 6047,  0.068,  0.01835,  0.12372,  0.27539,  0.94565,  1.74209,  0.98158
16996, 6049,  0.06545,  0.01485,  0.12512,  0.27539,  0.96985,  1.74209,  0.98683
16997, 6048,  0.0676,  0.00454,  0.12543,  0.38212,  0.96985,  1.64072,  0.98683
16998, 6050,  0.06291,  0.01134,  0.12599,  0.27539,  0.99457,  1.74209,  0.99093
16999, 6048,  0.0676,  0.00454,  0.12543,  0.38212,  0.96985,  1.64072,  0.98683
17000, 6049,  0.06545,  0.01485,  0.12512,  0.27539,  0.96985,  1.74209,  0.98683
17001, 6050,  0.06291,  0.01134,  0.12599,  0.27539,  0.99457,  1.74209,  0.99093
17002, 6051,  0.06293,  0.00256,  0.12729,  0.38212,  0.99457,  1.64072,  0.99093
17003, 6048,  0.0676,  0.00454,  0.12543,  0.38212,  0.96985,  1.64072,  0.98683
17004, 6052,  0.06663,  0.03699, -0.03502,  0.38212,  0.06327,  1.64072,  0.12709
17005, 6053,  0.06381,  0.03603, -0.03726,  0.27539,  0.06327,  1.74209,  0.12709
17006, 6054,  0.06115,  0.03867, -0.03731,  0.27539,  0.07552,  1.74209,  0.14331
17007, 6052,  0.06663,  0.03699, -0.03502,  0.38212,  0.06327,  1.64072,  0.12709
17008, 6054,  0.06115,  0.03867, -0.03731,  0.27539,  0.07552,  1.74209,  0.14331
17009, 6055,  0.06447,  0.03918, -0.03488,  0.38212,  0.07552,  1.64072,  0.14331
17010, 6055,  0.06447,  0.03918, -0.03488,  0.38212,  0.07552,  1.64072,  0.14331
17011, 6054,  0.06115,  0.03867, -0.03731,  0.27539,  0.07552,  1.74209,  0.14331
17012, 6056,  0.05808,  0.04117, -0.0367,  0.27539,  0.08095,  1.74209,  0.15855
17013, 6055,  0.06447,  0.03918, -0.03488,  0.38212,  0.07552,  1.64072,  0.14331
17014, 6056,  0.05808,  0.04117, -0.0367,  0.27539,  0.08095,  1.74209,  0.15855
17015, 6057,  0.06198,  0.04117, -0.03411,  0.38212,  0.08095,  1.64072,  0.15855
17016, 6057,  0.06198,  0.04117, -0.03411,  0.38212,  0.08095,  1.64072,  0.15855
17017, 6056,  0.05808,  0.04117, -0.0367,  0.27539,  0.08095,  1.74209,  0.15855
17018, 6058,  0.05494,  0.04348, -0.03512,  0.27539,  0.08718,  1.74209,  0.17601
17019, 6057,  0.06198,  0.04117, -0.03411,  0.38212,  0.08095,  1.64072,  0.15855
17020, 6058,  0.05494,  0.04348, -0.03512,  0.27539,  0.08718,  1.74209,  0.17601
17021, 6059,  0.05943,  0.04295, -0.03244,  0.38212,  0.08718,  1.64072,  0.17601
17022, 6059,  0.05943,  0.04295, -0.03244,  0.38212,  0.08718,  1.64072,  0.17601
17023, 6058,  0.05494,  0.04348, -0.03512,  0.27539,  0.08718,  1.74209,  0.17601
17024, 6060,  0.05197,  0.0458, -0.03255,  0.27539,  0.09546,  1.74209,  0.19924
17025, 6059,  0.05943,  0.04295, -0.03244,  0.38212,  0.08718,  1.64072,  0.17601
17026, 6060,  0.05197,  0.0458, -0.03255,  0.27539,  0.09546,  1.74209,  0.19924
17027, 6061,  0.05703,  0.04469, -0.0299,  0.38212,  0.09546,  1.64072,  0.19924
17028, 6061,  0.05703,  0.04469, -0.0299,  0.38212,  0.09546,  1.64072,  0.19924
17029, 6060,  0.05197,  0.0458, -0.03255,  0.27539,  0.09546,  1.74209,  0.19924
17030, 6062,  0.04943,  0.04837, -0.029,  0.27539,  0.10705,  1.74209,  0.23177
17031, 6061,  0.05703,  0.04469, -0.0299,  0.38212,  0.09546,  1.64072,  0.19924
17032, 6062,  0.04943,  0.04837, -0.029,  0.27539,  0.10705,  1.74209,  0.23177
17033, 6063,  0.05502,  0.04657, -0.02649,  0.38212,  0.10705,  1.64072,  0.23177
17034, 6063,  0.05502,  0.04657, -0.02649,  0.38212,  0.10705,  1.64072,  0.23177
17035, 6062,  0.04943,  0.04837, -0.029,  0.27539,  0.10705,  1.74209,  0.23177
17036, 6064,  0.04721,  0.05092, -0.02456,  0.27539,  0.1209,  1.74209,  0.26693
17037, 6063,  0.05502,  0.04657, -0.02649,  0.38212,  0.10705,  1.64072,  0.23177
17038, 6064,  0.04721,  0.05092, -0.02456,  0.27539,  0.1209,  1.74209,  0.26693
17039, 6065,  0.0533,  0.04852, -0.02231,  0.38212,  0.1209,  1.64072,  0.26693
17040, 6065,  0.0533,  0.04852, -0.02231,  0.38212,  0.1209,  1.64072,  0.26693
17041, 6064,  0.04721,  0.05092, -0.02456,  0.27539,  0.1209,  1.74209,  0.26693
17042, 6066,  0.04536,  0.05348, -0.01937,  0.27539,  0.13593,  1.74209,  0.29805
17043, 6065,  0.0533,  0.04852, -0.02231,  0.38212,  0.1209,  1.64072,  0.26693
17044, 6066,  0.04536,  0.05348, -0.01937,  0.27539,  0.13593,  1.74209,  0.29805
17045, 6067,  0.05189,  0.05076, -0.01755,  0.38212,  0.13593,  1.64072,  0.29805
17046, 6068,  0.05094,  0.05291, -0.01239,  0.38212,  0.15201,  1.64072,  0.32684
17047, 6067,  0.05189,  0.05076, -0.01755,  0.38212,  0.13593,  1.64072,  0.29805
17048, 6066,  0.04536,  0.05348, -0.01937,  0.27539,  0.13593,  1.74209,  0.29805
17049, 6068,  0.05094,  0.05291, -0.01239,  0.38212,  0.15201,  1.64072,  0.32684
17050, 6066,  0.04536,  0.05348, -0.01937,  0.27539,  0.13593,  1.74209,  0.29805
17051, 6069,  0.04406,  0.05571, -0.01364,  0.27539,  0.15201,  1.74209,  0.32684
17052, 6069,  0.04406,  0.05571, -0.01364,  0.27539,  0.15201,  1.74209,  0.32684
17053, 6070,  0.05066,  0.05479, -0.00703,  0.38212,  0.16898,  1.64072,  0.35496
17054, 6068,  0.05094,  0.05291, -0.01239,  0.38212,  0.15201,  1.64072,  0.32684
17055, 6069,  0.04406,  0.05571, -0.01364,  0.27539,  0.15201,  1.74209,  0.32684
17056, 6071,  0.04355,  0.05742, -0.00758,  0.27539,  0.16898,  1.74209,  0.35496
17057, 6070,  0.05066,  0.05479, -0.00703,  0.38212,  0.16898,  1.64072,  0.35496
17058, 6072,  0.05119,  0.05606, -0.00135,  0.38212,  0.2111,  1.64032,  0.38046
17059, 6070,  0.05066,  0.05479, -0.00703,  0.38212,  0.16898,  1.64072,  0.35496
17060, 6071,  0.04355,  0.05742, -0.00758,  0.27539,  0.16898,  1.74209,  0.35496
17061, 6072,  0.05119,  0.05606, -0.00135,  0.38212,  0.2111,  1.64032,  0.38046
17062, 6071,  0.04355,  0.05742, -0.00758,  0.27539,  0.16898,  1.74209,  0.35496
17063, 6073,  0.04389,  0.0588, -0.0012,  0.27539,  0.2111,  1.74169,  0.38046
17064, 6074,  0.04517,  0.0602,  0.00544,  0.27539,  0.24375,  1.7405,  0.40135
17065, 6072,  0.05119,  0.05606, -0.00135,  0.38212,  0.2111,  1.64032,  0.38046
17066, 6073,  0.04389,  0.0588, -0.0012,  0.27539,  0.2111,  1.74169,  0.38046
17067, 6074,  0.04517,  0.0602,  0.00544,  0.27539,  0.24375,  1.7405,  0.40135
17068, 6075,  0.05276,  0.0565,  0.00476,  0.38212,  0.24375,  1.63913,  0.40135
17069, 6072,  0.05119,  0.05606, -0.00135,  0.38212,  0.2111,  1.64032,  0.38046
17070, 6076,  0.04727,  0.0614,  0.01213,  0.27539,  0.27677,  1.73931,  0.42673
17071, 6075,  0.05276,  0.0565,  0.00476,  0.38212,  0.24375,  1.63913,  0.40135
17072, 6074,  0.04517,  0.0602,  0.00544,  0.27539,  0.24375,  1.7405,  0.40135
17073, 6076,  0.04727,  0.0614,  0.01213,  0.27539,  0.27677,  1.73931,  0.42673
17074, 6077,  0.05526,  0.05644,  0.011,  0.38212,  0.27677,  1.63794,  0.42673
17075, 6075,  0.05276,  0.0565,  0.00476,  0.38212,  0.24375,  1.63913,  0.40135
17076, 6077,  0.05526,  0.05644,  0.011,  0.38212,  0.27677,  1.63794,  0.42673
17077, 6076,  0.04727,  0.0614,  0.01213,  0.27539,  0.27677,  1.73931,  0.42673
17078, 6078,  0.05005,  0.06215,  0.01871,  0.27539,  0.30597,  1.73892,  0.46574
17079, 6077,  0.05526,  0.05644,  0.011,  0.38212,  0.27677,  1.63794,  0.42673
17080, 6078,  0.05005,  0.06215,  0.01871,  0.27539,  0.30597,  1.73892,  0.46574
17081, 6079,  0.05856,  0.05616,  0.01706,  0.38212,  0.30597,  1.63755,  0.46574
17082, 6010,  0.06258,  0.05554,  0.02312,  0.38212,  0.33305,  1.63794,  0.50919
17083, 6079,  0.05856,  0.05616,  0.01706,  0.38212,  0.30597,  1.63755,  0.46574
17084, 6078,  0.05005,  0.06215,  0.01871,  0.27539,  0.30597,  1.73892,  0.46574
17085, 6010,  0.06258,  0.05554,  0.02312,  0.38212,  0.33305,  1.63794,  0.50919
17086, 6078,  0.05005,  0.06215,  0.01871,  0.27539,  0.30597,  1.73892,  0.46574
17087, 6011,  0.0532,  0.06243,  0.02535,  0.27539,  0.33305,  1.73931,  0.50919
17088, 6080,  0.06954,  0.0322, -0.03433,  0.38212,  0.002,  1.64072,  0.08415
17089, 6081,  0.06723,  0.03064, -0.03629,  0.27539,  0.002,  1.74209,  0.08415
17090, 6082,  0.06571,  0.03334, -0.03687,  0.27539,  0.03659,  1.74209,  0.10667
17091, 6080,  0.06954,  0.0322, -0.03433,  0.38212,  0.002,  1.64072,  0.08415
17092, 6082,  0.06571,  0.03334, -0.03687,  0.27539,  0.03659,  1.74209,  0.10667
17093, 6083,  0.06823,  0.03464, -0.03478,  0.38212,  0.03659,  1.64072,  0.10667
17094, 6083,  0.06823,  0.03464, -0.03478,  0.38212,  0.03659,  1.64072,  0.10667
17095, 6082,  0.06571,  0.03334, -0.03687,  0.27539,  0.03659,  1.74209,  0.10667
17096, 6053,  0.06381,  0.03603, -0.03726,  0.27539,  0.06327,  1.74209,  0.12709
17097, 6083,  0.06823,  0.03464, -0.03478,  0.38212,  0.03659,  1.64072,  0.10667
17098, 6053,  0.06381,  0.03603, -0.03726,  0.27539,  0.06327,  1.74209,  0.12709
17099, 6052,  0.06663,  0.03699, -0.03502,  0.38212,  0.06327,  1.64072,  0.12709
17100, 6084,  0.07219, -0.00982,  0.12476,  0.28151,  0.87998,  1.88765,  0.94636
17101, 6085,  0.06825, -0.00825,  0.12566,  0.28151,  0.89772,  1.88765,  0.95863
17102, 6086,  0.06672, -0.01774,  0.1251,  0.1688,  0.89772,  1.98902,  0.95863
17103, 6084,  0.07219, -0.00982,  0.12476,  0.28151,  0.87998,  1.88765,  0.94636
17104, 6086,  0.06672, -0.01774,  0.1251,  0.1688,  0.89772,  1.98902,  0.95863
17105, 6087,  0.07001, -0.02017,  0.12393,  0.1688,  0.87998,  1.98902,  0.94636
17106, 6088,  0.06409, -0.00684,  0.12629,  0.28151,  0.91546,  1.88765,  0.9709
17107, 6086,  0.06672, -0.01774,  0.1251,  0.1688,  0.89772,  1.98902,  0.95863
17108, 6085,  0.06825, -0.00825,  0.12566,  0.28151,  0.89772,  1.88765,  0.95863
17109, 6088,  0.06409, -0.00684,  0.12629,  0.28151,  0.91546,  1.88765,  0.9709
17110, 6089,  0.06327, -0.01514,  0.12608,  0.1688,  0.91546,  1.98902,  0.9709
17111, 6086,  0.06672, -0.01774,  0.1251,  0.1688,  0.89772,  1.98902,  0.95863
17112, 6087,  0.07001, -0.02017,  0.12393,  0.1688,  0.87998,  1.98902,  0.94636
17113, 6090,  0.07569, -0.01173,  0.12331,  0.28151,  0.86224,  1.88765,  0.93409
17114, 6084,  0.07219, -0.00982,  0.12476,  0.28151,  0.87998,  1.88765,  0.94636
17115, 6087,  0.07001, -0.02017,  0.12393,  0.1688,  0.87998,  1.98902,  0.94636
17116, 6091,  0.07298, -0.02225,  0.1224,  0.1688,  0.86224,  1.98902,  0.93409
17117, 6090,  0.07569, -0.01173,  0.12331,  0.28151,  0.86224,  1.88765,  0.93409
17118, 6092,  0.07617, -0.02449,  0.12002,  0.1688,  0.84191,  1.98902,  0.92003
17119, 6090,  0.07569, -0.01173,  0.12331,  0.28151,  0.86224,  1.88765,  0.93409
17120, 6091,  0.07298, -0.02225,  0.1224,  0.1688,  0.86224,  1.98902,  0.93409
17121, 6092,  0.07617, -0.02449,  0.12002,  0.1688,  0.84191,  1.98902,  0.92003
17122, 6093,  0.07959, -0.01428,  0.12084,  0.28151,  0.84191,  1.88765,  0.92003
17123, 6090,  0.07569, -0.01173,  0.12331,  0.28151,  0.86224,  1.88765,  0.93409
17124, 6092,  0.07617, -0.02449,  0.12002,  0.1688,  0.84191,  1.98902,  0.92003
17125, 6094,  0.08475, -0.01779,  0.11687,  0.28151,  0.8164,  1.88765,  0.90238
17126, 6093,  0.07959, -0.01428,  0.12084,  0.28151,  0.84191,  1.88765,  0.92003
17127, 6092,  0.07617, -0.02449,  0.12002,  0.1688,  0.84191,  1.98902,  0.92003
17128, 6095,  0.08012, -0.02738,  0.11629,  0.1688,  0.8164,  1.98902,  0.90238
17129, 6094,  0.08475, -0.01779,  0.11687,  0.28151,  0.8164,  1.88765,  0.90238
17130, 6096,  0.08958, -0.02166,  0.11194,  0.28151,  0.78863,  1.88765,  0.88317
17131, 6094,  0.08475, -0.01779,  0.11687,  0.28151,  0.8164,  1.88765,  0.90238
17132, 6095,  0.08012, -0.02738,  0.11629,  0.1688,  0.8164,  1.98902,  0.90238
17133, 6096,  0.08958, -0.02166,  0.11194,  0.28151,  0.78863,  1.88765,  0.88317
17134, 6095,  0.08012, -0.02738,  0.11629,  0.1688,  0.8164,  1.98902,  0.90238
17135, 6097,  0.08387, -0.03077,  0.11161,  0.1688,  0.78863,  1.98902,  0.88317
17136, 6097,  0.08387, -0.03077,  0.11161,  0.1688,  0.78863,  1.98902,  0.88317
17137, 6098,  0.0925, -0.02525,  0.10662,  0.28151,  0.76152,  1.88765,  0.86443
17138, 6096,  0.08958, -0.02166,  0.11194,  0.28151,  0.78863,  1.88765,  0.88317
17139, 6097,  0.08387, -0.03077,  0.11161,  0.1688,  0.78863,  1.98902,  0.88317
17140, 6099,  0.08644, -0.03448,  0.10639,  0.1688,  0.76152,  1.98902,  0.86443
17141, 6098,  0.0925, -0.02525,  0.10662,  0.28151,  0.76152,  1.88765,  0.86443
17142, 6100,  0.09413, -0.0289,  0.1011,  0.28151,  0.73655,  1.88765,  0.8454
17143, 6098,  0.0925, -0.02525,  0.10662,  0.28151,  0.76152,  1.88765,  0.86443
17144, 6099,  0.08644, -0.03448,  0.10639,  0.1688,  0.76152,  1.98902,  0.86443
17145, 6100,  0.09413, -0.0289,  0.1011,  0.28151,  0.73655,  1.88765,  0.8454
17146, 6099,  0.08644, -0.03448,  0.10639,  0.1688,  0.76152,  1.98902,  0.86443
17147, 6101,  0.08795, -0.03841,  0.10101,  0.1688,  0.73655,  1.98902,  0.8454
17148, 6100,  0.09413, -0.0289,  0.1011,  0.28151,  0.73655,  1.88765,  0.8454
17149, 6101,  0.08795, -0.03841,  0.10101,  0.1688,  0.73655,  1.98902,  0.8454
17150, 6102,  0.08853, -0.04242,  0.09588,  0.1688,  0.71514,  1.98902,  0.82532
17151, 6100,  0.09413, -0.0289,  0.1011,  0.28151,  0.73655,  1.88765,  0.8454
17152, 6102,  0.08853, -0.04242,  0.09588,  0.1688,  0.71514,  1.98902,  0.82532
17153, 6103,  0.09513, -0.03293,  0.09557,  0.28151,  0.71514,  1.88765,  0.82532
17154, 6104,  0.09553, -0.03699,  0.08963,  0.28151,  0.69501,  1.88765,  0.80418
17155, 6103,  0.09513, -0.03293,  0.09557,  0.28151,  0.71514,  1.88765,  0.82532
17156, 6102,  0.08853, -0.04242,  0.09588,  0.1688,  0.71514,  1.98902,  0.82532
17157, 6104,  0.09553, -0.03699,  0.08963,  0.28151,  0.69501,  1.88765,  0.80418
17158, 6102,  0.08853, -0.04242,  0.09588,  0.1688,  0.71514,  1.98902,  0.82532
17159, 6105,  0.08821, -0.0464,  0.09036,  0.1688,  0.69501,  1.98902,  0.80418
17160, 6105,  0.08821, -0.0464,  0.09036,  0.1688,  0.69501,  1.98902,  0.80418
17161, 6106,  0.09539, -0.04072,  0.08291,  0.28151,  0.67384,  1.88765,  0.78196
17162, 6104,  0.09553, -0.03699,  0.08963,  0.28151,  0.69501,  1.88765,  0.80418
17163, 6105,  0.08821, -0.0464,  0.09036,  0.1688,  0.69501,  1.98902,  0.80418
17164, 6107,  0.08701, -0.05025,  0.08387,  0.1688,  0.67384,  1.98902,  0.78196
17165, 6106,  0.09539, -0.04072,  0.08291,  0.28151,  0.67384,  1.88765,  0.78196
17166, 6108,  0.09422, -0.04418,  0.07567,  0.28151,  0.65207,  1.88765,  0.7591
17167, 6106,  0.09539, -0.04072,  0.08291,  0.28151,  0.67384,  1.88765,  0.78196
17168, 6107,  0.08701, -0.05025,  0.08387,  0.1688,  0.67384,  1.98902,  0.78196
17169, 6108,  0.09422, -0.04418,  0.07567,  0.28151,  0.65207,  1.88765,  0.7591
17170, 6107,  0.08701, -0.05025,  0.08387,  0.1688,  0.67384,  1.98902,  0.78196
17171, 6109,  0.08468, -0.05388,  0.07661,  0.1688,  0.65207,  1.98902,  0.7591
17172, 6109,  0.08468, -0.05388,  0.07661,  0.1688,  0.65207,  1.98902,  0.7591
17173, 6110,  0.09152, -0.04746,  0.06816,  0.28151,  0.63012,  1.88765,  0.73605
17174, 6108,  0.09422, -0.04418,  0.07567,  0.28151,  0.65207,  1.88765,  0.7591
17175, 6109,  0.08468, -0.05388,  0.07661,  0.1688,  0.65207,  1.98902,  0.7591
17176, 6111,  0.08099, -0.05722,  0.06882,  0.1688,  0.63012,  1.98902,  0.73605
17177, 6110,  0.09152, -0.04746,  0.06816,  0.28151,  0.63012,  1.88765,  0.73605
17178, 6112,  0.08744, -0.05021,  0.06035,  0.28151,  0.608,  1.88765,  0.71283
17179, 6110,  0.09152, -0.04746,  0.06816,  0.28151,  0.63012,  1.88765,  0.73605
17180, 6111,  0.08099, -0.05722,  0.06882,  0.1688,  0.63012,  1.98902,  0.73605
17181, 6112,  0.08744, -0.05021,  0.06035,  0.28151,  0.608,  1.88765,  0.71283
17182, 6111,  0.08099, -0.05722,  0.06882,  0.1688,  0.63012,  1.98902,  0.73605
17183, 6113,  0.07602, -0.06017,  0.0608,  0.1688,  0.608,  1.98902,  0.71283
17184, 6113,  0.07602, -0.06017,  0.0608,  0.1688,  0.608,  1.98902,  0.71283
17185, 6114,  0.08213, -0.05205,  0.05222,  0.28151,  0.58575,  1.88765,  0.68946
17186, 6112,  0.08744, -0.05021,  0.06035,  0.28151,  0.608,  1.88765,  0.71283
17187, 6113,  0.07602, -0.06017,  0.0608,  0.1688,  0.608,  1.98902,  0.71283
17188, 6115,  0.06985, -0.06266,  0.05283,  0.1688,  0.58575,  1.98902,  0.68946
17189, 6114,  0.08213, -0.05205,  0.05222,  0.28151,  0.58575,  1.88765,  0.68946
17190, 6116,  0.06387, -0.06441,  0.04513,  0.1688,  0.56333,  1.98902,  0.64098
17191, 6114,  0.08213, -0.05205,  0.05222,  0.28151,  0.58575,  1.88765,  0.68946
17192, 6115,  0.06985, -0.06266,  0.05283,  0.1688,  0.58575,  1.98902,  0.68946
17193, 6116,  0.06387, -0.06441,  0.04513,  0.1688,  0.56333,  1.98902,  0.64098
17194, 6117,  0.07659, -0.05331,  0.04428,  0.28151,  0.56333,  1.88765,  0.64098
17195, 6114,  0.08213, -0.05205,  0.05222,  0.28151,  0.58575,  1.88765,  0.68946
17196, 6116,  0.06387, -0.06441,  0.04513,  0.1688,  0.56333,  1.98902,  0.64098
17197, 6118,  0.07182, -0.0543,  0.03708,  0.28151,  0.54072,  1.88765,  0.54241
17198, 6117,  0.07659, -0.05331,  0.04428,  0.28151,  0.56333,  1.88765,  0.64098
17199, 6116,  0.06387, -0.06441,  0.04513,  0.1688,  0.56333,  1.98902,  0.64098
17200, 6119,  0.05945, -0.06515,  0.03796,  0.1688,  0.54072,  1.98902,  0.54241
17201, 6118,  0.07182, -0.0543,  0.03708,  0.28151,  0.54072,  1.88765,  0.54241
17202, 6120,  0.0562, -0.06513,  0.03088,  0.1688,  0.5149,  1.98902,  0.44371
17203, 6118,  0.07182, -0.0543,  0.03708,  0.28151,  0.54072,  1.88765,  0.54241
17204, 6119,  0.05945, -0.06515,  0.03796,  0.1688,  0.54072,  1.98902,  0.54241
17205, 6120,  0.0562, -0.06513,  0.03088,  0.1688,  0.5149,  1.98902,  0.44371
17206, 6121,  0.0677, -0.05489,  0.03015,  0.28151,  0.5149,  1.88765,  0.44371
17207, 6118,  0.07182, -0.0543,  0.03708,  0.28151,  0.54072,  1.88765,  0.54241
17208, 6120,  0.0562, -0.06513,  0.03088,  0.1688,  0.5149,  1.98902,  0.44371
17209, 6122,  0.06413, -0.05496,  0.02301,  0.28151,  0.36795,  1.88765,  0.39484
17210, 6121,  0.0677, -0.05489,  0.03015,  0.28151,  0.5149,  1.88765,  0.44371
17211, 6120,  0.0562, -0.06513,  0.03088,  0.1688,  0.5149,  1.98902,  0.44371
17212, 6123,  0.05369, -0.06458,  0.02347,  0.1688,  0.36795,  1.98902,  0.39484
17213, 6122,  0.06413, -0.05496,  0.02301,  0.28151,  0.36795,  1.88765,  0.39484
17214, 6124,  0.06132, -0.05455,  0.01596,  0.28151,  0.33959,  1.88765,  0.37135
17215, 6122,  0.06413, -0.05496,  0.02301,  0.28151,  0.36795,  1.88765,  0.39484
17216, 6123,  0.05369, -0.06458,  0.02347,  0.1688,  0.36795,  1.98902,  0.39484
17217, 6124,  0.06132, -0.05455,  0.01596,  0.28151,  0.33959,  1.88765,  0.37135
17218, 6123,  0.05369, -0.06458,  0.02347,  0.1688,  0.36795,  1.98902,  0.39484
17219, 6125,  0.05194, -0.06367,  0.0159,  0.1688,  0.33959,  1.98902,  0.37135
17220, 6125,  0.05194, -0.06367,  0.0159,  0.1688,  0.33959,  1.98902,  0.37135
17221, 6126,  0.0595, -0.05373,  0.00929,  0.28151,  0.31756,  1.88765,  0.34878
17222, 6124,  0.06132, -0.05455,  0.01596,  0.28151,  0.33959,  1.88765,  0.37135
17223, 6125,  0.05194, -0.06367,  0.0159,  0.1688,  0.33959,  1.98902,  0.37135
17224, 6127,  0.05098, -0.06256,  0.00832,  0.1688,  0.31756,  1.98902,  0.34878
17225, 6126,  0.0595, -0.05373,  0.00929,  0.28151,  0.31756,  1.88765,  0.34878
17226, 6128,  0.05085, -0.06111,  0.00083,  0.1688,  0.29575,  1.98902,  0.32687
17227, 6126,  0.0595, -0.05373,  0.00929,  0.28151,  0.31756,  1.88765,  0.34878
17228, 6127,  0.05098, -0.06256,  0.00832,  0.1688,  0.31756,  1.98902,  0.34878
17229, 6128,  0.05085, -0.06111,  0.00083,  0.1688,  0.29575,  1.98902,  0.32687
17230, 6129,  0.05855, -0.05251,  0.0028,  0.28151,  0.29575,  1.88765,  0.32687
17231, 6126,  0.0595, -0.05373,  0.00929,  0.28151,  0.31756,  1.88765,  0.34878
17232, 6128,  0.05085, -0.06111,  0.00083,  0.1688,  0.29575,  1.98902,  0.32687
17233, 6130,  0.05835, -0.05093, -0.00368,  0.28151,  0.26804,  1.88765,  0.30536
17234, 6129,  0.05855, -0.05251,  0.0028,  0.28151,  0.29575,  1.88765,  0.32687
17235, 6128,  0.05085, -0.06111,  0.00083,  0.1688,  0.29575,  1.98902,  0.32687
17236, 6131,  0.05156, -0.05917, -0.00646,  0.1688,  0.26804,  1.98902,  0.30536
17237, 6130,  0.05835, -0.05093, -0.00368,  0.28151,  0.26804,  1.88765,  0.30536
17238, 6132,  0.05885, -0.04905, -0.01,  0.28176,  0.23753,  1.88765,  0.27834
17239, 6130,  0.05835, -0.05093, -0.00368,  0.28151,  0.26804,  1.88765,  0.30536
17240, 6131,  0.05156, -0.05917, -0.00646,  0.1688,  0.26804,  1.98902,  0.30536
17241, 6132,  0.05885, -0.04905, -0.01,  0.28176,  0.23753,  1.88765,  0.27834
17242, 6131,  0.05156, -0.05917, -0.00646,  0.1688,  0.26804,  1.98902,  0.30536
17243, 6133,  0.05308, -0.05668, -0.01331,  0.16906,  0.23753,  1.98902,  0.27834
17244, 6132,  0.05885, -0.04905, -0.01,  0.28176,  0.23753,  1.88765,  0.27834
17245, 6133,  0.05308, -0.05668, -0.01331,  0.16906,  0.23753,  1.98902,  0.27834
17246, 6134,  0.05538, -0.05356, -0.0195,  0.16983,  0.19822,  1.98902,  0.2399
17247, 6132,  0.05885, -0.04905, -0.01,  0.28176,  0.23753,  1.88765,  0.27834
17248, 6134,  0.05538, -0.05356, -0.0195,  0.16983,  0.19822,  1.98902,  0.2399
17249, 6135,  0.06, -0.04697, -0.01598,  0.28254,  0.19822,  1.88765,  0.2399
17250, 6136,  0.06174, -0.0444, -0.02126,  0.28331,  0.17422,  1.88765,  0.2002
17251, 6135,  0.06, -0.04697, -0.01598,  0.28254,  0.19822,  1.88765,  0.2399
17252, 6134,  0.05538, -0.05356, -0.0195,  0.16983,  0.19822,  1.98902,  0.2399
17253, 6136,  0.06174, -0.0444, -0.02126,  0.28331,  0.17422,  1.88765,  0.2002
17254, 6134,  0.05538, -0.05356, -0.0195,  0.16983,  0.19822,  1.98902,  0.2399
17255, 6137,  0.0582, -0.04974, -0.02479,  0.1706,  0.17422,  1.98902,  0.2002
17256, 6136,  0.06174, -0.0444, -0.02126,  0.28331,  0.17422,  1.88765,  0.2002
17257, 6137,  0.0582, -0.04974, -0.02479,  0.1706,  0.17422,  1.98902,  0.2002
17258, 6138,  0.06126, -0.04515, -0.02894,  0.17086,  0.14286,  1.98902,  0.16935
17259, 6136,  0.06174, -0.0444, -0.02126,  0.28331,  0.17422,  1.88765,  0.2002
17260, 6138,  0.06126, -0.04515, -0.02894,  0.17086,  0.14286,  1.98902,  0.16935
17261, 6139,  0.06398, -0.04106, -0.02549,  0.28357,  0.14286,  1.88765,  0.16935
17262, 6140,  0.06685, -0.03728, -0.02856,  0.28357,  0.10536,  1.88765,  0.13989
17263, 6139,  0.06398, -0.04106, -0.02549,  0.28357,  0.14286,  1.88765,  0.16935
17264, 6138,  0.06126, -0.04515, -0.02894,  0.17086,  0.14286,  1.98902,  0.16935
17265, 6140,  0.06685, -0.03728, -0.02856,  0.28357,  0.10536,  1.88765,  0.13989
17266, 6138,  0.06126, -0.04515, -0.02894,  0.17086,  0.14286,  1.98902,  0.16935
17267, 6141,  0.06484, -0.04015, -0.03182,  0.17086,  0.10536,  1.98902,  0.13989
17268, 6141,  0.06484, -0.04015, -0.03182,  0.17086,  0.10536,  1.98902,  0.13989
17269, 6142,  0.07046, -0.03338, -0.03038,  0.28357,  0.06292,  1.88765,  0.10433
17270, 6140,  0.06685, -0.03728, -0.02856,  0.28357,  0.10536,  1.88765,  0.13989
17271, 6141,  0.06484, -0.04015, -0.03182,  0.17086,  0.10536,  1.98902,  0.13989
17272, 6143,  0.0692, -0.03511, -0.03326,  0.17086,  0.06292,  1.98902,  0.10433
17273, 6142,  0.07046, -0.03338, -0.03038,  0.28357,  0.06292,  1.88765,  0.10433
17274, 6144,  0.07395, -0.03007, -0.03398,  0.17086,  0.002,  1.98902,  0.06573
17275, 6142,  0.07046, -0.03338, -0.03038,  0.28357,  0.06292,  1.88765,  0.10433
17276, 6143,  0.0692, -0.03511, -0.03326,  0.17086,  0.06292,  1.98902,  0.10433
17277, 6144,  0.07395, -0.03007, -0.03398,  0.17086,  0.002,  1.98902,  0.06573
17278, 6145,  0.07443, -0.02943, -0.03158,  0.28357,  0.002,  1.88765,  0.06573
17279, 6142,  0.07046, -0.03338, -0.03038,  0.28357,  0.06292,  1.88765,  0.10433
17280, 6146,  0.04199, -0.06756,  0.07996,  0.54161,  0.76634,  0.64764,  0.93938
17281, 6147,  0.05139, -0.06255,  0.07752,  0.54161,  0.7922,  0.64764,  0.9691
17282, 6148,  0.05656, -0.05938,  0.08681,  0.63545,  0.7922,  0.76219,  0.9691
17283, 6146,  0.04199, -0.06756,  0.07996,  0.54161,  0.76634,  0.64764,  0.93938
17284, 6148,  0.05656, -0.05938,  0.08681,  0.63545,  0.7922,  0.76219,  0.9691
17285, 6149,  0.04759, -0.06428,  0.08977,  0.63545,  0.76634,  0.76219,  0.93938
17286, 6150,  0.06092, -0.05678,  0.07527,  0.54161,  0.81805,  0.64764,  0.99883
17287, 6148,  0.05656, -0.05938,  0.08681,  0.63545,  0.7922,  0.76219,  0.9691
17288, 6147,  0.05139, -0.06255,  0.07752,  0.54161,  0.7922,  0.64764,  0.9691
17289, 6150,  0.06092, -0.05678,  0.07527,  0.54161,  0.81805,  0.64764,  0.99883
17290, 6151,  0.06577, -0.05358,  0.08392,  0.63545,  0.81805,  0.76219,  0.99883
17291, 6148,  0.05656, -0.05938,  0.08681,  0.63545,  0.7922,  0.76219,  0.9691
17292, 6152, -0.01018, -0.06057,  0.10309,  0.54161,  0.49983,  0.64764,  0.57626
17293, 6153, -0.0034, -0.06626,  0.09908,  0.54161,  0.55429,  0.64764,  0.65909
17294, 6154,  0.00556, -0.06316,  0.10905,  0.63545,  0.55429,  0.76219,  0.65909
17295, 6152, -0.01018, -0.06057,  0.10309,  0.54161,  0.49983,  0.64764,  0.57626
17296, 6154,  0.00556, -0.06316,  0.10905,  0.63545,  0.55429,  0.76219,  0.65909
17297, 6155, -0.00101, -0.05804,  0.11304,  0.63545,  0.49983,  0.76219,  0.57626
17298, 6156,  0.00465, -0.07038,  0.09472,  0.54161,  0.60772,  0.64764,  0.74193
17299, 6154,  0.00556, -0.06316,  0.10905,  0.63545,  0.55429,  0.76219,  0.65909
17300, 6153, -0.0034, -0.06626,  0.09908,  0.54161,  0.55429,  0.64764,  0.65909
17301, 6156,  0.00465, -0.07038,  0.09472,  0.54161,  0.60772,  0.64764,  0.74193
17302, 6157,  0.01322, -0.06676,  0.10489,  0.63545,  0.60772,  0.76219,  0.74193
17303, 6154,  0.00556, -0.06316,  0.10905,  0.63545,  0.55429,  0.76219,  0.65909
17304, 6155, -0.00101, -0.05804,  0.11304,  0.63545,  0.49983,  0.76219,  0.57626
17305, 6158, -0.01564, -0.05367,  0.10643,  0.54161,  0.44332,  0.64764,  0.50454
17306, 6152, -0.01018, -0.06057,  0.10309,  0.54161,  0.49983,  0.64764,  0.57626
17307, 6155, -0.00101, -0.05804,  0.11304,  0.63545,  0.49983,  0.76219,  0.57626
17308, 6159, -0.00631, -0.05162,  0.11693,  0.63545,  0.44332,  0.76219,  0.50454
17309, 6158, -0.01564, -0.05367,  0.10643,  0.54161,  0.44332,  0.64764,  0.50454
17310, 6160, -0.02, -0.0459,  0.10954,  0.54161,  0.39344,  0.64764,  0.44719
17311, 6158, -0.01564, -0.05367,  0.10643,  0.54161,  0.44332,  0.64764,  0.50454
17312, 6159, -0.00631, -0.05162,  0.11693,  0.63545,  0.44332,  0.76219,  0.50454
17313, 6160, -0.02, -0.0459,  0.10954,  0.54161,  0.39344,  0.64764,  0.44719
17314, 6159, -0.00631, -0.05162,  0.11693,  0.63545,  0.44332,  0.76219,  0.50454
17315, 6161, -0.0105, -0.04421,  0.12054,  0.63545,  0.39344,  0.76219,  0.44719
17316, 6161, -0.0105, -0.04421,  0.12054,  0.63545,  0.39344,  0.76219,  0.44719
17317, 6162, -0.02348, -0.03759,  0.11285,  0.54161,  0.35891,  0.64764,  0.40748
17318, 6160, -0.02, -0.0459,  0.10954,  0.54161,  0.39344,  0.64764,  0.44719
17319, 6161, -0.0105, -0.04421,  0.12054,  0.63545,  0.39344,  0.76219,  0.44719
17320, 6163, -0.01373, -0.03614,  0.12367,  0.63545,  0.35891,  0.76219,  0.40748
17321, 6162, -0.02348, -0.03759,  0.11285,  0.54161,  0.35891,  0.64764,  0.40748
17322, 6164, -0.0166, -0.0272,  0.12639,  0.63545,  0.33204,  0.76219,  0.3766
17323, 6162, -0.02348, -0.03759,  0.11285,  0.54161,  0.35891,  0.64764,  0.40748
17324, 6163, -0.01373, -0.03614,  0.12367,  0.63545,  0.35891,  0.76219,  0.40748
17325, 6164, -0.0166, -0.0272,  0.12639,  0.63545,  0.33204,  0.76219,  0.3766
17326, 6165, -0.02647, -0.02861,  0.1163,  0.54161,  0.33204,  0.64764,  0.3766
17327, 6162, -0.02348, -0.03759,  0.11285,  0.54161,  0.35891,  0.64764,  0.40748
17328, 6156,  0.00465, -0.07038,  0.09472,  0.54161,  0.60772,  0.64764,  0.74193
17329, 6166,  0.02182, -0.06862,  0.10051,  0.63545,  0.66118,  0.76219,  0.8137
17330, 6157,  0.01322, -0.06676,  0.10489,  0.63545,  0.60772,  0.76219,  0.74193
17331, 6156,  0.00465, -0.07038,  0.09472,  0.54161,  0.60772,  0.64764,  0.74193
17332, 6167,  0.01393, -0.07259,  0.0903,  0.54161,  0.66118,  0.64764,  0.8137
17333, 6166,  0.02182, -0.06862,  0.10051,  0.63545,  0.66118,  0.76219,  0.8137
17334, 6168,  0.02361, -0.07283,  0.0862,  0.54161,  0.70774,  0.64764,  0.8708
17335, 6166,  0.02182, -0.06862,  0.10051,  0.63545,  0.66118,  0.76219,  0.8137
17336, 6167,  0.01393, -0.07259,  0.0903,  0.54161,  0.66118,  0.64764,  0.8137
17337, 6168,  0.02361, -0.07283,  0.0862,  0.54161,  0.70774,  0.64764,  0.8708
17338, 6169,  0.03067, -0.0688,  0.09635,  0.63545,  0.70774,  0.76219,  0.8708
17339, 6166,  0.02182, -0.06862,  0.10051,  0.63545,  0.66118,  0.76219,  0.8137
17340, 6164, -0.0166, -0.0272,  0.12639,  0.63545,  0.33204,  0.76219,  0.3766
17341, 6170, -0.02937, -0.01881,  0.11985,  0.54161,  0.30518,  0.64764,  0.34571
17342, 6165, -0.02647, -0.02861,  0.1163,  0.54161,  0.33204,  0.64764,  0.3766
17343, 6164, -0.0166, -0.0272,  0.12639,  0.63545,  0.33204,  0.76219,  0.3766
17344, 6171, -0.01973, -0.01718,  0.12877,  0.63545,  0.30518,  0.76219,  0.34571
17345, 6170, -0.02937, -0.01881,  0.11985,  0.54161,  0.30518,  0.64764,  0.34571
17346, 6172, -0.023, -0.00661,  0.13098,  0.63545,  0.27832,  0.76219,  0.31482
17347, 6170, -0.02937, -0.01881,  0.11985,  0.54161,  0.30518,  0.64764,  0.34571
17348, 6171, -0.01973, -0.01718,  0.12877,  0.63545,  0.30518,  0.76219,  0.34571
17349, 6172, -0.023, -0.00661,  0.13098,  0.63545,  0.27832,  0.76219,  0.31482
17350, 6173, -0.03223, -0.0086,  0.12343,  0.54161,  0.27832,  0.64764,  0.31482
17351, 6170, -0.02937, -0.01881,  0.11985,  0.54161,  0.30518,  0.64764,  0.34571
17352, 6174,  0.0517,  0.06415,  0.10184,  0.64062,  0.908,  0.78797,  0.89094
17353, 6175,  0.05391,  0.05639,  0.1101,  0.52362,  0.908,  0.67096,  0.89094
17354, 6176,  0.0598,  0.05336,  0.10693,  0.52362,  0.95321,  0.67096,  0.94297
17355, 6174,  0.0517,  0.06415,  0.10184,  0.64062,  0.908,  0.78797,  0.89094
17356, 6176,  0.0598,  0.05336,  0.10693,  0.52362,  0.95321,  0.67096,  0.94297
17357, 6177,  0.05705,  0.06065,  0.09971,  0.64062,  0.95321,  0.78797,  0.94297
17358, 6177,  0.05705,  0.06065,  0.09971,  0.64062,  0.95321,  0.78797,  0.94297
17359, 6176,  0.0598,  0.05336,  0.10693,  0.52362,  0.95321,  0.67096,  0.94297
17360, 6178,  0.06532,  0.04982,  0.10344,  0.52362,  0.998,  0.67096,  0.99635
17361, 6177,  0.05705,  0.06065,  0.09971,  0.64062,  0.95321,  0.78797,  0.94297
17362, 6178,  0.06532,  0.04982,  0.10344,  0.52362,  0.998,  0.67096,  0.99635
17363, 6179,  0.06154,  0.05675,  0.09746,  0.64062,  0.998,  0.78797,  0.99635
17364, 6180,  0.04467,  0.06682,  0.10375,  0.64062,  0.86196,  0.78797,  0.84164
17365, 6175,  0.05391,  0.05639,  0.1101,  0.52362,  0.908,  0.67096,  0.89094
17366, 6174,  0.0517,  0.06415,  0.10184,  0.64062,  0.908,  0.78797,  0.89094
17367, 6180,  0.04467,  0.06682,  0.10375,  0.64062,  0.86196,  0.78797,  0.84164
17368, 6181,  0.0473,  0.05842,  0.11267,  0.52362,  0.86196,  0.67096,  0.84164
17369, 6175,  0.05391,  0.05639,  0.1101,  0.52362,  0.908,  0.67096,  0.89094
17370, 6182,  0.03664,  0.06838,  0.10571,  0.64062,  0.81556,  0.78797,  0.79375
17371, 6181,  0.0473,  0.05842,  0.11267,  0.52362,  0.86196,  0.67096,  0.84164
17372, 6180,  0.04467,  0.06682,  0.10375,  0.64062,  0.86196,  0.78797,  0.84164
17373, 6182,  0.03664,  0.06838,  0.10571,  0.64062,  0.81556,  0.78797,  0.79375
17374, 6183,  0.04019,  0.05941,  0.11492,  0.52362,  0.81556,  0.67096,  0.79375
17375, 6181,  0.0473,  0.05842,  0.11267,  0.52362,  0.86196,  0.67096,  0.84164
17376, 6184,  0.02831,  0.06852,  0.10799,  0.64062,  0.76925,  0.78797,  0.74597
17377, 6183,  0.04019,  0.05941,  0.11492,  0.52362,  0.81556,  0.67096,  0.79375
17378, 6182,  0.03664,  0.06838,  0.10571,  0.64062,  0.81556,  0.78797,  0.79375
17379, 6184,  0.02831,  0.06852,  0.10799,  0.64062,  0.76925,  0.78797,  0.74597
17380, 6185,  0.03279,  0.05933,  0.11714,  0.52362,  0.76925,  0.67096,  0.74597
17381, 6183,  0.04019,  0.05941,  0.11492,  0.52362,  0.81556,  0.67096,  0.79375
17382, 6186,  0.01999,  0.06725,  0.11047,  0.64062,  0.72247,  0.78797,  0.69771
17383, 6185,  0.03279,  0.05933,  0.11714,  0.52362,  0.76925,  0.67096,  0.74597
17384, 6184,  0.02831,  0.06852,  0.10799,  0.64062,  0.76925,  0.78797,  0.74597
17385, 6186,  0.01999,  0.06725,  0.11047,  0.64062,  0.72247,  0.78797,  0.69771
17386, 6187,  0.02532,  0.05816,  0.11941,  0.52362,  0.72247,  0.67096,  0.69771
17387, 6185,  0.03279,  0.05933,  0.11714,  0.52362,  0.76925,  0.67096,  0.74597
17388, 6188,  0.01201,  0.0646,  0.11308,  0.64062,  0.67466,  0.78797,  0.64837
17389, 6187,  0.02532,  0.05816,  0.11941,  0.52362,  0.72247,  0.67096,  0.69771
17390, 6186,  0.01999,  0.06725,  0.11047,  0.64062,  0.72247,  0.78797,  0.69771
17391, 6188,  0.01201,  0.0646,  0.11308,  0.64062,  0.67466,  0.78797,  0.64837
17392, 6189,  0.01801,  0.05587,  0.12178,  0.52362,  0.67466,  0.67096,  0.64837
17393, 6187,  0.02532,  0.05816,  0.11941,  0.52362,  0.72247,  0.67096,  0.69771
17394, 6190,  0.00461,  0.06058,  0.11577,  0.64062,  0.62637,  0.78797,  0.59854
17395, 6189,  0.01801,  0.05587,  0.12178,  0.52362,  0.67466,  0.67096,  0.64837
17396, 6188,  0.01201,  0.0646,  0.11308,  0.64062,  0.67466,  0.78797,  0.64837
17397, 6190,  0.00461,  0.06058,  0.11577,  0.64062,  0.62637,  0.78797,  0.59854
17398, 6191,  0.01105,  0.05236,  0.1242,  0.52362,  0.62637,  0.67096,  0.59854
17399, 6189,  0.01801,  0.05587,  0.12178,  0.52362,  0.67466,  0.67096,  0.64837
17400, 6192, -0.00199,  0.05525,  0.1185,  0.64062,  0.57817,  0.78797,  0.5488
17401, 6191,  0.01105,  0.05236,  0.1242,  0.52362,  0.62637,  0.67096,  0.59854
17402, 6190,  0.00461,  0.06058,  0.11577,  0.64062,  0.62637,  0.78797,  0.59854
17403, 6192, -0.00199,  0.05525,  0.1185,  0.64062,  0.57817,  0.78797,  0.5488
17404, 6193,  0.00461,  0.04757,  0.12663,  0.52362,  0.57817,  0.67096,  0.5488
17405, 6191,  0.01105,  0.05236,  0.1242,  0.52362,  0.62637,  0.67096,  0.59854
17406, 6194, -0.00775,  0.04861,  0.12112,  0.64062,  0.52953,  0.78797,  0.49861
17407, 6193,  0.00461,  0.04757,  0.12663,  0.52362,  0.57817,  0.67096,  0.5488
17408, 6192, -0.00199,  0.05525,  0.1185,  0.64062,  0.57817,  0.78797,  0.5488
17409, 6194, -0.00775,  0.04861,  0.12112,  0.64062,  0.52953,  0.78797,  0.49861
17410, 6195, -0.00125,  0.04143,  0.12882,  0.52362,  0.52953,  0.67096,  0.49861
17411, 6193,  0.00461,  0.04757,  0.12663,  0.52362,  0.57817,  0.67096,  0.5488
17412, 6196, -0.01261,  0.04072,  0.12347,  0.64062,  0.47993,  0.78797,  0.44744
17413, 6195, -0.00125,  0.04143,  0.12882,  0.52362,  0.52953,  0.67096,  0.49861
17414, 6194, -0.00775,  0.04861,  0.12112,  0.64062,  0.52953,  0.78797,  0.49861
17415, 6196, -0.01261,  0.04072,  0.12347,  0.64062,  0.47993,  0.78797,  0.44744
17416, 6197, -0.00649,  0.0339,  0.13055,  0.52362,  0.47993,  0.67096,  0.44744
17417, 6195, -0.00125,  0.04143,  0.12882,  0.52362,  0.52953,  0.67096,  0.49861
17418, 6198, -0.01694,  0.0319,  0.12569,  0.64062,  0.42944,  0.78797,  0.39534
17419, 6197, -0.00649,  0.0339,  0.13055,  0.52362,  0.47993,  0.67096,  0.44744
17420, 6196, -0.01261,  0.04072,  0.12347,  0.64062,  0.47993,  0.78797,  0.44744
17421, 6198, -0.01694,  0.0319,  0.12569,  0.64062,  0.42944,  0.78797,  0.39534
17422, 6199, -0.01148,  0.0252,  0.13197,  0.52362,  0.42944,  0.67096,  0.39534
17423, 6197, -0.00649,  0.0339,  0.13055,  0.52362,  0.47993,  0.67096,  0.44744
17424, 6200, -0.02107,  0.0225,  0.12792,  0.64062,  0.37811,  0.78797,  0.34237
17425, 6199, -0.01148,  0.0252,  0.13197,  0.52362,  0.42944,  0.67096,  0.39534
17426, 6198, -0.01694,  0.0319,  0.12569,  0.64062,  0.42944,  0.78797,  0.39534
17427, 6200, -0.02107,  0.0225,  0.12792,  0.64062,  0.37811,  0.78797,  0.34237
17428, 6201, -0.01662,  0.0156,  0.13326,  0.52362,  0.37811,  0.67096,  0.34237
17429, 6199, -0.01148,  0.0252,  0.13197,  0.52362,  0.42944,  0.67096,  0.39534
17430, 6202, -0.02511,  0.01281,  0.13014,  0.64062,  0.32636,  0.78797,  0.28897
17431, 6201, -0.01662,  0.0156,  0.13326,  0.52362,  0.37811,  0.67096,  0.34237
17432, 6200, -0.02107,  0.0225,  0.12792,  0.64062,  0.37811,  0.78797,  0.34237
17433, 6202, -0.02511,  0.01281,  0.13014,  0.64062,  0.32636,  0.78797,  0.28897
17434, 6203, -0.02182,  0.00555,  0.13448,  0.52362,  0.32636,  0.67096,  0.28897
17435, 6201, -0.01662,  0.0156,  0.13326,  0.52362,  0.37811,  0.67096,  0.34237
17436, 6204,  0.06486,  0.00843,  0.1206,  0.58591,  0.998,  0.70279,  0.96522
17437, 6205,  0.06459,  0.02115,  0.119,  0.66862,  0.998,  0.7855,  0.96522
17438, 6206,  0.06342,  0.02179,  0.12284,  0.66862,  0.94207,  0.7855,  0.92748
17439, 6204,  0.06486,  0.00843,  0.1206,  0.58591,  0.998,  0.70279,  0.96522
17440, 6206,  0.06342,  0.02179,  0.12284,  0.66862,  0.94207,  0.7855,  0.92748
17441, 6207,  0.0636,  0.0089,  0.126,  0.58591,  0.94207,  0.70279,  0.92748
17442, 6207,  0.0636,  0.0089,  0.126,  0.58591,  0.94207,  0.70279,  0.92748
17443, 6206,  0.06342,  0.02179,  0.12284,  0.66862,  0.94207,  0.7855,  0.92748
17444, 6208,  0.06143,  0.02235,  0.12649,  0.66862,  0.88759,  0.7855,  0.89073
17445, 6207,  0.0636,  0.0089,  0.126,  0.58591,  0.94207,  0.70279,  0.92748
17446, 6208,  0.06143,  0.02235,  0.12649,  0.66862,  0.88759,  0.7855,  0.89073
17447, 6209,  0.06163,  0.00932,  0.13087,  0.58591,  0.88759,  0.70279,  0.89073
17448, 6209,  0.06163,  0.00932,  0.13087,  0.58591,  0.88759,  0.70279,  0.89073
17449, 6208,  0.06143,  0.02235,  0.12649,  0.66862,  0.88759,  0.7855,  0.89073
17450, 6210,  0.05782,  0.02273,  0.12981,  0.66862,  0.83605,  0.7855,  0.85596
17451, 6209,  0.06163,  0.00932,  0.13087,  0.58591,  0.88759,  0.70279,  0.89073
17452, 6210,  0.05782,  0.02273,  0.12981,  0.66862,  0.83605,  0.7855,  0.85596
17453, 6211,  0.05824,  0.00967,  0.1347,  0.58591,  0.83605,  0.70279,  0.85596
17454, 6211,  0.05824,  0.00967,  0.1347,  0.58591,  0.83605,  0.70279,  0.85596
17455, 6210,  0.05782,  0.02273,  0.12981,  0.66862,  0.83605,  0.7855,  0.85596
17456, 6212,  0.0528,  0.02282,  0.13281,  0.66862,  0.78602,  0.7855,  0.82221
17457, 6211,  0.05824,  0.00967,  0.1347,  0.58591,  0.83605,  0.70279,  0.85596
17458, 6212,  0.0528,  0.02282,  0.13281,  0.66862,  0.78602,  0.7855,  0.82221
17459, 6213,  0.05353,  0.00989,  0.13781,  0.58591,  0.78602,  0.70279,  0.82221
17460, 6212,  0.0528,  0.02282,  0.13281,  0.66862,  0.78602,  0.7855,  0.82221
17461, 6214,  0.04758,  0.0099,  0.14055,  0.58591,  0.73608,  0.70279,  0.78851
17462, 6213,  0.05353,  0.00989,  0.13781,  0.58591,  0.78602,  0.70279,  0.82221
17463, 6212,  0.0528,  0.02282,  0.13281,  0.66862,  0.78602,  0.7855,  0.82221
17464, 6215,  0.04661,  0.02249,  0.13553,  0.66862,  0.73608,  0.7855,  0.78851
17465, 6214,  0.04758,  0.0099,  0.14055,  0.58591,  0.73608,  0.70279,  0.78851
17466, 6216,  0.03972,  0.02178,  0.13796,  0.66862,  0.68551,  0.7855,  0.7544
17467, 6214,  0.04758,  0.0099,  0.14055,  0.58591,  0.73608,  0.70279,  0.78851
17468, 6215,  0.04661,  0.02249,  0.13553,  0.66862,  0.73608,  0.7855,  0.78851
17469, 6216,  0.03972,  0.02178,  0.13796,  0.66862,  0.68551,  0.7855,  0.7544
17470, 6217,  0.04084,  0.00968,  0.14287,  0.58591,  0.68551,  0.70279,  0.7544
17471, 6214,  0.04758,  0.0099,  0.14055,  0.58591,  0.73608,  0.70279,  0.78851
17472, 6217,  0.04084,  0.00968,  0.14287,  0.58591,  0.68551,  0.70279,  0.7544
17473, 6216,  0.03972,  0.02178,  0.13796,  0.66862,  0.68551,  0.7855,  0.7544
17474, 6218,  0.0326,  0.02071,  0.14005,  0.66862,  0.6336,  0.7855,  0.71938
17475, 6217,  0.04084,  0.00968,  0.14287,  0.58591,  0.68551,  0.70279,  0.7544
17476, 6218,  0.0326,  0.02071,  0.14005,  0.66862,  0.6336,  0.7855,  0.71938
17477, 6219,  0.03372,  0.00922,  0.14471,  0.58591,  0.6336,  0.70279,  0.71938
17478, 6219,  0.03372,  0.00922,  0.14471,  0.58591,  0.6336,  0.70279,  0.71938
17479, 6218,  0.0326,  0.02071,  0.14005,  0.66862,  0.6336,  0.7855,  0.71938
17480, 6220,  0.02537,  0.01934,  0.14165,  0.66862,  0.57984,  0.7855,  0.68311
17481, 6219,  0.03372,  0.00922,  0.14471,  0.58591,  0.6336,  0.70279,  0.71938
17482, 6220,  0.02537,  0.01934,  0.14165,  0.66862,  0.57984,  0.7855,  0.68311
17483, 6221,  0.02635,  0.00854,  0.14607,  0.58591,  0.57984,  0.70279,  0.68311
17484, 6221,  0.02635,  0.00854,  0.14607,  0.58591,  0.57984,  0.70279,  0.68311
17485, 6220,  0.02537,  0.01934,  0.14165,  0.66862,  0.57984,  0.7855,  0.68311
17486, 6222,  0.01812,  0.01773,  0.14262,  0.66862,  0.52374,  0.7855,  0.64526
17487, 6221,  0.02635,  0.00854,  0.14607,  0.58591,  0.57984,  0.70279,  0.68311
17488, 6222,  0.01812,  0.01773,  0.14262,  0.66862,  0.52374,  0.7855,  0.64526
17489, 6223,  0.01889,  0.00769,  0.14692,  0.58591,  0.52374,  0.70279,  0.64526
17490, 6223,  0.01889,  0.00769,  0.14692,  0.58591,  0.52374,  0.70279,  0.64526
17491, 6222,  0.01812,  0.01773,  0.14262,  0.66862,  0.52374,  0.7855,  0.64526
17492, 6224,  0.01089,  0.01592,  0.14279,  0.66862,  0.46465,  0.7855,  0.6054
17493, 6223,  0.01889,  0.00769,  0.14692,  0.58591,  0.52374,  0.70279,  0.64526
17494, 6224,  0.01089,  0.01592,  0.14279,  0.66862,  0.46465,  0.7855,  0.6054
17495, 6225,  0.01141,  0.00667,  0.147,  0.58591,  0.46465,  0.70279,  0.6054
17496, 6224,  0.01089,  0.01592,  0.14279,  0.66862,  0.46465,  0.7855,  0.6054
17497, 6226,  0.00398,  0.0055,  0.14606,  0.58591,  0.40196,  0.70279,  0.56311
17498, 6225,  0.01141,  0.00667,  0.147,  0.58591,  0.46465,  0.70279,  0.6054
17499, 6224,  0.01089,  0.01592,  0.14279,  0.66862,  0.46465,  0.7855,  0.6054
17500, 6227,  0.00374,  0.01396,  0.14202,  0.66862,  0.40196,  0.7855,  0.56311
17501, 6226,  0.00398,  0.0055,  0.14606,  0.58591,  0.40196,  0.70279,  0.56311
17502, 6228, -0.00378,  0.01169,  0.14009,  0.66862,  0.33831,  0.7855,  0.52017
17503, 6226,  0.00398,  0.0055,  0.14606,  0.58591,  0.40196,  0.70279,  0.56311
17504, 6227,  0.00374,  0.01396,  0.14202,  0.66862,  0.40196,  0.7855,  0.56311
17505, 6228, -0.00378,  0.01169,  0.14009,  0.66862,  0.33831,  0.7855,  0.52017
17506, 6229, -0.00384,  0.00392,  0.14356,  0.58591,  0.33831,  0.70279,  0.52017
17507, 6226,  0.00398,  0.0055,  0.14606,  0.58591,  0.40196,  0.70279,  0.56311
17508, 6229, -0.00384,  0.00392,  0.14356,  0.58591,  0.33831,  0.70279,  0.52017
17509, 6228, -0.00378,  0.01169,  0.14009,  0.66862,  0.33831,  0.7855,  0.52017
17510, 6230, -0.0121,  0.00895,  0.13679,  0.66862,  0.27638,  0.7855,  0.47839
17511, 6229, -0.00384,  0.00392,  0.14356,  0.58591,  0.33831,  0.70279,  0.52017
17512, 6230, -0.0121,  0.00895,  0.13679,  0.66862,  0.27638,  0.7855,  0.47839
17513, 6231, -0.01249,  0.00167,  0.13897,  0.58591,  0.27638,  0.70279,  0.47839
17514, 6231, -0.01249,  0.00167,  0.13897,  0.58591,  0.27638,  0.70279,  0.47839
17515, 6230, -0.0121,  0.00895,  0.13679,  0.66862,  0.27638,  0.7855,  0.47839
17516, 6232, -0.02082,  0.00599,  0.1328,  0.66862,  0.2153,  0.7855,  0.43718
17517, 6231, -0.01249,  0.00167,  0.13897,  0.58591,  0.27638,  0.70279,  0.47839
17518, 6232, -0.02082,  0.00599,  0.1328,  0.66862,  0.2153,  0.7855,  0.43718
17519, 6233, -0.02155, -0.00092,  0.13334,  0.58591,  0.2153,  0.70279,  0.43718
17520, 6234, -0.02949, -0.05065,  0.01266,  0.54826,  0.92854,  0.44028,  0.76835
17521, 6235, -0.0231, -0.0456,  0.00178,  0.54826,  0.9478,  0.44028,  0.81801
17522, 6236, -0.01678, -0.05423,  0.00841,  0.66526,  0.9478,  0.55728,  0.81801
17523, 6234, -0.02949, -0.05065,  0.01266,  0.54826,  0.92854,  0.44028,  0.76835
17524, 6236, -0.01678, -0.05423,  0.00841,  0.66526,  0.9478,  0.55728,  0.81801
17525, 6237, -0.02325, -0.0579,  0.01982,  0.66526,  0.92854,  0.55728,  0.76835
17526, 6238, -0.01655, -0.03988, -0.00768,  0.54826,  0.95404,  0.44028,  0.86879
17527, 6236, -0.01678, -0.05423,  0.00841,  0.66526,  0.9478,  0.55728,  0.81801
17528, 6235, -0.0231, -0.0456,  0.00178,  0.54826,  0.9478,  0.44028,  0.81801
17529, 6238, -0.01655, -0.03988, -0.00768,  0.54826,  0.95404,  0.44028,  0.86879
17530, 6239, -0.00956, -0.04936, -0.00009,  0.66526,  0.95404,  0.55728,  0.86879
17531, 6236, -0.01678, -0.05423,  0.00841,  0.66526,  0.9478,  0.55728,  0.81801
17532, 6234, -0.02949, -0.05065,  0.01266,  0.54826,  0.92854,  0.44028,  0.76835
17533, 6237, -0.02325, -0.0579,  0.01982,  0.66526,  0.92854,  0.55728,  0.76835
17534, 6240, -0.02769, -0.06002,  0.0335,  0.66526,  0.87092,  0.55728,  0.71853
17535, 6234, -0.02949, -0.05065,  0.01266,  0.54826,  0.92854,  0.44028,  0.76835
17536, 6240, -0.02769, -0.06002,  0.0335,  0.66526,  0.87092,  0.55728,  0.71853
17537, 6241, -0.03422, -0.05376,  0.0236,  0.54826,  0.87092,  0.44028,  0.71853
17538, 6241, -0.03422, -0.05376,  0.0236,  0.54826,  0.87092,  0.44028,  0.71853
17539, 6240, -0.02769, -0.06002,  0.0335,  0.66526,  0.87092,  0.55728,  0.71853
17540, 6242, -0.03038, -0.06072,  0.04755,  0.66526,  0.80463,  0.55728,  0.66796
17541, 6241, -0.03422, -0.05376,  0.0236,  0.54826,  0.87092,  0.44028,  0.71853
17542, 6242, -0.03038, -0.06072,  0.04755,  0.66526,  0.80463,  0.55728,  0.66796
17543, 6243, -0.03729, -0.05513,  0.03554,  0.54826,  0.80463,  0.44028,  0.66796
17544, 6243, -0.03729, -0.05513,  0.03554,  0.54826,  0.80463,  0.44028,  0.66796
17545, 6242, -0.03038, -0.06072,  0.04755,  0.66526,  0.80463,  0.55728,  0.66796
17546, 6244, -0.03161, -0.06014,  0.06008,  0.66526,  0.75937,  0.55728,  0.61604
17547, 6243, -0.03729, -0.05513,  0.03554,  0.54826,  0.80463,  0.44028,  0.66796
17548, 6244, -0.03161, -0.06014,  0.06008,  0.66526,  0.75937,  0.55728,  0.61604
17549, 6245, -0.03872, -0.05494,  0.04944,  0.54826,  0.75937,  0.44028,  0.61604
17550, 6245, -0.03872, -0.05494,  0.04944,  0.54826,  0.75937,  0.44028,  0.61604
17551, 6244, -0.03161, -0.06014,  0.06008,  0.66526,  0.75937,  0.55728,  0.61604
17552, 6246, -0.03195, -0.05894,  0.07012,  0.66526,  0.72425,  0.55728,  0.56288
17553, 6245, -0.03872, -0.05494,  0.04944,  0.54826,  0.75937,  0.44028,  0.61604
17554, 6246, -0.03195, -0.05894,  0.07012,  0.66526,  0.72425,  0.55728,  0.56288
17555, 6247, -0.0389, -0.05344,  0.06306,  0.54826,  0.72425,  0.44028,  0.56288
17556, 6247, -0.0389, -0.05344,  0.06306,  0.54826,  0.72425,  0.44028,  0.56288
17557, 6246, -0.03195, -0.05894,  0.07012,  0.66526,  0.72425,  0.55728,  0.56288
17558, 6248, -0.03198, -0.05782,  0.07668,  0.66526,  0.6884,  0.55728,  0.50861
17559, 6247, -0.0389, -0.05344,  0.06306,  0.54826,  0.72425,  0.44028,  0.56288
17560, 6248, -0.03198, -0.05782,  0.07668,  0.66526,  0.6884,  0.55728,  0.50861
17561, 6249, -0.03826, -0.05087,  0.07416,  0.54826,  0.6884,  0.44028,  0.50861
17562, 6249, -0.03826, -0.05087,  0.07416,  0.54826,  0.6884,  0.44028,  0.50861
17563, 6248, -0.03198, -0.05782,  0.07668,  0.66526,  0.6884,  0.55728,  0.50861
17564, 6250, -0.03129, -0.05609,  0.08156,  0.66526,  0.65033,  0.55728,  0.4542
17565, 6249, -0.03826, -0.05087,  0.07416,  0.54826,  0.6884,  0.44028,  0.50861
17566, 6250, -0.03129, -0.05609,  0.08156,  0.66526,  0.65033,  0.55728,  0.4542
17567, 6251, -0.03678, -0.04789,  0.08264,  0.54826,  0.65033,  0.44028,  0.4542
17568, 6251, -0.03678, -0.04789,  0.08264,  0.54826,  0.65033,  0.44028,  0.4542
17569, 6250, -0.03129, -0.05609,  0.08156,  0.66526,  0.65033,  0.55728,  0.4542
17570, 6252, -0.02948, -0.05311,  0.08656,  0.66526,  0.60857,  0.55728,  0.40064
17571, 6251, -0.03678, -0.04789,  0.08264,  0.54826,  0.65033,  0.44028,  0.4542
17572, 6252, -0.02948, -0.05311,  0.08656,  0.66526,  0.60857,  0.55728,  0.40064
17573, 6253, -0.03445, -0.04516,  0.08842,  0.54826,  0.60857,  0.44028,  0.40064
17574, 6253, -0.03445, -0.04516,  0.08842,  0.54826,  0.60857,  0.44028,  0.40064
17575, 6252, -0.02948, -0.05311,  0.08656,  0.66526,  0.60857,  0.55728,  0.40064
17576, 6254, -0.0271, -0.04949,  0.09162,  0.66526,  0.56497,  0.55728,  0.34751
17577, 6253, -0.03445, -0.04516,  0.08842,  0.54826,  0.60857,  0.44028,  0.40064
17578, 6254, -0.0271, -0.04949,  0.09162,  0.66526,  0.56497,  0.55728,  0.34751
17579, 6255, -0.03171, -0.04255,  0.09284,  0.54826,  0.56497,  0.44028,  0.34751
17580, 6238, -0.01655, -0.03988, -0.00768,  0.54826,  0.95404,  0.44028,  0.86879
17581, 6256, -0.01135, -0.03472, -0.01431,  0.54826,  0.97262,  0.44028,  0.92195
17582, 6257, -0.00284, -0.04366, -0.00504,  0.66526,  0.97262,  0.55728,  0.92195
17583, 6238, -0.01655, -0.03988, -0.00768,  0.54826,  0.95404,  0.44028,  0.86879
17584, 6257, -0.00284, -0.04366, -0.00504,  0.66526,  0.97262,  0.55728,  0.92195
17585, 6239, -0.00956, -0.04936, -0.00009,  0.66526,  0.95404,  0.55728,  0.86879
17586, 6258, -0.00683, -0.02986, -0.01954,  0.54826,  0.99736,  0.44028,  0.97632
17587, 6257, -0.00284, -0.04366, -0.00504,  0.66526,  0.97262,  0.55728,  0.92195
17588, 6256, -0.01135, -0.03472, -0.01431,  0.54826,  0.97262,  0.44028,  0.92195
17589, 6258, -0.00683, -0.02986, -0.01954,  0.54826,  0.99736,  0.44028,  0.97632
17590, 6259,  0.00362, -0.03754, -0.0082,  0.66526,  0.99736,  0.55728,  0.97632
17591, 6257, -0.00284, -0.04366, -0.00504,  0.66526,  0.97262,  0.55728,  0.92195
17592, 6260,  0.0574, -0.05794,  0.10758,  0.61684,  0.88952,  0.9735,  0.79498
17593, 6261,  0.05329, -0.06212,  0.10016,  0.523,  0.88952,  0.87966,  0.79498
17594, 6262,  0.06098, -0.05714,  0.09706,  0.523,  0.94379,  0.87966,  0.84431
17595, 6260,  0.0574, -0.05794,  0.10758,  0.61684,  0.88952,  0.9735,  0.79498
17596, 6262,  0.06098, -0.05714,  0.09706,  0.523,  0.94379,  0.87966,  0.84431
17597, 6263,  0.06314, -0.05292,  0.10475,  0.61684,  0.94379,  0.9735,  0.84431
17598, 6263,  0.06314, -0.05292,  0.10475,  0.61684,  0.94379,  0.9735,  0.84431
17599, 6262,  0.06098, -0.05714,  0.09706,  0.523,  0.94379,  0.87966,  0.84431
17600, 6264,  0.06837, -0.05122,  0.09358,  0.523,  0.99658,  0.87966,  0.8923
17601, 6263,  0.06314, -0.05292,  0.10475,  0.61684,  0.94379,  0.9735,  0.84431
17602, 6264,  0.06837, -0.05122,  0.09358,  0.523,  0.99658,  0.87966,  0.8923
17603, 6265,  0.06792, -0.04659,  0.10172,  0.61684,  0.99658,  0.9735,  0.8923
17604, 6266,  0.04973, -0.06035,  0.11001,  0.61684,  0.83231,  0.9735,  0.74297
17605, 6261,  0.05329, -0.06212,  0.10016,  0.523,  0.88952,  0.87966,  0.79498
17606, 6260,  0.0574, -0.05794,  0.10758,  0.61684,  0.88952,  0.9735,  0.79498
17607, 6266,  0.04973, -0.06035,  0.11001,  0.61684,  0.83231,  0.9735,  0.74297
17608, 6267,  0.045, -0.06518,  0.10253,  0.523,  0.83231,  0.87966,  0.74297
17609, 6261,  0.05329, -0.06212,  0.10016,  0.523,  0.88952,  0.87966,  0.79498
17610, 6268,  0.04068, -0.06115,  0.1124,  0.61684,  0.77312,  0.9735,  0.68917
17611, 6267,  0.045, -0.06518,  0.10253,  0.523,  0.83231,  0.87966,  0.74297
17612, 6266,  0.04973, -0.06035,  0.11001,  0.61684,  0.83231,  0.9735,  0.74297
17613, 6268,  0.04068, -0.06115,  0.1124,  0.61684,  0.77312,  0.9735,  0.68917
17614, 6269,  0.0358, -0.06684,  0.10464,  0.523,  0.77312,  0.87966,  0.68917
17615, 6267,  0.045, -0.06518,  0.10253,  0.523,  0.83231,  0.87966,  0.74297
17616, 6269,  0.0358, -0.06684,  0.10464,  0.523,  0.77312,  0.87966,  0.68917
17617, 6268,  0.04068, -0.06115,  0.1124,  0.61684,  0.77312,  0.9735,  0.68917
17618, 6270,  0.03076, -0.06135,  0.11507,  0.61684,  0.71292,  0.9735,  0.63445
17619, 6269,  0.0358, -0.06684,  0.10464,  0.523,  0.77312,  0.87966,  0.68917
17620, 6270,  0.03076, -0.06135,  0.11507,  0.61684,  0.71292,  0.9735,  0.63445
17621, 6271,  0.02534, -0.06756,  0.10699,  0.523,  0.71292,  0.87966,  0.63445
17622, 6272,  0.01468, -0.06683,  0.10915,  0.523,  0.65224,  0.87966,  0.5793
17623, 6271,  0.02534, -0.06756,  0.10699,  0.523,  0.71292,  0.87966,  0.63445
17624, 6270,  0.03076, -0.06135,  0.11507,  0.61684,  0.71292,  0.9735,  0.63445
17625, 6272,  0.01468, -0.06683,  0.10915,  0.523,  0.65224,  0.87966,  0.5793
17626, 6270,  0.03076, -0.06135,  0.11507,  0.61684,  0.71292,  0.9735,  0.63445
17627, 6273,  0.02067, -0.06049,  0.11761,  0.61684,  0.65224,  0.9735,  0.5793
17628, 6272,  0.01468, -0.06683,  0.10915,  0.523,  0.65224,  0.87966,  0.5793
17629, 6273,  0.02067, -0.06049,  0.11761,  0.61684,  0.65224,  0.9735,  0.5793
17630, 6274,  0.01107, -0.05812,  0.11961,  0.61684,  0.59159,  0.9735,  0.52416
17631, 6272,  0.01468, -0.06683,  0.10915,  0.523,  0.65224,  0.87966,  0.5793
17632, 6274,  0.01107, -0.05812,  0.11961,  0.61684,  0.59159,  0.9735,  0.52416
17633, 6275,  0.00483, -0.06412,  0.11067,  0.523,  0.59159,  0.87966,  0.52416
17634, 6276, -0.00388, -0.05971,  0.11181,  0.523,  0.52977,  0.87966,  0.46797
17635, 6275,  0.00483, -0.06412,  0.11067,  0.523,  0.59159,  0.87966,  0.52416
17636, 6274,  0.01107, -0.05812,  0.11961,  0.61684,  0.59159,  0.9735,  0.52416
17637, 6276, -0.00388, -0.05971,  0.11181,  0.523,  0.52977,  0.87966,  0.46797
17638, 6274,  0.01107, -0.05812,  0.11961,  0.61684,  0.59159,  0.9735,  0.52416
17639, 6277,  0.00248, -0.05426,  0.12115,  0.61684,  0.52977,  0.9735,  0.46797
17640, 6277,  0.00248, -0.05426,  0.12115,  0.61684,  0.52977,  0.9735,  0.46797
17641, 6278, -0.01112, -0.05387,  0.11283,  0.523,  0.46562,  0.87966,  0.40965
17642, 6276, -0.00388, -0.05971,  0.11181,  0.523,  0.52977,  0.87966,  0.46797
17643, 6277,  0.00248, -0.05426,  0.12115,  0.61684,  0.52977,  0.9735,  0.46797
17644, 6279, -0.00458, -0.04894,  0.12236,  0.61684,  0.46562,  0.9735,  0.40965
17645, 6278, -0.01112, -0.05387,  0.11283,  0.523,  0.46562,  0.87966,  0.40965
17646, 6280, -0.01727, -0.04682,  0.1137,  0.523,  0.409,  0.87966,  0.35819
17647, 6278, -0.01112, -0.05387,  0.11283,  0.523,  0.46562,  0.87966,  0.40965
17648, 6279, -0.00458, -0.04894,  0.12236,  0.61684,  0.46562,  0.9735,  0.40965
17649, 6280, -0.01727, -0.04682,  0.1137,  0.523,  0.409,  0.87966,  0.35819
17650, 6279, -0.00458, -0.04894,  0.12236,  0.61684,  0.46562,  0.9735,  0.40965
17651, 6281, -0.01044, -0.04237,  0.12326,  0.61684,  0.409,  0.9735,  0.35819
17652, 6281, -0.01044, -0.04237,  0.12326,  0.61684,  0.409,  0.9735,  0.35819
17653, 6282, -0.02269, -0.03878,  0.1144,  0.523,  0.3698,  0.87966,  0.32255
17654, 6280, -0.01727, -0.04682,  0.1137,  0.523,  0.409,  0.87966,  0.35819
17655, 6281, -0.01044, -0.04237,  0.12326,  0.61684,  0.409,  0.9735,  0.35819
17656, 6283, -0.0154, -0.03479,  0.12389,  0.61684,  0.3698,  0.9735,  0.32255
17657, 6282, -0.02269, -0.03878,  0.1144,  0.523,  0.3698,  0.87966,  0.32255
17658, 6284, -0.02021, -0.02635,  0.12447,  0.61684,  0.3393,  0.9735,  0.29483
17659, 6282, -0.02269, -0.03878,  0.1144,  0.523,  0.3698,  0.87966,  0.32255
17660, 6283, -0.0154, -0.03479,  0.12389,  0.61684,  0.3698,  0.9735,  0.32255
17661, 6284, -0.02021, -0.02635,  0.12447,  0.61684,  0.3393,  0.9735,  0.29483
17662, 6285, -0.0278, -0.03001,  0.11503,  0.523,  0.3393,  0.87966,  0.29483
17663, 6282, -0.02269, -0.03878,  0.1144,  0.523,  0.3698,  0.87966,  0.32255
17664, 6284, -0.02021, -0.02635,  0.12447,  0.61684,  0.3393,  0.9735,  0.29483
17665, 6286, -0.03305, -0.02078,  0.1157,  0.523,  0.30881,  0.87966,  0.26711
17666, 6285, -0.0278, -0.03001,  0.11503,  0.523,  0.3393,  0.87966,  0.29483
17667, 6284, -0.02021, -0.02635,  0.12447,  0.61684,  0.3393,  0.9735,  0.29483
17668, 6287, -0.02559, -0.0172,  0.12519,  0.61684,  0.30881,  0.9735,  0.26711
17669, 6286, -0.03305, -0.02078,  0.1157,  0.523,  0.30881,  0.87966,  0.26711
17670, 6288, -0.03126, -0.0077,  0.126,  0.61684,  0.27832,  0.9735,  0.2394
17671, 6286, -0.03305, -0.02078,  0.1157,  0.523,  0.30881,  0.87966,  0.26711
17672, 6287, -0.02559, -0.0172,  0.12519,  0.61684,  0.30881,  0.9735,  0.26711
17673, 6288, -0.03126, -0.0077,  0.126,  0.61684,  0.27832,  0.9735,  0.2394
17674, 6289, -0.03835, -0.01131,  0.11637,  0.523,  0.27832,  0.87966,  0.2394
17675, 6286, -0.03305, -0.02078,  0.1157,  0.523,  0.30881,  0.87966,  0.26711
17676, 6290,  0.06213, -0.02937,  0.12584,  0.58642,  0.89488,  0.36307,  0.84554
17677, 6291,  0.06403, -0.03112,  0.12132,  0.58642,  0.94484,  0.36307,  0.89709
17678, 6292,  0.06483, -0.01975,  0.12531,  0.67162,  0.94484,  0.44828,  0.89709
17679, 6290,  0.06213, -0.02937,  0.12584,  0.58642,  0.89488,  0.36307,  0.84554
17680, 6292,  0.06483, -0.01975,  0.12531,  0.67162,  0.94484,  0.44828,  0.89709
17681, 6293,  0.06388, -0.01698,  0.12817,  0.67162,  0.89488,  0.44828,  0.84554
17682, 6294,  0.06477, -0.03278,  0.11613,  0.58642,  0.998,  0.36307,  0.95194
17683, 6292,  0.06483, -0.01975,  0.12531,  0.67162,  0.94484,  0.44828,  0.89709
17684, 6291,  0.06403, -0.03112,  0.12132,  0.58642,  0.94484,  0.36307,  0.89709
17685, 6294,  0.06477, -0.03278,  0.11613,  0.58642,  0.998,  0.36307,  0.95194
17686, 6295,  0.0648, -0.02292,  0.12279,  0.67162,  0.998,  0.44828,  0.95194
17687, 6292,  0.06483, -0.01975,  0.12531,  0.67162,  0.94484,  0.44828,  0.89709
17688, 6293,  0.06388, -0.01698,  0.12817,  0.67162,  0.89488,  0.44828,  0.84554
17689, 6296,  0.05794, -0.02742,  0.12904,  0.58642,  0.85131,  0.36307,  0.80058
17690, 6290,  0.06213, -0.02937,  0.12584,  0.58642,  0.89488,  0.36307,  0.84554
17691, 6293,  0.06388, -0.01698,  0.12817,  0.67162,  0.89488,  0.44828,  0.84554
17692, 6297,  0.06095, -0.01502,  0.13167,  0.67162,  0.85131,  0.44828,  0.80058
17693, 6296,  0.05794, -0.02742,  0.12904,  0.58642,  0.85131,  0.36307,  0.80058
17694, 6298,  0.05622, -0.01357,  0.13521,  0.67162,  0.81057,  0.44828,  0.75854
17695, 6296,  0.05794, -0.02742,  0.12904,  0.58642,  0.85131,  0.36307,  0.80058
17696, 6297,  0.06095, -0.01502,  0.13167,  0.67162,  0.85131,  0.44828,  0.80058
17697, 6298,  0.05622, -0.01357,  0.13521,  0.67162,  0.81057,  0.44828,  0.75854
17698, 6299,  0.05211, -0.02549,  0.13151,  0.58642,  0.81057,  0.36307,  0.75854
17699, 6296,  0.05794, -0.02742,  0.12904,  0.58642,  0.85131,  0.36307,  0.80058
17700, 6300,  0.04987, -0.01232,  0.13817,  0.67162,  0.76907,  0.44828,  0.71571
17701, 6299,  0.05211, -0.02549,  0.13151,  0.58642,  0.81057,  0.36307,  0.75854
17702, 6298,  0.05622, -0.01357,  0.13521,  0.67162,  0.81057,  0.44828,  0.75854
17703, 6300,  0.04987, -0.01232,  0.13817,  0.67162,  0.76907,  0.44828,  0.71571
17704, 6301,  0.04531, -0.0238,  0.13388,  0.58642,  0.76907,  0.36307,  0.71571
17705, 6299,  0.05211, -0.02549,  0.13151,  0.58642,  0.81057,  0.36307,  0.75854
17706, 6302,  0.04243, -0.01116,  0.14073,  0.67162,  0.72634,  0.44828,  0.67163
17707, 6301,  0.04531, -0.0238,  0.13388,  0.58642,  0.76907,  0.36307,  0.71571
17708, 6300,  0.04987, -0.01232,  0.13817,  0.67162,  0.76907,  0.44828,  0.71571
17709, 6302,  0.04243, -0.01116,  0.14073,  0.67162,  0.72634,  0.44828,  0.67163
17710, 6303,  0.03785, -0.02221,  0.13612,  0.58642,  0.72634,  0.36307,  0.67163
17711, 6301,  0.04531, -0.0238,  0.13388,  0.58642,  0.76907,  0.36307,  0.71571
17712, 6304,  0.0344, -0.01003,  0.14308,  0.67162,  0.68192,  0.44828,  0.62579
17713, 6303,  0.03785, -0.02221,  0.13612,  0.58642,  0.72634,  0.36307,  0.67163
17714, 6302,  0.04243, -0.01116,  0.14073,  0.67162,  0.72634,  0.44828,  0.67163
17715, 6304,  0.0344, -0.01003,  0.14308,  0.67162,  0.68192,  0.44828,  0.62579
17716, 6305,  0.03, -0.02056,  0.13822,  0.58642,  0.68192,  0.36307,  0.62579
17717, 6303,  0.03785, -0.02221,  0.13612,  0.58642,  0.72634,  0.36307,  0.67163
17718, 6306,  0.02608, -0.00882,  0.14497,  0.67162,  0.63569,  0.44828,  0.57809
17719, 6305,  0.03, -0.02056,  0.13822,  0.58642,  0.68192,  0.36307,  0.62579
17720, 6304,  0.0344, -0.01003,  0.14308,  0.67162,  0.68192,  0.44828,  0.62579
17721, 6306,  0.02608, -0.00882,  0.14497,  0.67162,  0.63569,  0.44828,  0.57809
17722, 6307,  0.02201, -0.0189,  0.13994,  0.58642,  0.63569,  0.36307,  0.57809
17723, 6305,  0.03, -0.02056,  0.13822,  0.58642,  0.68192,  0.36307,  0.62579
17724, 6308,  0.01779, -0.00746,  0.14615,  0.67162,  0.58757,  0.44828,  0.52844
17725, 6307,  0.02201, -0.0189,  0.13994,  0.58642,  0.63569,  0.36307,  0.57809
17726, 6306,  0.02608, -0.00882,  0.14497,  0.67162,  0.63569,  0.44828,  0.57809
17727, 6308,  0.01779, -0.00746,  0.14615,  0.67162,  0.58757,  0.44828,  0.52844
17728, 6309,  0.01408, -0.01728,  0.14107,  0.58642,  0.58757,  0.36307,  0.52844
17729, 6307,  0.02201, -0.0189,  0.13994,  0.58642,  0.63569,  0.36307,  0.57809
17730, 6310,  0.00979, -0.00614,  0.14636,  0.67162,  0.53747,  0.44828,  0.47674
17731, 6309,  0.01408, -0.01728,  0.14107,  0.58642,  0.58757,  0.36307,  0.52844
17732, 6308,  0.01779, -0.00746,  0.14615,  0.67162,  0.58757,  0.44828,  0.52844
17733, 6310,  0.00979, -0.00614,  0.14636,  0.67162,  0.53747,  0.44828,  0.47674
17734, 6311,  0.0064, -0.01573,  0.14142,  0.58642,  0.53747,  0.36307,  0.47674
17735, 6309,  0.01408, -0.01728,  0.14107,  0.58642,  0.58757,  0.36307,  0.52844
17736, 6312,  0.00237, -0.00507,  0.14537,  0.67162,  0.48531,  0.44828,  0.42292
17737, 6311,  0.0064, -0.01573,  0.14142,  0.58642,  0.53747,  0.36307,  0.47674
17738, 6310,  0.00979, -0.00614,  0.14636,  0.67162,  0.53747,  0.44828,  0.47674
17739, 6312,  0.00237, -0.00507,  0.14537,  0.67162,  0.48531,  0.44828,  0.42292
17740, 6313, -0.0009, -0.01429,  0.14084,  0.58642,  0.48531,  0.36307,  0.42292
17741, 6311,  0.0064, -0.01573,  0.14142,  0.58642,  0.53747,  0.36307,  0.47674
17742, 6314, -0.00491, -0.0041,  0.14285,  0.67162,  0.4322,  0.44828,  0.36812
17743, 6313, -0.0009, -0.01429,  0.14084,  0.58642,  0.48531,  0.36307,  0.42292
17744, 6312,  0.00237, -0.00507,  0.14537,  0.67162,  0.48531,  0.44828,  0.42292
17745, 6314, -0.00491, -0.0041,  0.14285,  0.67162,  0.4322,  0.44828,  0.36812
17746, 6315, -0.00819, -0.01274,  0.139,  0.58642,  0.4322,  0.36307,  0.36812
17747, 6313, -0.0009, -0.01429,  0.14084,  0.58642,  0.48531,  0.36307,  0.42292
17748, 6316, -0.01247, -0.0031,  0.13849,  0.67162,  0.37925,  0.44828,  0.31347
17749, 6315, -0.00819, -0.01274,  0.139,  0.58642,  0.4322,  0.36307,  0.36812
17750, 6314, -0.00491, -0.0041,  0.14285,  0.67162,  0.4322,  0.44828,  0.36812
17751, 6316, -0.01247, -0.0031,  0.13849,  0.67162,  0.37925,  0.44828,  0.31347
17752, 6317, -0.01585, -0.01088,  0.13558,  0.58642,  0.37925,  0.36307,  0.31347
17753, 6315, -0.00819, -0.01274,  0.139,  0.58642,  0.4322,  0.36307,  0.36812
17754, 6318, -0.02017, -0.00207,  0.13321,  0.67162,  0.32636,  0.44828,  0.2589
17755, 6317, -0.01585, -0.01088,  0.13558,  0.58642,  0.37925,  0.36307,  0.31347
17756, 6316, -0.01247, -0.0031,  0.13849,  0.67162,  0.37925,  0.44828,  0.31347
17757, 6318, -0.02017, -0.00207,  0.13321,  0.67162,  0.32636,  0.44828,  0.2589
17758, 6319, -0.02369, -0.00887,  0.13138,  0.58642,  0.32636,  0.36307,  0.2589
17759, 6317, -0.01585, -0.01088,  0.13558,  0.58642,  0.37925,  0.36307,  0.31347
17760, 6320, -0.02502,  0.05359,  0.01357,  0.66663,  0.87119,  0.77599,  0.76806
17761, 6321, -0.01865,  0.06365,  0.02817,  0.54963,  0.87119,  0.65899,  0.76806
17762, 6322, -0.0112,  0.06041,  0.01788,  0.54963,  0.90606,  0.65899,  0.81797
17763, 6320, -0.02502,  0.05359,  0.01357,  0.66663,  0.87119,  0.77599,  0.76806
17764, 6322, -0.0112,  0.06041,  0.01788,  0.54963,  0.90606,  0.65899,  0.81797
17765, 6323, -0.01782,  0.05033,  0.00383,  0.66663,  0.90606,  0.77599,  0.81797
17766, 6323, -0.01782,  0.05033,  0.00383,  0.66663,  0.90606,  0.77599,  0.81797
17767, 6322, -0.0112,  0.06041,  0.01788,  0.54963,  0.90606,  0.65899,  0.81797
17768, 6324, -0.00334,  0.0551,  0.00902,  0.54963,  0.93976,  0.65899,  0.86883
17769, 6323, -0.01782,  0.05033,  0.00383,  0.66663,  0.90606,  0.77599,  0.81797
17770, 6324, -0.00334,  0.0551,  0.00902,  0.54963,  0.93976,  0.65899,  0.86883
17771, 6325, -0.01053,  0.0455, -0.00428,  0.66663,  0.93976,  0.77599,  0.86883
17772, 6325, -0.01053,  0.0455, -0.00428,  0.66663,  0.93976,  0.77599,  0.86883
17773, 6324, -0.00334,  0.0551,  0.00902,  0.54963,  0.93976,  0.65899,  0.86883
17774, 6326,  0.00504,  0.04795,  0.00282,  0.54963,  0.96935,  0.65899,  0.92288
17775, 6325, -0.01053,  0.0455, -0.00428,  0.66663,  0.93976,  0.77599,  0.86883
17776, 6326,  0.00504,  0.04795,  0.00282,  0.54963,  0.96935,  0.65899,  0.92288
17777, 6327, -0.0029,  0.0398, -0.00986,  0.66663,  0.96935,  0.77599,  0.92288
17778, 6327, -0.0029,  0.0398, -0.00986,  0.66663,  0.96935,  0.77599,  0.92288
17779, 6326,  0.00504,  0.04795,  0.00282,  0.54963,  0.96935,  0.65899,  0.92288
17780, 6328,  0.01368,  0.03989, -0.00207,  0.54963,  0.99688,  0.65899,  0.97853
17781, 6327, -0.0029,  0.0398, -0.00986,  0.66663,  0.96935,  0.77599,  0.92288
17782, 6328,  0.01368,  0.03989, -0.00207,  0.54963,  0.99688,  0.65899,  0.97853
17783, 6329,  0.00492,  0.03366, -0.01418,  0.66663,  0.99688,  0.77599,  0.97853
17784, 6330, -0.03242,  0.05456,  0.02405,  0.66663,  0.83808,  0.77599,  0.71685
17785, 6321, -0.01865,  0.06365,  0.02817,  0.54963,  0.87119,  0.65899,  0.76806
17786, 6320, -0.02502,  0.05359,  0.01357,  0.66663,  0.87119,  0.77599,  0.76806
17787, 6330, -0.03242,  0.05456,  0.02405,  0.66663,  0.83808,  0.77599,  0.71685
17788, 6331, -0.02583,  0.06456,  0.0387,  0.54963,  0.83808,  0.65899,  0.71685
17789, 6321, -0.01865,  0.06365,  0.02817,  0.54963,  0.87119,  0.65899,  0.76806
17790, 6332, -0.03894,  0.05315,  0.03496,  0.66663,  0.80517,  0.77599,  0.66481
17791, 6331, -0.02583,  0.06456,  0.0387,  0.54963,  0.83808,  0.65899,  0.71685
17792, 6330, -0.03242,  0.05456,  0.02405,  0.66663,  0.83808,  0.77599,  0.71685
17793, 6332, -0.03894,  0.05315,  0.03496,  0.66663,  0.80517,  0.77599,  0.66481
17794, 6333, -0.0322,  0.06319,  0.04914,  0.54963,  0.80517,  0.65899,  0.66481
17795, 6331, -0.02583,  0.06456,  0.0387,  0.54963,  0.83808,  0.65899,  0.71685
17796, 6334, -0.04354,  0.04924,  0.04597,  0.66663,  0.77088,  0.77599,  0.61244
17797, 6333, -0.0322,  0.06319,  0.04914,  0.54963,  0.80517,  0.65899,  0.66481
17798, 6332, -0.03894,  0.05315,  0.03496,  0.66663,  0.80517,  0.77599,  0.66481
17799, 6334, -0.04354,  0.04924,  0.04597,  0.66663,  0.77088,  0.77599,  0.61244
17800, 6335, -0.03724,  0.0596,  0.05915,  0.54963,  0.77088,  0.65899,  0.61244
17801, 6333, -0.0322,  0.06319,  0.04914,  0.54963,  0.80517,  0.65899,  0.66481
17802, 6336, -0.0468,  0.04384,  0.05669,  0.66663,  0.73855,  0.77599,  0.56001
17803, 6335, -0.03724,  0.0596,  0.05915,  0.54963,  0.77088,  0.65899,  0.61244
17804, 6334, -0.04354,  0.04924,  0.04597,  0.66663,  0.77088,  0.77599,  0.61244
17805, 6336, -0.0468,  0.04384,  0.05669,  0.66663,  0.73855,  0.77599,  0.56001
17806, 6337, -0.04104,  0.05428,  0.06846,  0.54963,  0.73855,  0.65899,  0.56001
17807, 6335, -0.03724,  0.0596,  0.05915,  0.54963,  0.77088,  0.65899,  0.61244
17808, 6338, -0.04935,  0.03795,  0.0667,  0.66663,  0.71153,  0.77599,  0.50785
17809, 6337, -0.04104,  0.05428,  0.06846,  0.54963,  0.73855,  0.65899,  0.56001
17810, 6336, -0.0468,  0.04384,  0.05669,  0.66663,  0.73855,  0.77599,  0.56001
17811, 6338, -0.04935,  0.03795,  0.0667,  0.66663,  0.71153,  0.77599,  0.50785
17812, 6339, -0.04365,  0.04773,  0.07678,  0.54963,  0.71153,  0.65899,  0.50785
17813, 6337, -0.04104,  0.05428,  0.06846,  0.54963,  0.73855,  0.65899,  0.56001
17814, 6340, -0.05093,  0.03156,  0.0759,  0.66663,  0.68428,  0.77599,  0.45457
17815, 6339, -0.04365,  0.04773,  0.07678,  0.54963,  0.71153,  0.65899,  0.50785
17816, 6338, -0.04935,  0.03795,  0.0667,  0.66663,  0.71153,  0.77599,  0.50785
17817, 6340, -0.05093,  0.03156,  0.0759,  0.66663,  0.68428,  0.77599,  0.45457
17818, 6341, -0.0454,  0.0404,  0.08441,  0.54963,  0.68428,  0.65899,  0.45457
17819, 6339, -0.04365,  0.04773,  0.07678,  0.54963,  0.71153,  0.65899,  0.50785
17820, 6342, -0.0513,  0.02466,  0.08422,  0.66663,  0.65124,  0.77599,  0.39877
17821, 6341, -0.0454,  0.0404,  0.08441,  0.54963,  0.68428,  0.65899,  0.45457
17822, 6340, -0.05093,  0.03156,  0.0759,  0.66663,  0.68428,  0.77599,  0.45457
17823, 6342, -0.0513,  0.02466,  0.08422,  0.66663,  0.65124,  0.77599,  0.39877
17824, 6343, -0.04659,  0.03277,  0.09164,  0.54963,  0.65124,  0.65899,  0.39877
17825, 6341, -0.0454,  0.0404,  0.08441,  0.54963,  0.68428,  0.65899,  0.45457
17826, 6344, -0.05049,  0.01743,  0.09216,  0.66663,  0.61828,  0.77599,  0.34313
17827, 6343, -0.04659,  0.03277,  0.09164,  0.54963,  0.65124,  0.65899,  0.39877
17828, 6342, -0.0513,  0.02466,  0.08422,  0.66663,  0.65124,  0.77599,  0.39877
17829, 6344, -0.05049,  0.01743,  0.09216,  0.66663,  0.61828,  0.77599,  0.34313
17830, 6345, -0.0468,  0.02468,  0.0983,  0.54963,  0.61828,  0.65899,  0.34313
17831, 6343, -0.04659,  0.03277,  0.09164,  0.54963,  0.65124,  0.65899,  0.39877
17832, 6346, -0.04853,  0.01001,  0.10022,  0.66663,  0.59126,  0.77599,  0.29031
17833, 6345, -0.0468,  0.02468,  0.0983,  0.54963,  0.61828,  0.65899,  0.34313
17834, 6344, -0.05049,  0.01743,  0.09216,  0.66663,  0.61828,  0.77599,  0.34313
17835, 6346, -0.04853,  0.01001,  0.10022,  0.66663,  0.59126,  0.77599,  0.29031
17836, 6347, -0.0456,  0.01601,  0.10419,  0.54963,  0.59126,  0.65899,  0.29031
17837, 6345, -0.0468,  0.02468,  0.0983,  0.54963,  0.61828,  0.65899,  0.34313
17838, 6348, -0.04598,  0.00251,  0.10835,  0.66663,  0.56721,  0.77599,  0.2389
17839, 6347, -0.0456,  0.01601,  0.10419,  0.54963,  0.59126,  0.65899,  0.29031
17840, 6346, -0.04853,  0.01001,  0.10022,  0.66663,  0.59126,  0.77599,  0.29031
17841, 6348, -0.04598,  0.00251,  0.10835,  0.66663,  0.56721,  0.77599,  0.2389
17842, 6349, -0.04371,  0.00704,  0.1097,  0.54963,  0.56721,  0.65899,  0.2389
17843, 6347, -0.0456,  0.01601,  0.10419,  0.54963,  0.59126,  0.65899,  0.29031
17844, 6350, -0.04001, -0.00477, -0.01071,  0.53259,  0.82685,  0.53076,  0.78359
17845, 6351, -0.03434, -0.0012, -0.01755,  0.53259,  0.88034,  0.53076,  0.81915
17846, 6352, -0.03143, -0.01453, -0.01743,  0.64959,  0.88034,  0.64776,  0.81915
17847, 6350, -0.04001, -0.00477, -0.01071,  0.53259,  0.82685,  0.53076,  0.78359
17848, 6352, -0.03143, -0.01453, -0.01743,  0.64959,  0.88034,  0.64776,  0.81915
17849, 6353, -0.03656, -0.01869, -0.00996,  0.64959,  0.82685,  0.64776,  0.78359
17850, 6354, -0.02895,  0.00219, -0.02208,  0.53259,  0.92696,  0.53076,  0.85502
17851, 6352, -0.03143, -0.01453, -0.01743,  0.64959,  0.88034,  0.64776,  0.81915
17852, 6351, -0.03434, -0.0012, -0.01755,  0.53259,  0.88034,  0.53076,  0.81915
17853, 6354, -0.02895,  0.00219, -0.02208,  0.53259,  0.92696,  0.53076,  0.85502
17854, 6355, -0.02663, -0.01055, -0.02193,  0.64959,  0.92696,  0.64776,  0.85502
17855, 6352, -0.03143, -0.01453, -0.01743,  0.64959,  0.88034,  0.64776,  0.81915
17856, 6350, -0.04001, -0.00477, -0.01071,  0.53259,  0.82685,  0.53076,  0.78359
17857, 6353, -0.03656, -0.01869, -0.00996,  0.64959,  0.82685,  0.64776,  0.78359
17858, 6356, -0.04175, -0.02198,  0.00102,  0.64959,  0.76915,  0.64776,  0.74403
17859, 6350, -0.04001, -0.00477, -0.01071,  0.53259,  0.82685,  0.53076,  0.78359
17860, 6356, -0.04175, -0.02198,  0.00102,  0.64959,  0.76915,  0.64776,  0.74403
17861, 6357, -0.04564, -0.00772, -0.00179,  0.53259,  0.76915,  0.53076,  0.74403
17862, 6357, -0.04564, -0.00772, -0.00179,  0.53259,  0.76915,  0.53076,  0.74403
17863, 6356, -0.04175, -0.02198,  0.00102,  0.64959,  0.76915,  0.64776,  0.74403
17864, 6358, -0.04656, -0.02422,  0.01433,  0.64959,  0.70879,  0.64776,  0.70212
17865, 6357, -0.04564, -0.00772, -0.00179,  0.53259,  0.76915,  0.53076,  0.74403
17866, 6358, -0.04656, -0.02422,  0.01433,  0.64959,  0.70879,  0.64776,  0.70212
17867, 6359, -0.05078, -0.0098,  0.0093,  0.53259,  0.70879,  0.53076,  0.70212
17868, 6359, -0.05078, -0.0098,  0.0093,  0.53259,  0.70879,  0.53076,  0.70212
17869, 6358, -0.04656, -0.02422,  0.01433,  0.64959,  0.70879,  0.64776,  0.70212
17870, 6360, -0.05055, -0.02524,  0.02881,  0.64959,  0.6473,  0.64776,  0.6595
17871, 6359, -0.05078, -0.0098,  0.0093,  0.53259,  0.70879,  0.53076,  0.70212
17872, 6360, -0.05055, -0.02524,  0.02881,  0.64959,  0.6473,  0.64776,  0.6595
17873, 6361, -0.05497, -0.01076,  0.02263,  0.53259,  0.6473,  0.53076,  0.6595
17874, 6361, -0.05497, -0.01076,  0.02263,  0.53259,  0.6473,  0.53076,  0.6595
17875, 6360, -0.05055, -0.02524,  0.02881,  0.64959,  0.6473,  0.64776,  0.6595
17876, 6362, -0.05341, -0.02465,  0.04361,  0.64959,  0.58519,  0.64776,  0.61488
17877, 6361, -0.05497, -0.01076,  0.02263,  0.53259,  0.6473,  0.53076,  0.6595
17878, 6362, -0.05341, -0.02465,  0.04361,  0.64959,  0.58519,  0.64776,  0.61488
17879, 6363, -0.05787, -0.01033,  0.03745,  0.53259,  0.58519,  0.53076,  0.61488
17880, 6363, -0.05787, -0.01033,  0.03745,  0.53259,  0.58519,  0.53076,  0.61488
17881, 6362, -0.05341, -0.02465,  0.04361,  0.64959,  0.58519,  0.64776,  0.61488
17882, 6364, -0.05482, -0.02207,  0.05787,  0.64959,  0.52298,  0.64776,  0.56699
17883, 6363, -0.05787, -0.01033,  0.03745,  0.53259,  0.58519,  0.53076,  0.61488
17884, 6364, -0.05482, -0.02207,  0.05787,  0.64959,  0.52298,  0.64776,  0.56699
17885, 6365, -0.05912, -0.00823,  0.05303,  0.53259,  0.52298,  0.53076,  0.56699
17886, 6365, -0.05912, -0.00823,  0.05303,  0.53259,  0.52298,  0.53076,  0.56699
17887, 6364, -0.05482, -0.02207,  0.05787,  0.64959,  0.52298,  0.64776,  0.56699
17888, 6366, -0.05536, -0.01698,  0.07112,  0.64959,  0.46406,  0.64776,  0.50987
17889, 6365, -0.05912, -0.00823,  0.05303,  0.53259,  0.52298,  0.53076,  0.56699
17890, 6366, -0.05536, -0.01698,  0.07112,  0.64959,  0.46406,  0.64776,  0.50987
17891, 6367, -0.05873, -0.0042,  0.06774,  0.53259,  0.46406,  0.53076,  0.50987
17892, 6367, -0.05873, -0.0042,  0.06774,  0.53259,  0.46406,  0.53076,  0.50987
17893, 6366, -0.05536, -0.01698,  0.07112,  0.64959,  0.46406,  0.64776,  0.50987
17894, 6368, -0.0556, -0.00887,  0.08287,  0.64959,  0.41182,  0.64776,  0.43756
17895, 6367, -0.05873, -0.0042,  0.06774,  0.53259,  0.46406,  0.53076,  0.50987
17896, 6368, -0.0556, -0.00887,  0.08287,  0.64959,  0.41182,  0.64776,  0.43756
17897, 6369, -0.05672,  0.00203,  0.07994,  0.53259,  0.41182,  0.53076,  0.43756
17898, 6369, -0.05672,  0.00203,  0.07994,  0.53259,  0.41182,  0.53076,  0.43756
17899, 6368, -0.0556, -0.00887,  0.08287,  0.64959,  0.41182,  0.64776,  0.43756
17900, 6370, -0.05571,  0.00076,  0.09389,  0.64959,  0.36293,  0.64776,  0.35765
17901, 6369, -0.05672,  0.00203,  0.07994,  0.53259,  0.41182,  0.53076,  0.43756
17902, 6370, -0.05571,  0.00076,  0.09389,  0.64959,  0.36293,  0.64776,  0.35765
17903, 6371, -0.05391,  0.00936,  0.0909,  0.53259,  0.36293,  0.53076,  0.35765
17904, 6354, -0.02895,  0.00219, -0.02208,  0.53259,  0.92696,  0.53076,  0.85502
17905, 6372, -0.02417,  0.0046, -0.0241,  0.53259,  0.96406,  0.53076,  0.89552
17906, 6373, -0.02245, -0.00783, -0.02397,  0.64959,  0.96406,  0.64776,  0.89552
17907, 6354, -0.02895,  0.00219, -0.02208,  0.53259,  0.92696,  0.53076,  0.85502
17908, 6373, -0.02245, -0.00783, -0.02397,  0.64959,  0.96406,  0.64776,  0.89552
17909, 6355, -0.02663, -0.01055, -0.02193,  0.64959,  0.92696,  0.64776,  0.85502
17910, 6374, -0.0197,  0.00652, -0.02486,  0.53259,  0.99639,  0.53076,  0.93834
17911, 6373, -0.02245, -0.00783, -0.02397,  0.64959,  0.96406,  0.64776,  0.89552
17912, 6372, -0.02417,  0.0046, -0.0241,  0.53259,  0.96406,  0.53076,  0.89552
17913, 6374, -0.0197,  0.00652, -0.02486,  0.53259,  0.99639,  0.53076,  0.93834
17914, 6375, -0.01858, -0.00574, -0.02478,  0.64959,  0.99639,  0.64776,  0.93834
17915, 6373, -0.02245, -0.00783, -0.02397,  0.64959,  0.96406,  0.64776,  0.89552
17916, 6376, -0.0384, -0.04138,  0.00489,  0.64148,  0.85138,  0.53509,  0.81112
17917, 6377, -0.03886, -0.03264,  0.00139,  0.56799,  0.85138,  0.46529,  0.81112
17918, 6378, -0.03026, -0.03305, -0.00826,  0.56799,  0.89911,  0.46529,  0.86184
17919, 6376, -0.0384, -0.04138,  0.00489,  0.64148,  0.85138,  0.53509,  0.81112
17920, 6378, -0.03026, -0.03305, -0.00826,  0.56799,  0.89911,  0.46529,  0.86184
17921, 6379, -0.02868, -0.04137, -0.00427,  0.64148,  0.89911,  0.53509,  0.86184
17922, 6379, -0.02868, -0.04137, -0.00427,  0.64148,  0.89911,  0.53509,  0.86184
17923, 6378, -0.03026, -0.03305, -0.00826,  0.56799,  0.89911,  0.46529,  0.86184
17924, 6380, -0.02102, -0.03263, -0.01539,  0.56799,  0.94062,  0.46529,  0.90639
17925, 6379, -0.02868, -0.04137, -0.00427,  0.64148,  0.89911,  0.53509,  0.86184
17926, 6380, -0.02102, -0.03263, -0.01539,  0.56799,  0.94062,  0.46529,  0.90639
17927, 6381, -0.01797, -0.04025, -0.01101,  0.64148,  0.94062,  0.53509,  0.90639
17928, 6382, -0.04474, -0.04056,  0.01475,  0.64148,  0.80282,  0.53509,  0.75953
17929, 6377, -0.03886, -0.03264,  0.00139,  0.56799,  0.85138,  0.46529,  0.81112
17930, 6376, -0.0384, -0.04138,  0.00489,  0.64148,  0.85138,  0.53509,  0.81112
17931, 6382, -0.04474, -0.04056,  0.01475,  0.64148,  0.80282,  0.53509,  0.75953
17932, 6383, -0.04459, -0.03123,  0.01137,  0.56799,  0.80282,  0.46529,  0.75953
17933, 6377, -0.03886, -0.03264,  0.00139,  0.56799,  0.85138,  0.46529,  0.81112
17934, 6384, -0.04857, -0.03904,  0.02556,  0.64148,  0.75263,  0.53509,  0.7062
17935, 6383, -0.04459, -0.03123,  0.01137,  0.56799,  0.80282,  0.46529,  0.75953
17936, 6382, -0.04474, -0.04056,  0.01475,  0.64148,  0.80282,  0.53509,  0.75953
17937, 6384, -0.04857, -0.03904,  0.02556,  0.64148,  0.75263,  0.53509,  0.7062
17938, 6385, -0.04829, -0.02923,  0.02207,  0.56799,  0.75263,  0.46529,  0.7062
17939, 6383, -0.04459, -0.03123,  0.01137,  0.56799,  0.80282,  0.46529,  0.75953
17940, 6385, -0.04829, -0.02923,  0.02207,  0.56799,  0.75263,  0.46529,  0.7062
17941, 6384, -0.04857, -0.03904,  0.02556,  0.64148,  0.75263,  0.53509,  0.7062
17942, 6386, -0.05076, -0.03697,  0.03759,  0.64148,  0.70001,  0.53509,  0.6503
17943, 6385, -0.04829, -0.02923,  0.02207,  0.56799,  0.75263,  0.46529,  0.7062
17944, 6386, -0.05076, -0.03697,  0.03759,  0.64148,  0.70001,  0.53509,  0.6503
17945, 6387, -0.05076, -0.02708,  0.03388,  0.56799,  0.70001,  0.46529,  0.6503
17946, 6388, -0.0523, -0.02488,  0.04635,  0.56799,  0.64589,  0.46529,  0.5928
17947, 6387, -0.05076, -0.02708,  0.03388,  0.56799,  0.70001,  0.46529,  0.6503
17948, 6386, -0.05076, -0.03697,  0.03759,  0.64148,  0.70001,  0.53509,  0.6503
17949, 6388, -0.0523, -0.02488,  0.04635,  0.56799,  0.64589,  0.46529,  0.5928
17950, 6386, -0.05076, -0.03697,  0.03759,  0.64148,  0.70001,  0.53509,  0.6503
17951, 6389, -0.05169, -0.03445,  0.05008,  0.64148,  0.64589,  0.53509,  0.5928
17952, 6389, -0.05169, -0.03445,  0.05008,  0.64148,  0.64589,  0.53509,  0.5928
17953, 6390, -0.0532, -0.02271,  0.05908,  0.56799,  0.59118,  0.46529,  0.53467
17954, 6388, -0.0523, -0.02488,  0.04635,  0.56799,  0.64589,  0.46529,  0.5928
17955, 6389, -0.05169, -0.03445,  0.05008,  0.64148,  0.64589,  0.53509,  0.5928
17956, 6391, -0.05175, -0.03157,  0.06228,  0.64148,  0.59118,  0.53509,  0.53467
17957, 6390, -0.0532, -0.02271,  0.05908,  0.56799,  0.59118,  0.46529,  0.53467
17958, 6392, -0.05349, -0.02045,  0.07088,  0.56799,  0.53624,  0.46529,  0.47629
17959, 6390, -0.0532, -0.02271,  0.05908,  0.56799,  0.59118,  0.46529,  0.53467
17960, 6391, -0.05175, -0.03157,  0.06228,  0.64148,  0.59118,  0.53509,  0.53467
17961, 6392, -0.05349, -0.02045,  0.07088,  0.56799,  0.53624,  0.46529,  0.47629
17962, 6391, -0.05175, -0.03157,  0.06228,  0.64148,  0.59118,  0.53509,  0.53467
17963, 6393, -0.05122, -0.02843,  0.07324,  0.64148,  0.53624,  0.53509,  0.47629
17964, 6393, -0.05122, -0.02843,  0.07324,  0.64148,  0.53624,  0.53509,  0.47629
17965, 6394, -0.05322, -0.01798,  0.0806,  0.56799,  0.4814,  0.46529,  0.41803
17966, 6392, -0.05349, -0.02045,  0.07088,  0.56799,  0.53624,  0.46529,  0.47629
17967, 6393, -0.05122, -0.02843,  0.07324,  0.64148,  0.53624,  0.53509,  0.47629
17968, 6395, -0.05038, -0.02513,  0.08199,  0.64148,  0.4814,  0.53509,  0.41803
17969, 6394, -0.05322, -0.01798,  0.0806,  0.56799,  0.4814,  0.46529,  0.41803
17970, 6396, -0.0521, -0.01559,  0.08868,  0.56799,  0.43065,  0.46529,  0.36106
17971, 6394, -0.05322, -0.01798,  0.0806,  0.56799,  0.4814,  0.46529,  0.41803
17972, 6395, -0.05038, -0.02513,  0.08199,  0.64148,  0.4814,  0.53509,  0.41803
17973, 6396, -0.0521, -0.01559,  0.08868,  0.56799,  0.43065,  0.46529,  0.36106
17974, 6395, -0.05038, -0.02513,  0.08199,  0.64148,  0.4814,  0.53509,  0.41803
17975, 6397, -0.0491, -0.02188,  0.08939,  0.64148,  0.43065,  0.53509,  0.36106
17976, 6397, -0.0491, -0.02188,  0.08939,  0.64148,  0.43065,  0.53509,  0.36106
17977, 6398, -0.04986, -0.01356,  0.09559,  0.56799,  0.38794,  0.46529,  0.30657
17978, 6396, -0.0521, -0.01559,  0.08868,  0.56799,  0.43065,  0.46529,  0.36106
17979, 6397, -0.0491, -0.02188,  0.08939,  0.64148,  0.43065,  0.53509,  0.36106
17980, 6399, -0.04724, -0.01889,  0.09627,  0.64148,  0.38794,  0.53509,  0.30657
17981, 6398, -0.04986, -0.01356,  0.09559,  0.56799,  0.38794,  0.46529,  0.30657
17982, 6400, -0.04706, -0.0117,  0.1019,  0.56799,  0.34926,  0.46529,  0.2533
17983, 6398, -0.04986, -0.01356,  0.09559,  0.56799,  0.38794,  0.46529,  0.30657
17984, 6399, -0.04724, -0.01889,  0.09627,  0.64148,  0.38794,  0.53509,  0.30657
17985, 6400, -0.04706, -0.0117,  0.1019,  0.56799,  0.34926,  0.46529,  0.2533
17986, 6399, -0.04724, -0.01889,  0.09627,  0.64148,  0.38794,  0.53509,  0.30657
17987, 6401, -0.0451, -0.01602,  0.1029,  0.64148,  0.34926,  0.53509,  0.2533
17988, 6381, -0.01797, -0.04025, -0.01101,  0.64148,  0.94062,  0.53509,  0.90639
17989, 6380, -0.02102, -0.03263, -0.01539,  0.56799,  0.94062,  0.46529,  0.90639
17990, 6402, -0.01336, -0.03159, -0.01786,  0.56799,  0.9705,  0.46529,  0.93951
17991, 6381, -0.01797, -0.04025, -0.01101,  0.64148,  0.94062,  0.53509,  0.90639
17992, 6402, -0.01336, -0.03159, -0.01786,  0.56799,  0.9705,  0.46529,  0.93951
17993, 6403, -0.00863, -0.03778, -0.01362,  0.64148,  0.9705,  0.53509,  0.93951
17994, 6403, -0.00863, -0.03778, -0.01362,  0.64148,  0.9705,  0.53509,  0.93951
17995, 6402, -0.01336, -0.03159, -0.01786,  0.56799,  0.9705,  0.46529,  0.93951
17996, 6404, -0.00648, -0.03023, -0.01799,  0.56799,  0.99457,  0.46529,  0.9669
17997, 6403, -0.00863, -0.03778, -0.01362,  0.64148,  0.9705,  0.53509,  0.93951
17998, 6404, -0.00648, -0.03023, -0.01799,  0.56799,  0.99457,  0.46529,  0.9669
17999, 6405,  0.00003, -0.03463, -0.01417,  0.64148,  0.99457,  0.53509,  0.9669
18000, 6406, -0.0369,  0.01385, -0.00813,  0.64692,  0.78261,  0.77033,  0.88958
18001, 6407, -0.03686,  0.02806, -0.01138,  0.52992,  0.78261,  0.65333,  0.88958
18002, 6408, -0.03075,  0.0257, -0.01868,  0.52992,  0.8448,  0.65333,  0.92673
18003, 6406, -0.0369,  0.01385, -0.00813,  0.64692,  0.78261,  0.77033,  0.88958
18004, 6408, -0.03075,  0.0257, -0.01868,  0.52992,  0.8448,  0.65333,  0.92673
18005, 6409, -0.0308,  0.01244, -0.01613,  0.64692,  0.8448,  0.77033,  0.92673
18006, 6409, -0.0308,  0.01244, -0.01613,  0.64692,  0.8448,  0.77033,  0.92673
18007, 6408, -0.03075,  0.0257, -0.01868,  0.52992,  0.8448,  0.65333,  0.92673
18008, 6410, -0.02501,  0.02329, -0.02274,  0.52992,  0.90247,  0.65333,  0.95726
18009, 6409, -0.0308,  0.01244, -0.01613,  0.64692,  0.8448,  0.77033,  0.92673
18010, 6410, -0.02501,  0.02329, -0.02274,  0.52992,  0.90247,  0.65333,  0.95726
18011, 6411, -0.02533,  0.01119, -0.02167,  0.64692,  0.90247,  0.77033,  0.95726
18012, 6406, -0.0369,  0.01385, -0.00813,  0.64692,  0.78261,  0.77033,  0.88958
18013, 6412, -0.04217,  0.02971, -0.00088,  0.52992,  0.72003,  0.65333,  0.84966
18014, 6407, -0.03686,  0.02806, -0.01138,  0.52992,  0.78261,  0.65333,  0.88958
18015, 6406, -0.0369,  0.01385, -0.00813,  0.64692,  0.78261,  0.77033,  0.88958
18016, 6413, -0.04293,  0.01502,  0.00081,  0.64692,  0.72003,  0.77033,  0.84966
18017, 6412, -0.04217,  0.02971, -0.00088,  0.52992,  0.72003,  0.65333,  0.84966
18018, 6414, -0.04849,  0.01575,  0.01144,  0.64692,  0.65693,  0.77033,  0.79371
18019, 6412, -0.04217,  0.02971, -0.00088,  0.52992,  0.72003,  0.65333,  0.84966
18020, 6413, -0.04293,  0.01502,  0.00081,  0.64692,  0.72003,  0.77033,  0.84966
18021, 6414, -0.04849,  0.01575,  0.01144,  0.64692,  0.65693,  0.77033,  0.79371
18022, 6415, -0.04686,  0.03043,  0.01198,  0.52992,  0.65693,  0.65333,  0.79371
18023, 6412, -0.04217,  0.02971, -0.00088,  0.52992,  0.72003,  0.65333,  0.84966
18024, 6414, -0.04849,  0.01575,  0.01144,  0.64692,  0.65693,  0.77033,  0.79371
18025, 6416, -0.05114,  0.02997,  0.02637,  0.52992,  0.59321,  0.65333,  0.70844
18026, 6415, -0.04686,  0.03043,  0.01198,  0.52992,  0.65693,  0.65333,  0.79371
18027, 6414, -0.04849,  0.01575,  0.01144,  0.64692,  0.65693,  0.77033,  0.79371
18028, 6417, -0.0532,  0.01583,  0.02453,  0.64692,  0.59321,  0.77033,  0.70844
18029, 6416, -0.05114,  0.02997,  0.02637,  0.52992,  0.59321,  0.65333,  0.70844
18030, 6418, -0.05637,  0.015,  0.03891,  0.64692,  0.52857,  0.77033,  0.62021
18031, 6416, -0.05114,  0.02997,  0.02637,  0.52992,  0.59321,  0.65333,  0.70844
18032, 6417, -0.0532,  0.01583,  0.02453,  0.64692,  0.59321,  0.77033,  0.70844
18033, 6418, -0.05637,  0.015,  0.03891,  0.64692,  0.52857,  0.77033,  0.62021
18034, 6419, -0.05423,  0.02822,  0.04129,  0.52992,  0.52857,  0.65333,  0.62021
18035, 6416, -0.05114,  0.02997,  0.02637,  0.52992,  0.59321,  0.65333,  0.70844
18036, 6418, -0.05637,  0.015,  0.03891,  0.64692,  0.52857,  0.77033,  0.62021
18037, 6420, -0.05534,  0.02507,  0.05572,  0.52992,  0.46273,  0.65333,  0.55537
18038, 6419, -0.05423,  0.02822,  0.04129,  0.52992,  0.52857,  0.65333,  0.62021
18039, 6418, -0.05637,  0.015,  0.03891,  0.64692,  0.52857,  0.77033,  0.62021
18040, 6421, -0.05732,  0.01304,  0.05343,  0.64692,  0.46273,  0.77033,  0.55537
18041, 6420, -0.05534,  0.02507,  0.05572,  0.52992,  0.46273,  0.65333,  0.55537
18042, 6422, -0.05687,  0.01001,  0.06737,  0.64692,  0.40087,  0.77033,  0.50761
18043, 6420, -0.05534,  0.02507,  0.05572,  0.52992,  0.46273,  0.65333,  0.55537
18044, 6421, -0.05732,  0.01304,  0.05343,  0.64692,  0.46273,  0.77033,  0.55537
18045, 6422, -0.05687,  0.01001,  0.06737,  0.64692,  0.40087,  0.77033,  0.50761
18046, 6423, -0.05518,  0.0207,  0.06921,  0.52992,  0.40087,  0.65333,  0.50761
18047, 6420, -0.05534,  0.02507,  0.05572,  0.52992,  0.46273,  0.65333,  0.55537
18048, 6422, -0.05687,  0.01001,  0.06737,  0.64692,  0.40087,  0.77033,  0.50761
18049, 6424, -0.05445,  0.0153,  0.08128,  0.52992,  0.34815,  0.65333,  0.47065
18050, 6423, -0.05518,  0.0207,  0.06921,  0.52992,  0.40087,  0.65333,  0.50761
18051, 6422, -0.05687,  0.01001,  0.06737,  0.64692,  0.40087,  0.77033,  0.50761
18052, 6425, -0.0558,  0.00599,  0.08003,  0.64692,  0.34815,  0.77033,  0.47065
18053, 6424, -0.05445,  0.0153,  0.08128,  0.52992,  0.34815,  0.65333,  0.47065
18054, 6426, -0.05442,  0.00147,  0.09205,  0.64692,  0.30,  0.77033,  0.43908
18055, 6424, -0.05445,  0.0153,  0.08128,  0.52992,  0.34815,  0.65333,  0.47065
18056, 6425, -0.0558,  0.00599,  0.08003,  0.64692,  0.34815,  0.77033,  0.47065
18057, 6426, -0.05442,  0.00147,  0.09205,  0.64692,  0.30,  0.77033,  0.43908
18058, 6427, -0.05344,  0.00938,  0.09265,  0.52992,  0.30,  0.65333,  0.43908
18059, 6424, -0.05445,  0.0153,  0.08128,  0.52992,  0.34815,  0.65333,  0.47065
18060, 6411, -0.02533,  0.01119, -0.02167,  0.64692,  0.90247,  0.77033,  0.95726
18061, 6410, -0.02501,  0.02329, -0.02274,  0.52992,  0.90247,  0.65333,  0.95726
18062, 6428, -0.02082,  0.02146, -0.0235,  0.52992,  0.9515,  0.65333,  0.97728
18063, 6411, -0.02533,  0.01119, -0.02167,  0.64692,  0.90247,  0.77033,  0.95726
18064, 6428, -0.02082,  0.02146, -0.0235,  0.52992,  0.9515,  0.65333,  0.97728
18065, 6429, -0.02114,  0.01049, -0.02323,  0.64692,  0.9515,  0.77033,  0.97728
18066, 6429, -0.02114,  0.01049, -0.02323,  0.64692,  0.9515,  0.77033,  0.97728
18067, 6428, -0.02082,  0.02146, -0.0235,  0.52992,  0.9515,  0.65333,  0.97728
18068, 6430, -0.01741,  0.01993, -0.02262,  0.52992,  0.99622,  0.65333,  0.99204
18069, 6429, -0.02114,  0.01049, -0.02323,  0.64692,  0.9515,  0.77033,  0.97728
18070, 6430, -0.01741,  0.01993, -0.02262,  0.52992,  0.99622,  0.65333,  0.99204
18071, 6431, -0.01759,  0.01007, -0.0228,  0.64692,  0.99622,  0.77033,  0.99204
18072, 6432, -0.04057, -0.03147,  0.00485,  0.54898,  0.76874,  0.54266,  0.73802
18073, 6433, -0.03527, -0.02426, -0.00627,  0.54898,  0.82279,  0.54266,  0.79157
18074, 6434, -0.03036, -0.03361, -0.00703,  0.67217,  0.82279,  0.65967,  0.79157
18075, 6432, -0.04057, -0.03147,  0.00485,  0.54898,  0.76874,  0.54266,  0.73802
18076, 6434, -0.03036, -0.03361, -0.00703,  0.67217,  0.82279,  0.65967,  0.79157
18077, 6435, -0.03488, -0.04201,  0.0057,  0.67217,  0.76874,  0.65967,  0.73802
18078, 6436, -0.02957, -0.01666, -0.01531,  0.54898,  0.87756,  0.54266,  0.84374
18079, 6434, -0.03036, -0.03361, -0.00703,  0.67217,  0.82279,  0.65967,  0.79157
18080, 6433, -0.03527, -0.02426, -0.00627,  0.54898,  0.82279,  0.54266,  0.79157
18081, 6436, -0.02957, -0.01666, -0.01531,  0.54898,  0.87756,  0.54266,  0.84374
18082, 6437, -0.02565, -0.02483, -0.01672,  0.67217,  0.87756,  0.65967,  0.84374
18083, 6434, -0.03036, -0.03361, -0.00703,  0.67217,  0.82279,  0.65967,  0.79157
18084, 6432, -0.04057, -0.03147,  0.00485,  0.54898,  0.76874,  0.54266,  0.73802
18085, 6435, -0.03488, -0.04201,  0.0057,  0.67217,  0.76874,  0.65967,  0.73802
18086, 6438, -0.03858, -0.04731,  0.01882,  0.67217,  0.71315,  0.65967,  0.68295
18087, 6432, -0.04057, -0.03147,  0.00485,  0.54898,  0.76874,  0.54266,  0.73802
18088, 6438, -0.03858, -0.04731,  0.01882,  0.67217,  0.71315,  0.65967,  0.68295
18089, 6439, -0.04508, -0.03632,  0.01582,  0.54898,  0.71315,  0.54266,  0.68295
18090, 6439, -0.04508, -0.03632,  0.01582,  0.54898,  0.71315,  0.54266,  0.68295
18091, 6438, -0.03858, -0.04731,  0.01882,  0.67217,  0.71315,  0.65967,  0.68295
18092, 6440, -0.04113, -0.05001,  0.03244,  0.67217,  0.65612,  0.65967,  0.62645
18093, 6439, -0.04508, -0.03632,  0.01582,  0.54898,  0.71315,  0.54266,  0.68295
18094, 6440, -0.04113, -0.05001,  0.03244,  0.67217,  0.65612,  0.65967,  0.62645
18095, 6441, -0.04826, -0.03912,  0.02756,  0.54898,  0.65612,  0.54266,  0.62645
18096, 6441, -0.04826, -0.03912,  0.02756,  0.54898,  0.65612,  0.54266,  0.62645
18097, 6440, -0.04113, -0.05001,  0.03244,  0.67217,  0.65612,  0.65967,  0.62645
18098, 6442, -0.04218, -0.05063,  0.04668,  0.67217,  0.59776,  0.65967,  0.56864
18099, 6441, -0.04826, -0.03912,  0.02756,  0.54898,  0.65612,  0.54266,  0.62645
18100, 6442, -0.04218, -0.05063,  0.04668,  0.67217,  0.59776,  0.65967,  0.56864
18101, 6443, -0.04957, -0.0402,  0.04096,  0.54898,  0.59776,  0.54266,  0.56864
18102, 6443, -0.04957, -0.0402,  0.04096,  0.54898,  0.59776,  0.54266,  0.56864
18103, 6442, -0.04218, -0.05063,  0.04668,  0.67217,  0.59776,  0.65967,  0.56864
18104, 6444, -0.04227, -0.04929,  0.06034,  0.67217,  0.5374,  0.65967,  0.50885
18105, 6443, -0.04957, -0.0402,  0.04096,  0.54898,  0.59776,  0.54266,  0.56864
18106, 6444, -0.04227, -0.04929,  0.06034,  0.67217,  0.5374,  0.65967,  0.50885
18107, 6445, -0.04979, -0.03963,  0.05461,  0.54898,  0.5374,  0.54266,  0.50885
18108, 6445, -0.04979, -0.03963,  0.05461,  0.54898,  0.5374,  0.54266,  0.50885
18109, 6444, -0.04227, -0.04929,  0.06034,  0.67217,  0.5374,  0.65967,  0.50885
18110, 6446, -0.04196, -0.04611,  0.07221,  0.67217,  0.47438,  0.65967,  0.44641
18111, 6445, -0.04979, -0.03963,  0.05461,  0.54898,  0.5374,  0.54266,  0.50885
18112, 6446, -0.04196, -0.04611,  0.07221,  0.67217,  0.47438,  0.65967,  0.44641
18113, 6447, -0.04965, -0.03749,  0.06712,  0.54898,  0.47438,  0.54266,  0.44641
18114, 6447, -0.04965, -0.03749,  0.06712,  0.54898,  0.47438,  0.54266,  0.44641
18115, 6446, -0.04196, -0.04611,  0.07221,  0.67217,  0.47438,  0.65967,  0.44641
18116, 6448, -0.0412, -0.04165,  0.0825,  0.67217,  0.41522,  0.65967,  0.38356
18117, 6447, -0.04965, -0.03749,  0.06712,  0.54898,  0.47438,  0.54266,  0.44641
18118, 6448, -0.0412, -0.04165,  0.0825,  0.67217,  0.41522,  0.65967,  0.38356
18119, 6449, -0.04853, -0.03413,  0.07838,  0.54898,  0.41522,  0.54266,  0.38356
18120, 6449, -0.04853, -0.03413,  0.07838,  0.54898,  0.41522,  0.54266,  0.38356
18121, 6448, -0.0412, -0.04165,  0.0825,  0.67217,  0.41522,  0.65967,  0.38356
18122, 6450, -0.03997, -0.03651,  0.09144,  0.67217,  0.36646,  0.65967,  0.3225
18123, 6449, -0.04853, -0.03413,  0.07838,  0.54898,  0.41522,  0.54266,  0.38356
18124, 6450, -0.03997, -0.03651,  0.09144,  0.67217,  0.36646,  0.65967,  0.3225
18125, 6451, -0.04581, -0.02985,  0.0883,  0.54898,  0.36646,  0.54266,  0.3225
18126, 6451, -0.04581, -0.02985,  0.0883,  0.54898,  0.36646,  0.54266,  0.3225
18127, 6450, -0.03997, -0.03651,  0.09144,  0.67217,  0.36646,  0.65967,  0.3225
18128, 6452, -0.03851, -0.03103,  0.0997,  0.67217,  0.3229,  0.65967,  0.26234
18129, 6451, -0.04581, -0.02985,  0.0883,  0.54898,  0.36646,  0.54266,  0.3225
18130, 6452, -0.03851, -0.03103,  0.0997,  0.67217,  0.3229,  0.65967,  0.26234
18131, 6453, -0.04228, -0.02512,  0.09757,  0.54898,  0.3229,  0.54266,  0.26234
18132, 6436, -0.02957, -0.01666, -0.01531,  0.54898,  0.87756,  0.54266,  0.84374
18133, 6454, -0.02386, -0.01062, -0.02003,  0.54898,  0.93532,  0.54266,  0.8947
18134, 6455, -0.02138, -0.01842, -0.02076,  0.67217,  0.93532,  0.65967,  0.8947
18135, 6436, -0.02957, -0.01666, -0.01531,  0.54898,  0.87756,  0.54266,  0.84374
18136, 6455, -0.02138, -0.01842, -0.02076,  0.67217,  0.93532,  0.65967,  0.8947
18137, 6437, -0.02565, -0.02483, -0.01672,  0.67217,  0.87756,  0.65967,  0.84374
18138, 6456, -0.01813, -0.00537, -0.0226,  0.54898,  0.99457,  0.54266,  0.94505
18139, 6455, -0.02138, -0.01842, -0.02076,  0.67217,  0.93532,  0.65967,  0.8947
18140, 6454, -0.02386, -0.01062, -0.02003,  0.54898,  0.93532,  0.54266,  0.8947
18141, 6456, -0.01813, -0.00537, -0.0226,  0.54898,  0.99457,  0.54266,  0.94505
18142, 6457, -0.01732, -0.0132, -0.02197,  0.67217,  0.99457,  0.65967,  0.94505
18143, 6455, -0.02138, -0.01842, -0.02076,  0.67217,  0.93532,  0.65967,  0.8947
18144, 6458,  0.05945,  0.05855,  0.09102,  0.52801,  0.99546,  0.04453,  0.94129
18145, 6459,  0.05492,  0.06312,  0.08207,  0.61644,  0.99546,  0.19695,  0.94129
18146, 6460,  0.04924,  0.06746,  0.08308,  0.61644,  0.85963,  0.19695,  0.88058
18147, 6458,  0.05945,  0.05855,  0.09102,  0.52801,  0.99546,  0.04453,  0.94129
18148, 6460,  0.04924,  0.06746,  0.08308,  0.61644,  0.85963,  0.19695,  0.88058
18149, 6461,  0.05445,  0.06264,  0.09319,  0.52801,  0.85963,  0.04453,  0.88058
18150, 6461,  0.05445,  0.06264,  0.09319,  0.52801,  0.85963,  0.04453,  0.88058
18151, 6460,  0.04924,  0.06746,  0.08308,  0.61644,  0.85963,  0.19695,  0.88058
18152, 6462,  0.04291,  0.07119,  0.08409,  0.61644,  0.72823,  0.19695,  0.82185
18153, 6461,  0.05445,  0.06264,  0.09319,  0.52801,  0.85963,  0.04453,  0.88058
18154, 6462,  0.04291,  0.07119,  0.08409,  0.61644,  0.72823,  0.19695,  0.82185
18155, 6463,  0.04829,  0.06634,  0.09505,  0.52801,  0.72823,  0.04453,  0.82185
18156, 6462,  0.04291,  0.07119,  0.08409,  0.61644,  0.72823,  0.19695,  0.82185
18157, 6464,  0.0398,  0.06923,  0.0963,  0.52801,  0.60571,  0.04453,  0.76709
18158, 6463,  0.04829,  0.06634,  0.09505,  0.52801,  0.72823,  0.04453,  0.82185
18159, 6462,  0.04291,  0.07119,  0.08409,  0.61644,  0.72823,  0.19695,  0.82185
18160, 6465,  0.03525,  0.07367,  0.0851,  0.61644,  0.60571,  0.19695,  0.76709
18161, 6464,  0.0398,  0.06923,  0.0963,  0.52801,  0.60571,  0.04453,  0.76709
18162, 6466,  0.02658,  0.07536,  0.08614,  0.61644,  0.48893,  0.19695,  0.71489
18163, 6464,  0.0398,  0.06923,  0.0963,  0.52801,  0.60571,  0.04453,  0.76709
18164, 6465,  0.03525,  0.07367,  0.0851,  0.61644,  0.60571,  0.19695,  0.76709
18165, 6466,  0.02658,  0.07536,  0.08614,  0.61644,  0.48893,  0.19695,  0.71489
18166, 6467,  0.0298,  0.07124,  0.09719,  0.52801,  0.48893,  0.04453,  0.71489
18167, 6464,  0.0398,  0.06923,  0.0963,  0.52801,  0.60571,  0.04453,  0.76709
18168, 6467,  0.0298,  0.07124,  0.09719,  0.52801,  0.48893,  0.04453,  0.71489
18169, 6466,  0.02658,  0.07536,  0.08614,  0.61644,  0.48893,  0.19695,  0.71489
18170, 6468,  0.01722,  0.07669,  0.08727,  0.61644,  0.37477,  0.19695,  0.66387
18171, 6467,  0.0298,  0.07124,  0.09719,  0.52801,  0.48893,  0.04453,  0.71489
18172, 6468,  0.01722,  0.07669,  0.08727,  0.61644,  0.37477,  0.19695,  0.66387
18173, 6469,  0.01912,  0.07228,  0.09797,  0.52801,  0.37477,  0.04453,  0.66387
18174, 6469,  0.01912,  0.07228,  0.09797,  0.52801,  0.37477,  0.04453,  0.66387
18175, 6468,  0.01722,  0.07669,  0.08727,  0.61644,  0.37477,  0.19695,  0.66387
18176, 6470,  0.00758,  0.07751,  0.08834,  0.61644,  0.25765,  0.19695,  0.61255
18177, 6469,  0.01912,  0.07228,  0.09797,  0.52801,  0.37477,  0.04453,  0.66387
18178, 6470,  0.00758,  0.07751,  0.08834,  0.61644,  0.25765,  0.19695,  0.61255
18179, 6471,  0.00813,  0.07261,  0.09865,  0.52801,  0.25765,  0.04453,  0.61255
18180, 6471,  0.00813,  0.07261,  0.09865,  0.52801,  0.25765,  0.04453,  0.61255
18181, 6470,  0.00758,  0.07751,  0.08834,  0.61644,  0.25765,  0.19695,  0.61255
18182, 6472, -0.00196,  0.07768,  0.08917,  0.61644,  0.13197,  0.19695,  0.55947
18183, 6471,  0.00813,  0.07261,  0.09865,  0.52801,  0.25765,  0.04453,  0.61255
18184, 6472, -0.00196,  0.07768,  0.08917,  0.61644,  0.13197,  0.19695,  0.55947
18185, 6473, -0.00276,  0.07247,  0.09922,  0.52801,  0.13197,  0.04453,  0.55947
18186, 6473, -0.00276,  0.07247,  0.09922,  0.52801,  0.13197,  0.04453,  0.55947
18187, 6472, -0.00196,  0.07768,  0.08917,  0.61644,  0.13197,  0.19695,  0.55947
18188, 6474, -0.01144,  0.07752,  0.08988,  0.61644,  0.00202,  0.19695,  0.50551
18189, 6473, -0.00276,  0.07247,  0.09922,  0.52801,  0.13197,  0.04453,  0.55947
18190, 6474, -0.01144,  0.07752,  0.08988,  0.61644,  0.00202,  0.19695,  0.50551
18191, 6475, -0.01361,  0.07209,  0.09974,  0.52801,  0.00202,  0.04453,  0.50551
18192, 6476,  0.05619,  0.05112,  0.11511,  0.64837,  0.88559,  0.62842,  0.87734
18193, 6477,  0.05854,  0.03625,  0.12289,  0.53137,  0.88559,  0.51142,  0.87734
18194, 6478,  0.06282,  0.03549,  0.11915,  0.53137,  0.93988,  0.51142,  0.92791
18195, 6476,  0.05619,  0.05112,  0.11511,  0.64837,  0.88559,  0.62842,  0.87734
18196, 6478,  0.06282,  0.03549,  0.11915,  0.53137,  0.93988,  0.51142,  0.92791
18197, 6479,  0.06116,  0.0479,  0.11217,  0.64837,  0.93988,  0.62842,  0.92791
18198, 6479,  0.06116,  0.0479,  0.11217,  0.64837,  0.93988,  0.62842,  0.92791
18199, 6478,  0.06282,  0.03549,  0.11915,  0.53137,  0.93988,  0.51142,  0.92791
18200, 6480,  0.0664,  0.03491,  0.11515,  0.53137,  0.9954,  0.51142,  0.97964
18201, 6479,  0.06116,  0.0479,  0.11217,  0.64837,  0.93988,  0.62842,  0.92791
18202, 6480,  0.0664,  0.03491,  0.11515,  0.53137,  0.9954,  0.51142,  0.97964
18203, 6481,  0.0654,  0.04425,  0.10892,  0.64837,  0.9954,  0.62842,  0.97964
18204, 6482,  0.04978,  0.05348,  0.11745,  0.64837,  0.83378,  0.62842,  0.82907
18205, 6477,  0.05854,  0.03625,  0.12289,  0.53137,  0.88559,  0.51142,  0.87734
18206, 6476,  0.05619,  0.05112,  0.11511,  0.64837,  0.88559,  0.62842,  0.87734
18207, 6482,  0.04978,  0.05348,  0.11745,  0.64837,  0.83378,  0.62842,  0.82907
18208, 6483,  0.05287,  0.03734,  0.12612,  0.53137,  0.83378,  0.51142,  0.82907
18209, 6477,  0.05854,  0.03625,  0.12289,  0.53137,  0.88559,  0.51142,  0.87734
18210, 6484,  0.04274,  0.05508,  0.11934,  0.64837,  0.78266,  0.62842,  0.78145
18211, 6483,  0.05287,  0.03734,  0.12612,  0.53137,  0.83378,  0.51142,  0.82907
18212, 6482,  0.04978,  0.05348,  0.11745,  0.64837,  0.83378,  0.62842,  0.82907
18213, 6484,  0.04274,  0.05508,  0.11934,  0.64837,  0.78266,  0.62842,  0.78145
18214, 6485,  0.04656,  0.03856,  0.12897,  0.53137,  0.78266,  0.51142,  0.78145
18215, 6483,  0.05287,  0.03734,  0.12612,  0.53137,  0.83378,  0.51142,  0.82907
18216, 6486,  0.03589,  0.05602,  0.12095,  0.64837,  0.73045,  0.62842,  0.73282
18217, 6485,  0.04656,  0.03856,  0.12897,  0.53137,  0.78266,  0.51142,  0.78145
18218, 6484,  0.04274,  0.05508,  0.11934,  0.64837,  0.78266,  0.62842,  0.78145
18219, 6486,  0.03589,  0.05602,  0.12095,  0.64837,  0.73045,  0.62842,  0.73282
18220, 6487,  0.04039,  0.0397,  0.13156,  0.53137,  0.73045,  0.51142,  0.73282
18221, 6485,  0.04656,  0.03856,  0.12897,  0.53137,  0.78266,  0.51142,  0.78145
18222, 6488,  0.02836,  0.05643,  0.12222,  0.64837,  0.67768,  0.62842,  0.68366
18223, 6487,  0.04039,  0.0397,  0.13156,  0.53137,  0.73045,  0.51142,  0.73282
18224, 6486,  0.03589,  0.05602,  0.12095,  0.64837,  0.73045,  0.62842,  0.73282
18225, 6488,  0.02836,  0.05643,  0.12222,  0.64837,  0.67768,  0.62842,  0.68366
18226, 6489,  0.03348,  0.04056,  0.13367,  0.53137,  0.67768,  0.51142,  0.68366
18227, 6487,  0.04039,  0.0397,  0.13156,  0.53137,  0.73045,  0.51142,  0.73282
18228, 6490,  0.01932,  0.05643,  0.12312,  0.64837,  0.62487,  0.62842,  0.63446
18229, 6489,  0.03348,  0.04056,  0.13367,  0.53137,  0.67768,  0.51142,  0.68366
18230, 6488,  0.02836,  0.05643,  0.12222,  0.64837,  0.67768,  0.62842,  0.68366
18231, 6490,  0.01932,  0.05643,  0.12312,  0.64837,  0.62487,  0.62842,  0.63446
18232, 6491,  0.02493,  0.04096,  0.13508,  0.53137,  0.62487,  0.51142,  0.63446
18233, 6489,  0.03348,  0.04056,  0.13367,  0.53137,  0.67768,  0.51142,  0.68366
18234, 6492,  0.00975,  0.05554,  0.12342,  0.64837,  0.5706,  0.62842,  0.5839
18235, 6491,  0.02493,  0.04096,  0.13508,  0.53137,  0.62487,  0.51142,  0.63446
18236, 6490,  0.01932,  0.05643,  0.12312,  0.64837,  0.62487,  0.62842,  0.63446
18237, 6492,  0.00975,  0.05554,  0.12342,  0.64837,  0.5706,  0.62842,  0.5839
18238, 6493,  0.01575,  0.0406,  0.13559,  0.53137,  0.5706,  0.51142,  0.5839
18239, 6491,  0.02493,  0.04096,  0.13508,  0.53137,  0.62487,  0.51142,  0.63446
18240, 6494,  0.00064,  0.05326,  0.12289,  0.64837,  0.51345,  0.62842,  0.53066
18241, 6493,  0.01575,  0.0406,  0.13559,  0.53137,  0.5706,  0.51142,  0.5839
18242, 6492,  0.00975,  0.05554,  0.12342,  0.64837,  0.5706,  0.62842,  0.5839
18243, 6494,  0.00064,  0.05326,  0.12289,  0.64837,  0.51345,  0.62842,  0.53066
18244, 6495,  0.0069,  0.03919,  0.13501,  0.53137,  0.51345,  0.51142,  0.53066
18245, 6493,  0.01575,  0.0406,  0.13559,  0.53137,  0.5706,  0.51142,  0.5839
18246, 6496, -0.00799,  0.04981,  0.12167,  0.64837,  0.45355,  0.62842,  0.47485
18247, 6495,  0.0069,  0.03919,  0.13501,  0.53137,  0.51345,  0.51142,  0.53066
18248, 6494,  0.00064,  0.05326,  0.12289,  0.64837,  0.51345,  0.62842,  0.53066
18249, 6496, -0.00799,  0.04981,  0.12167,  0.64837,  0.45355,  0.62842,  0.47485
18250, 6497, -0.00154,  0.03682,  0.13341,  0.53137,  0.45355,  0.51142,  0.47485
18251, 6495,  0.0069,  0.03919,  0.13501,  0.53137,  0.51345,  0.51142,  0.53066
18252, 6498, -0.01611,  0.04539,  0.11991,  0.64837,  0.39104,  0.62842,  0.41662
18253, 6497, -0.00154,  0.03682,  0.13341,  0.53137,  0.45355,  0.51142,  0.47485
18254, 6496, -0.00799,  0.04981,  0.12167,  0.64837,  0.45355,  0.62842,  0.47485
18255, 6498, -0.01611,  0.04539,  0.11991,  0.64837,  0.39104,  0.62842,  0.41662
18256, 6499, -0.00954,  0.03358,  0.13089,  0.53137,  0.39104,  0.51142,  0.41662
18257, 6497, -0.00154,  0.03682,  0.13341,  0.53137,  0.45355,  0.51142,  0.47485
18258, 6500, -0.02379,  0.04006,  0.11759,  0.64837,  0.32655,  0.62842,  0.35654
18259, 6499, -0.00954,  0.03358,  0.13089,  0.53137,  0.39104,  0.51142,  0.41662
18260, 6498, -0.01611,  0.04539,  0.11991,  0.64837,  0.39104,  0.62842,  0.41662
18261, 6500, -0.02379,  0.04006,  0.11759,  0.64837,  0.32655,  0.62842,  0.35654
18262, 6501, -0.01714,  0.02958,  0.12764,  0.53137,  0.32655,  0.51142,  0.35654
18263, 6499, -0.00954,  0.03358,  0.13089,  0.53137,  0.39104,  0.51142,  0.41662
18264, 6502, -0.03108,  0.03383,  0.11469,  0.64837,  0.26073,  0.62842,  0.29523
18265, 6501, -0.01714,  0.02958,  0.12764,  0.53137,  0.32655,  0.51142,  0.35654
18266, 6500, -0.02379,  0.04006,  0.11759,  0.64837,  0.32655,  0.62842,  0.35654
18267, 6502, -0.03108,  0.03383,  0.11469,  0.64837,  0.26073,  0.62842,  0.29523
18268, 6503, -0.0244,  0.02495,  0.12384,  0.53137,  0.26073,  0.51142,  0.29523
18269, 6501, -0.01714,  0.02958,  0.12764,  0.53137,  0.32655,  0.51142,  0.35654
18270, 6504, -0.03818,  0.02717,  0.1115,  0.64837,  0.19425,  0.62842,  0.23329
18271, 6503, -0.0244,  0.02495,  0.12384,  0.53137,  0.26073,  0.51142,  0.29523
18272, 6502, -0.03108,  0.03383,  0.11469,  0.64837,  0.26073,  0.62842,  0.29523
18273, 6504, -0.03818,  0.02717,  0.1115,  0.64837,  0.19425,  0.62842,  0.23329
18274, 6505, -0.03149,  0.02001,  0.11976,  0.53137,  0.19425,  0.51142,  0.23329
18275, 6503, -0.0244,  0.02495,  0.12384,  0.53137,  0.26073,  0.51142,  0.29523
18276, 6506,  0.06039, -0.05058,  0.11267,  0.54737,  0.88279,  0.65007,  0.90287
18277, 6507,  0.06489, -0.04727,  0.10878,  0.54737,  0.93831,  0.65007,  0.95373
18278, 6508,  0.06589, -0.03921,  0.11289,  0.63056,  0.93831,  0.77296,  0.95373
18279, 6506,  0.06039, -0.05058,  0.11267,  0.54737,  0.88279,  0.65007,  0.90287
18280, 6508,  0.06589, -0.03921,  0.11289,  0.63056,  0.93831,  0.77296,  0.95373
18281, 6509,  0.06179, -0.041,  0.11784,  0.63056,  0.88279,  0.77296,  0.90287
18282, 6510,  0.0684, -0.04334,  0.10471,  0.54737,  0.9954,  0.65007,  0.99635
18283, 6508,  0.06589, -0.03921,  0.11289,  0.63056,  0.93831,  0.77296,  0.95373
18284, 6507,  0.06489, -0.04727,  0.10878,  0.54737,  0.93831,  0.65007,  0.95373
18285, 6510,  0.0684, -0.04334,  0.10471,  0.54737,  0.9954,  0.65007,  0.99635
18286, 6511,  0.06921, -0.03725,  0.10776,  0.63056,  0.9954,  0.77296,  0.99635
18287, 6508,  0.06589, -0.03921,  0.11289,  0.63056,  0.93831,  0.77296,  0.95373
18288, 6512,  0.03342, -0.04063,  0.13139,  0.63056,  0.67462,  0.77296,  0.66574
18289, 6513,  0.02965, -0.05149,  0.12483,  0.54737,  0.67462,  0.65007,  0.66574
18290, 6514,  0.03806, -0.0531,  0.12244,  0.54737,  0.72712,  0.65007,  0.71287
18291, 6512,  0.03342, -0.04063,  0.13139,  0.63056,  0.67462,  0.77296,  0.66574
18292, 6514,  0.03806, -0.0531,  0.12244,  0.54737,  0.72712,  0.65007,  0.71287
18293, 6515,  0.04155, -0.04227,  0.12918,  0.63056,  0.72712,  0.77296,  0.71287
18294, 6515,  0.04155, -0.04227,  0.12918,  0.63056,  0.72712,  0.77296,  0.71287
18295, 6514,  0.03806, -0.0531,  0.12244,  0.54737,  0.72712,  0.65007,  0.71287
18296, 6516,  0.04619, -0.05346,  0.11947,  0.54737,  0.77917,  0.65007,  0.76708
18297, 6515,  0.04155, -0.04227,  0.12918,  0.63056,  0.72712,  0.77296,  0.71287
18298, 6516,  0.04619, -0.05346,  0.11947,  0.54737,  0.77917,  0.65007,  0.76708
18299, 6517,  0.04928, -0.04307,  0.12629,  0.63056,  0.77917,  0.77296,  0.76708
18300, 6518,  0.02534, -0.0387,  0.13325,  0.63056,  0.62204,  0.77296,  0.61853
18301, 6513,  0.02965, -0.05149,  0.12483,  0.54737,  0.67462,  0.65007,  0.66574
18302, 6512,  0.03342, -0.04063,  0.13139,  0.63056,  0.67462,  0.77296,  0.66574
18303, 6518,  0.02534, -0.0387,  0.13325,  0.63056,  0.62204,  0.77296,  0.61853
18304, 6519,  0.02115, -0.04856,  0.12635,  0.54737,  0.62204,  0.65007,  0.61853
18305, 6513,  0.02965, -0.05149,  0.12483,  0.54737,  0.67462,  0.65007,  0.66574
18306, 6520,  0.01753, -0.03627,  0.13459,  0.63056,  0.56791,  0.77296,  0.56993
18307, 6519,  0.02115, -0.04856,  0.12635,  0.54737,  0.62204,  0.65007,  0.61853
18308, 6518,  0.02534, -0.0387,  0.13325,  0.63056,  0.62204,  0.77296,  0.61853
18309, 6520,  0.01753, -0.03627,  0.13459,  0.63056,  0.56791,  0.77296,  0.56993
18310, 6521,  0.01295, -0.04478,  0.12733,  0.54737,  0.56791,  0.65007,  0.56993
18311, 6519,  0.02115, -0.04856,  0.12635,  0.54737,  0.62204,  0.65007,  0.61853
18312, 6521,  0.01295, -0.04478,  0.12733,  0.54737,  0.56791,  0.65007,  0.56993
18313, 6520,  0.01753, -0.03627,  0.13459,  0.63056,  0.56791,  0.77296,  0.56993
18314, 6522,  0.01015, -0.0331,  0.13522,  0.63056,  0.51078,  0.77296,  0.51864
18315, 6521,  0.01295, -0.04478,  0.12733,  0.54737,  0.56791,  0.65007,  0.56993
18316, 6522,  0.01015, -0.0331,  0.13522,  0.63056,  0.51078,  0.77296,  0.51864
18317, 6523,  0.00544, -0.04064,  0.12813,  0.54737,  0.51078,  0.65007,  0.51864
18318, 6524, -0.00133, -0.03608,  0.12853,  0.54737,  0.45041,  0.65007,  0.46444
18319, 6523,  0.00544, -0.04064,  0.12813,  0.54737,  0.51078,  0.65007,  0.51864
18320, 6522,  0.01015, -0.0331,  0.13522,  0.63056,  0.51078,  0.77296,  0.51864
18321, 6524, -0.00133, -0.03608,  0.12853,  0.54737,  0.45041,  0.65007,  0.46444
18322, 6522,  0.01015, -0.0331,  0.13522,  0.63056,  0.51078,  0.77296,  0.51864
18323, 6525,  0.00331, -0.02931,  0.13531,  0.63056,  0.45041,  0.77296,  0.46444
18324, 6525,  0.00331, -0.02931,  0.13531,  0.63056,  0.45041,  0.77296,  0.46444
18325, 6526, -0.00291, -0.02496,  0.13501,  0.63056,  0.38656,  0.77296,  0.40712
18326, 6527, -0.0073, -0.031,  0.12831,  0.54737,  0.38656,  0.65007,  0.40712
18327, 6528, -0.00873, -0.02005,  0.13419,  0.63056,  0.32152,  0.77296,  0.34873
18328, 6527, -0.0073, -0.031,  0.12831,  0.54737,  0.38656,  0.65007,  0.40712
18329, 6526, -0.00291, -0.02496,  0.13501,  0.63056,  0.38656,  0.77296,  0.40712
18330, 6528, -0.00873, -0.02005,  0.13419,  0.63056,  0.32152,  0.77296,  0.34873
18331, 6529, -0.01238, -0.02554,  0.12798,  0.54737,  0.32152,  0.65007,  0.34873
18332, 6527, -0.0073, -0.031,  0.12831,  0.54737,  0.38656,  0.65007,  0.40712
18333, 6525,  0.00331, -0.02931,  0.13531,  0.63056,  0.45041,  0.77296,  0.46444
18334, 6527, -0.0073, -0.031,  0.12831,  0.54737,  0.38656,  0.65007,  0.40712
18335, 6530, -0.00133, -0.03608,  0.12853,  0.54737,  0.45041,  0.65007,  0.46444
18336, 6531, -0.01439, -0.01455,  0.13268,  0.63056,  0.25761,  0.77296,  0.29135
18337, 6532, -0.01238, -0.02554,  0.12798,  0.54737,  0.32152,  0.65007,  0.34873
18338, 6528, -0.00873, -0.02005,  0.13419,  0.63056,  0.32152,  0.77296,  0.34873
18339, 6531, -0.01439, -0.01455,  0.13268,  0.63056,  0.25761,  0.77296,  0.29135
18340, 6533, -0.01645, -0.01984,  0.12804,  0.54737,  0.25761,  0.65007,  0.29135
18341, 6532, -0.01238, -0.02554,  0.12798,  0.54737,  0.32152,  0.65007,  0.34873
18342, 6534, -0.01995, -0.00876,  0.13084,  0.63056,  0.19425,  0.77296,  0.23448
18343, 6533, -0.01645, -0.01984,  0.12804,  0.54737,  0.25761,  0.65007,  0.29135
18344, 6531, -0.01439, -0.01455,  0.13268,  0.63056,  0.25761,  0.77296,  0.29135
18345, 6534, -0.01995, -0.00876,  0.13084,  0.63056,  0.19425,  0.77296,  0.23448
18346, 6535, -0.02001, -0.01401,  0.1283,  0.54737,  0.19425,  0.65007,  0.23448
18347, 6533, -0.01645, -0.01984,  0.12804,  0.54737,  0.25761,  0.65007,  0.29135
18348, 6536,  0.04928, -0.04307,  0.12629,  0.63056,  0.77917,  0.77296,  0.76708
18349, 6537,  0.04619, -0.05346,  0.11947,  0.54737,  0.77917,  0.65007,  0.76708
18350, 6538,  0.0539, -0.05263,  0.11622,  0.54737,  0.8304,  0.65007,  0.83553
18351, 6536,  0.04928, -0.04307,  0.12629,  0.63056,  0.77917,  0.77296,  0.76708
18352, 6538,  0.0539, -0.05263,  0.11622,  0.54737,  0.8304,  0.65007,  0.83553
18353, 6539,  0.05614, -0.04247,  0.12241,  0.63056,  0.8304,  0.77296,  0.83553
18354, 6540,  0.06179, -0.041,  0.11784,  0.63056,  0.88279,  0.77296,  0.90287
18355, 6539,  0.05614, -0.04247,  0.12241,  0.63056,  0.8304,  0.77296,  0.83553
18356, 6538,  0.0539, -0.05263,  0.11622,  0.54737,  0.8304,  0.65007,  0.83553
18357, 6540,  0.06179, -0.041,  0.11784,  0.63056,  0.88279,  0.77296,  0.90287
18358, 6538,  0.0539, -0.05263,  0.11622,  0.54737,  0.8304,  0.65007,  0.83553
18359, 6541,  0.06039, -0.05058,  0.11267,  0.54737,  0.88279,  0.65007,  0.90287
18360, 6542,  0.03067, -0.0688,  0.09635,  0.63545,  0.70774,  0.76219,  0.8708
18361, 6543,  0.02361, -0.07283,  0.0862,  0.54161,  0.70774,  0.64764,  0.8708
18362, 6544,  0.03284, -0.07108,  0.08281,  0.54161,  0.74049,  0.64764,  0.90965
18363, 6542,  0.03067, -0.0688,  0.09635,  0.63545,  0.70774,  0.76219,  0.8708
18364, 6544,  0.03284, -0.07108,  0.08281,  0.54161,  0.74049,  0.64764,  0.90965
18365, 6545,  0.03911, -0.06739,  0.09286,  0.63545,  0.74049,  0.76219,  0.90965
18366, 6546,  0.04759, -0.06428,  0.08977,  0.63545,  0.76634,  0.76219,  0.93938
18367, 6545,  0.03911, -0.06739,  0.09286,  0.63545,  0.74049,  0.76219,  0.90965
18368, 6544,  0.03284, -0.07108,  0.08281,  0.54161,  0.74049,  0.64764,  0.90965
18369, 6546,  0.04759, -0.06428,  0.08977,  0.63545,  0.76634,  0.76219,  0.93938
18370, 6544,  0.03284, -0.07108,  0.08281,  0.54161,  0.74049,  0.64764,  0.90965
18371, 6547,  0.04199, -0.06756,  0.07996,  0.54161,  0.76634,  0.64764,  0.93938
18372, 6548, -0.05372, -0.0031,  0.09219,  0.52211,  0.82686,  0.57988,  0.53647
18373, 6549, -0.05099, -0.0022,  0.09617,  0.52211,  0.88318,  0.57988,  0.57077
18374, 6550, -0.05029, -0.00597,  0.09649,  0.44282,  0.88318,  0.6365,  0.57077
18375, 6548, -0.05372, -0.0031,  0.09219,  0.52211,  0.82686,  0.57988,  0.53647
18376, 6550, -0.05029, -0.00597,  0.09649,  0.44282,  0.88318,  0.6365,  0.57077
18377, 6551, -0.05265, -0.00789,  0.09223,  0.44282,  0.82686,  0.6365,  0.53647
18378, 6552, -0.04897, -0.00165,  0.10031,  0.52211,  0.94058,  0.57988,  0.60573
18379, 6550, -0.05029, -0.00597,  0.09649,  0.44282,  0.88318,  0.6365,  0.57077
18380, 6549, -0.05099, -0.0022,  0.09617,  0.52211,  0.88318,  0.57988,  0.57077
18381, 6552, -0.04897, -0.00165,  0.10031,  0.52211,  0.94058,  0.57988,  0.60573
18382, 6553, -0.04859, -0.00443,  0.10062,  0.44282,  0.94058,  0.6365,  0.60573
18383, 6550, -0.05029, -0.00597,  0.09649,  0.44282,  0.88318,  0.6365,  0.57077
18384, 6548, -0.05372, -0.0031,  0.09219,  0.52211,  0.82686,  0.57988,  0.53647
18385, 6551, -0.05265, -0.00789,  0.09223,  0.44282,  0.82686,  0.6365,  0.53647
18386, 6554, -0.05632, -0.01057,  0.0877,  0.44282,  0.7727,  0.6365,  0.5035
18387, 6548, -0.05372, -0.0031,  0.09219,  0.52211,  0.82686,  0.57988,  0.53647
18388, 6554, -0.05632, -0.01057,  0.0877,  0.44282,  0.7727,  0.6365,  0.5035
18389, 6555, -0.05783, -0.00473,  0.08854,  0.52211,  0.7727,  0.57988,  0.5035
18390, 6555, -0.05783, -0.00473,  0.08854,  0.52211,  0.7727,  0.57988,  0.5035
18391, 6554, -0.05632, -0.01057,  0.0877,  0.44282,  0.7727,  0.6365,  0.5035
18392, 6556, -0.06087, -0.01338,  0.08387,  0.44282,  0.72079,  0.6365,  0.47188
18393, 6555, -0.05783, -0.00473,  0.08854,  0.52211,  0.7727,  0.57988,  0.5035
18394, 6556, -0.06087, -0.01338,  0.08387,  0.44282,  0.72079,  0.6365,  0.47188
18395, 6557, -0.06262, -0.00658,  0.0856,  0.52211,  0.72079,  0.57988,  0.47188
18396, 6557, -0.06262, -0.00658,  0.0856,  0.52211,  0.72079,  0.57988,  0.47188
18397, 6556, -0.06087, -0.01338,  0.08387,  0.44282,  0.72079,  0.6365,  0.47188
18398, 6558, -0.06592, -0.01571,  0.08173,  0.44282,  0.67119,  0.6365,  0.44168
18399, 6557, -0.06262, -0.00658,  0.0856,  0.52211,  0.72079,  0.57988,  0.47188
18400, 6558, -0.06592, -0.01571,  0.08173,  0.44282,  0.67119,  0.6365,  0.44168
18401, 6559, -0.06739, -0.00816,  0.08379,  0.52211,  0.67119,  0.57988,  0.44168
18402, 6559, -0.06739, -0.00816,  0.08379,  0.52211,  0.67119,  0.57988,  0.44168
18403, 6558, -0.06592, -0.01571,  0.08173,  0.44282,  0.67119,  0.6365,  0.44168
18404, 6560, -0.07141, -0.01746,  0.08109,  0.44282,  0.62074,  0.6365,  0.41095
18405, 6559, -0.06739, -0.00816,  0.08379,  0.52211,  0.67119,  0.57988,  0.44168
18406, 6560, -0.07141, -0.01746,  0.08109,  0.44282,  0.62074,  0.6365,  0.41095
18407, 6561, -0.07225, -0.00946,  0.08311,  0.52211,  0.62074,  0.57988,  0.41095
18408, 6561, -0.07225, -0.00946,  0.08311,  0.52211,  0.62074,  0.57988,  0.41095
18409, 6560, -0.07141, -0.01746,  0.08109,  0.44282,  0.62074,  0.6365,  0.41095
18410, 6562, -0.07729, -0.01855,  0.08177,  0.44282,  0.56627,  0.6365,  0.37779
18411, 6561, -0.07225, -0.00946,  0.08311,  0.52211,  0.62074,  0.57988,  0.41095
18412, 6562, -0.07729, -0.01855,  0.08177,  0.44282,  0.56627,  0.6365,  0.37779
18413, 6563, -0.07734, -0.01044,  0.08355,  0.52211,  0.56627,  0.57988,  0.37779
18414, 6563, -0.07734, -0.01044,  0.08355,  0.52211,  0.56627,  0.57988,  0.37779
18415, 6562, -0.07729, -0.01855,  0.08177,  0.44282,  0.56627,  0.6365,  0.37779
18416, 6564, -0.08252, -0.01867,  0.08469,  0.44282,  0.50907,  0.6365,  0.34165
18417, 6563, -0.07734, -0.01044,  0.08355,  0.52211,  0.56627,  0.57988,  0.37779
18418, 6564, -0.08252, -0.01867,  0.08469,  0.44282,  0.50907,  0.6365,  0.34165
18419, 6565, -0.08176, -0.01071,  0.08589,  0.52211,  0.50907,  0.57988,  0.34165
18420, 6565, -0.08176, -0.01071,  0.08589,  0.52211,  0.50907,  0.57988,  0.34165
18421, 6564, -0.08252, -0.01867,  0.08469,  0.44282,  0.50907,  0.6365,  0.34165
18422, 6566, -0.08602, -0.01749,  0.09077,  0.44282,  0.4504,  0.6365,  0.30203
18423, 6565, -0.08176, -0.01071,  0.08589,  0.52211,  0.50907,  0.57988,  0.34165
18424, 6566, -0.08602, -0.01749,  0.09077,  0.44282,  0.4504,  0.6365,  0.30203
18425, 6567, -0.08462, -0.00988,  0.09091,  0.52211,  0.4504,  0.57988,  0.30203
18426, 6567, -0.08462, -0.00988,  0.09091,  0.52211,  0.4504,  0.57988,  0.30203
18427, 6566, -0.08602, -0.01749,  0.09077,  0.44282,  0.4504,  0.6365,  0.30203
18428, 6568, -0.08711, -0.01548,  0.09902,  0.44282,  0.39235,  0.6365,  0.26046
18429, 6567, -0.08462, -0.00988,  0.09091,  0.52211,  0.4504,  0.57988,  0.30203
18430, 6568, -0.08711, -0.01548,  0.09902,  0.44282,  0.39235,  0.6365,  0.26046
18431, 6569, -0.08544, -0.00839,  0.09817,  0.52211,  0.39235,  0.57988,  0.26046
18432, 6569, -0.08544, -0.00839,  0.09817,  0.52211,  0.39235,  0.57988,  0.26046
18433, 6568, -0.08711, -0.01548,  0.09902,  0.44282,  0.39235,  0.6365,  0.26046
18434, 6570, -0.08507, -0.01313,  0.1084,  0.44282,  0.33701,  0.6365,  0.21849
18435, 6569, -0.08544, -0.00839,  0.09817,  0.52211,  0.39235,  0.57988,  0.26046
18436, 6570, -0.08507, -0.01313,  0.1084,  0.44282,  0.33701,  0.6365,  0.21849
18437, 6571, -0.08374, -0.00671,  0.10724,  0.52211,  0.33701,  0.57988,  0.21849
18438, 6571, -0.08374, -0.00671,  0.10724,  0.52211,  0.33701,  0.57988,  0.21849
18439, 6570, -0.08507, -0.01313,  0.1084,  0.44282,  0.33701,  0.6365,  0.21849
18440, 6572, -0.08142, -0.0104,  0.11789,  0.44282,  0.28624,  0.6365,  0.1783
18441, 6571, -0.08374, -0.00671,  0.10724,  0.52211,  0.33701,  0.57988,  0.21849
18442, 6572, -0.08142, -0.0104,  0.11789,  0.44282,  0.28624,  0.6365,  0.1783
18443, 6573, -0.08061, -0.00469,  0.11676,  0.52211,  0.28624,  0.57988,  0.1783
18444, 6573, -0.08061, -0.00469,  0.11676,  0.52211,  0.28624,  0.57988,  0.1783
18445, 6572, -0.08142, -0.0104,  0.11789,  0.44282,  0.28624,  0.6365,  0.1783
18446, 6574, -0.07766, -0.00725,  0.12645,  0.44282,  0.24194,  0.6365,  0.14203
18447, 6573, -0.08061, -0.00469,  0.11676,  0.52211,  0.28624,  0.57988,  0.1783
18448, 6574, -0.07766, -0.00725,  0.12645,  0.44282,  0.24194,  0.6365,  0.14203
18449, 6575, -0.07719, -0.00218,  0.12534,  0.52211,  0.24194,  0.57988,  0.14203
18450, 6575, -0.07719, -0.00218,  0.12534,  0.52211,  0.24194,  0.57988,  0.14203
18451, 6574, -0.07766, -0.00725,  0.12645,  0.44282,  0.24194,  0.6365,  0.14203
18452, 6576, -0.07361, -0.00432,  0.13354,  0.44282,  0.20252,  0.6365,  0.10894
18453, 6575, -0.07719, -0.00218,  0.12534,  0.52211,  0.24194,  0.57988,  0.14203
18454, 6576, -0.07361, -0.00432,  0.13354,  0.44282,  0.20252,  0.6365,  0.10894
18455, 6577, -0.07342,  0.00012,  0.13246,  0.52211,  0.20252,  0.57988,  0.10894
18456, 6577, -0.07342,  0.00012,  0.13246,  0.52211,  0.20252,  0.57988,  0.10894
18457, 6576, -0.07361, -0.00432,  0.13354,  0.44282,  0.20252,  0.6365,  0.10894
18458, 6578, -0.06909, -0.00226,  0.13861,  0.44282,  0.1664,  0.6365,  0.07824
18459, 6577, -0.07342,  0.00012,  0.13246,  0.52211,  0.20252,  0.57988,  0.10894
18460, 6578, -0.06909, -0.00226,  0.13861,  0.44282,  0.1664,  0.6365,  0.07824
18461, 6579, -0.06928,  0.00149,  0.13756,  0.52211,  0.1664,  0.57988,  0.07824
18462, 6579, -0.06928,  0.00149,  0.13756,  0.52211,  0.1664,  0.57988,  0.07824
18463, 6578, -0.06909, -0.00226,  0.13861,  0.44282,  0.1664,  0.6365,  0.07824
18464, 6580, -0.06433, -0.00064,  0.14267,  0.44282,  0.13193,  0.6365,  0.04874
18465, 6579, -0.06928,  0.00149,  0.13756,  0.52211,  0.1664,  0.57988,  0.07824
18466, 6580, -0.06433, -0.00064,  0.14267,  0.44282,  0.13193,  0.6365,  0.04874
18467, 6581, -0.06495,  0.0024,  0.14165,  0.52211,  0.13193,  0.57988,  0.04874
18468, 6582, -0.03543, -0.03631,  0.1216,  0.49957,  0.78269,  0.54949,  0.48057
18469, 6583, -0.03168, -0.02958,  0.12068,  0.49957,  0.85519,  0.54949,  0.52861
18470, 6584, -0.02607, -0.02778,  0.1283,  0.29425,  0.85519,  0.61999,  0.52861
18471, 6582, -0.03543, -0.03631,  0.1216,  0.49957,  0.78269,  0.54949,  0.48057
18472, 6584, -0.02607, -0.02778,  0.1283,  0.29425,  0.85519,  0.61999,  0.52861
18473, 6585, -0.02846, -0.03441,  0.12958,  0.29425,  0.78269,  0.61999,  0.48057
18474, 6586, -0.02856, -0.02372,  0.12026,  0.49957,  0.92789,  0.54949,  0.57679
18475, 6584, -0.02607, -0.02778,  0.1283,  0.29425,  0.85519,  0.61999,  0.52861
18476, 6583, -0.03168, -0.02958,  0.12068,  0.49957,  0.85519,  0.54949,  0.52861
18477, 6586, -0.02856, -0.02372,  0.12026,  0.49957,  0.92789,  0.54949,  0.57679
18478, 6587, -0.0244, -0.02117,  0.128,  0.29425,  0.92789,  0.61999,  0.57679
18479, 6584, -0.02607, -0.02778,  0.1283,  0.29425,  0.85519,  0.61999,  0.52861
18480, 6585, -0.02846, -0.03441,  0.12958,  0.29425,  0.78269,  0.61999,  0.48057
18481, 6588, -0.04045, -0.04479,  0.12348,  0.49957,  0.71058,  0.54949,  0.43279
18482, 6582, -0.03543, -0.03631,  0.1216,  0.49957,  0.78269,  0.54949,  0.48057
18483, 6585, -0.02846, -0.03441,  0.12958,  0.29425,  0.78269,  0.61999,  0.48057
18484, 6589, -0.03226, -0.04107,  0.13283,  0.29425,  0.71058,  0.61999,  0.43279
18485, 6588, -0.04045, -0.04479,  0.12348,  0.49957,  0.71058,  0.54949,  0.43279
18486, 6590, -0.03744, -0.04564,  0.13681,  0.29425,  0.63557,  0.61999,  0.3852
18487, 6588, -0.04045, -0.04479,  0.12348,  0.49957,  0.71058,  0.54949,  0.43279
18488, 6589, -0.03226, -0.04107,  0.13283,  0.29425,  0.71058,  0.61999,  0.43279
18489, 6590, -0.03744, -0.04564,  0.13681,  0.29425,  0.63557,  0.61999,  0.3852
18490, 6591, -0.04633, -0.05108,  0.12626,  0.49957,  0.63557,  0.54949,  0.3852
18491, 6588, -0.04045, -0.04479,  0.12348,  0.49957,  0.71058,  0.54949,  0.43279
18492, 6592, -0.04397, -0.04602,  0.14025,  0.29425,  0.55435,  0.61999,  0.33771
18493, 6591, -0.04633, -0.05108,  0.12626,  0.49957,  0.63557,  0.54949,  0.3852
18494, 6590, -0.03744, -0.04564,  0.13681,  0.29425,  0.63557,  0.61999,  0.3852
18495, 6592, -0.04397, -0.04602,  0.14025,  0.29425,  0.55435,  0.61999,  0.33771
18496, 6593, -0.05268, -0.05124,  0.12986,  0.49957,  0.55435,  0.54949,  0.33771
18497, 6591, -0.04633, -0.05108,  0.12626,  0.49957,  0.63557,  0.54949,  0.3852
18498, 6594, -0.05072, -0.04268,  0.14339,  0.29425,  0.47287,  0.61999,  0.29006
18499, 6593, -0.05268, -0.05124,  0.12986,  0.49957,  0.55435,  0.54949,  0.33771
18500, 6592, -0.04397, -0.04602,  0.14025,  0.29425,  0.55435,  0.61999,  0.33771
18501, 6594, -0.05072, -0.04268,  0.14339,  0.29425,  0.47287,  0.61999,  0.29006
18502, 6595, -0.05895, -0.04692,  0.13385,  0.49957,  0.47287,  0.54949,  0.29006
18503, 6593, -0.05268, -0.05124,  0.12986,  0.49957,  0.55435,  0.54949,  0.33771
18504, 6596, -0.05659, -0.03609,  0.14646,  0.29425,  0.39711,  0.61999,  0.24198
18505, 6595, -0.05895, -0.04692,  0.13385,  0.49957,  0.47287,  0.54949,  0.29006
18506, 6594, -0.05072, -0.04268,  0.14339,  0.29425,  0.47287,  0.61999,  0.29006
18507, 6596, -0.05659, -0.03609,  0.14646,  0.29425,  0.39711,  0.61999,  0.24198
18508, 6597, -0.06456, -0.03978,  0.13779,  0.49957,  0.39711,  0.54949,  0.24198
18509, 6595, -0.05895, -0.04692,  0.13385,  0.49957,  0.47287,  0.54949,  0.29006
18510, 6598, -0.06126, -0.02797,  0.1487,  0.29425,  0.32939,  0.61999,  0.19498
18511, 6597, -0.06456, -0.03978,  0.13779,  0.49957,  0.39711,  0.54949,  0.24198
18512, 6596, -0.05659, -0.03609,  0.14646,  0.29425,  0.39711,  0.61999,  0.24198
18513, 6598, -0.06126, -0.02797,  0.1487,  0.29425,  0.32939,  0.61999,  0.19498
18514, 6599, -0.06881, -0.03123,  0.14098,  0.49957,  0.32939,  0.54949,  0.19498
18515, 6597, -0.06456, -0.03978,  0.13779,  0.49957,  0.39711,  0.54949,  0.24198
18516, 6600, -0.06439, -0.02001,  0.14936,  0.29425,  0.27203,  0.61999,  0.15063
18517, 6599, -0.06881, -0.03123,  0.14098,  0.49957,  0.32939,  0.54949,  0.19498
18518, 6598, -0.06126, -0.02797,  0.1487,  0.29425,  0.32939,  0.61999,  0.19498
18519, 6600, -0.06439, -0.02001,  0.14936,  0.29425,  0.27203,  0.61999,  0.15063
18520, 6601, -0.07099, -0.02266,  0.14267,  0.49957,  0.27203,  0.54949,  0.15063
18521, 6599, -0.06881, -0.03123,  0.14098,  0.49957,  0.32939,  0.54949,  0.19498
18522, 6602, -0.06592, -0.01268,  0.1487,  0.29425,  0.21884,  0.61999,  0.10917
18523, 6601, -0.07099, -0.02266,  0.14267,  0.49957,  0.27203,  0.54949,  0.15063
18524, 6600, -0.06439, -0.02001,  0.14936,  0.29425,  0.27203,  0.61999,  0.15063
18525, 6602, -0.06592, -0.01268,  0.1487,  0.29425,  0.21884,  0.61999,  0.10917
18526, 6603, -0.07118, -0.01443,  0.14334,  0.49957,  0.21884,  0.54949,  0.10917
18527, 6601, -0.07099, -0.02266,  0.14267,  0.49957,  0.27203,  0.54949,  0.15063
18528, 6603, -0.07118, -0.01443,  0.14334,  0.49957,  0.21884,  0.54949,  0.10917
18529, 6602, -0.06592, -0.01268,  0.1487,  0.29425,  0.21884,  0.61999,  0.10917
18530, 6604, -0.06581, -0.00641,  0.14696,  0.29425,  0.16366,  0.61999,  0.07088
18531, 6603, -0.07118, -0.01443,  0.14334,  0.49957,  0.21884,  0.54949,  0.10917
18532, 6604, -0.06581, -0.00641,  0.14696,  0.29425,  0.16366,  0.61999,  0.07088
18533, 6605, -0.06948, -0.00687,  0.14342,  0.49957,  0.16366,  0.54949,  0.07088
18534, 6606, -0.06683,  0.00037,  0.14321,  0.49957,  0.10747,  0.54949,  0.03416
18535, 6605, -0.06948, -0.00687,  0.14342,  0.49957,  0.16366,  0.54949,  0.07088
18536, 6604, -0.06581, -0.00641,  0.14696,  0.29425,  0.16366,  0.61999,  0.07088
18537, 6606, -0.06683,  0.00037,  0.14321,  0.49957,  0.10747,  0.54949,  0.03416
18538, 6604, -0.06581, -0.00641,  0.14696,  0.29425,  0.16366,  0.61999,  0.07088
18539, 6607, -0.06488, -0.00066,  0.14469,  0.29425,  0.10747,  0.61999,  0.03416
18540, 6608, -0.03129, -0.02405,  0.11712,  0.3386,  0.79692,  0.76801,  0.48047
18541, 6609, -0.0335, -0.01728,  0.11349,  0.3386,  0.85669,  0.76801,  0.51935
18542, 6610, -0.0309, -0.01442,  0.11637,  0.51194,  0.85669,  0.83031,  0.51935
18543, 6608, -0.03129, -0.02405,  0.11712,  0.3386,  0.79692,  0.76801,  0.48047
18544, 6610, -0.0309, -0.01442,  0.11637,  0.51194,  0.85669,  0.83031,  0.51935
18545, 6611, -0.02768, -0.02058,  0.12079,  0.51194,  0.79692,  0.83031,  0.48047
18546, 6612, -0.03603, -0.0104,  0.11013,  0.3386,  0.91794,  0.76801,  0.55917
18547, 6610, -0.0309, -0.01442,  0.11637,  0.51194,  0.85669,  0.83031,  0.51935
18548, 6609, -0.0335, -0.01728,  0.11349,  0.3386,  0.85669,  0.76801,  0.51935
18549, 6612, -0.03603, -0.0104,  0.11013,  0.3386,  0.91794,  0.76801,  0.55917
18550, 6613, -0.0346, -0.00828,  0.11206,  0.51194,  0.91794,  0.83031,  0.55917
18551, 6610, -0.0309, -0.01442,  0.11637,  0.51194,  0.85669,  0.83031,  0.51935
18552, 6611, -0.02768, -0.02058,  0.12079,  0.51194,  0.79692,  0.83031,  0.48047
18553, 6614, -0.02969, -0.03058,  0.1213,  0.3386,  0.74007,  0.76801,  0.44351
18554, 6608, -0.03129, -0.02405,  0.11712,  0.3386,  0.79692,  0.76801,  0.48047
18555, 6611, -0.02768, -0.02058,  0.12079,  0.51194,  0.79692,  0.83031,  0.48047
18556, 6615, -0.02543, -0.02679,  0.12546,  0.51194,  0.74007,  0.83031,  0.44351
18557, 6614, -0.02969, -0.03058,  0.1213,  0.3386,  0.74007,  0.76801,  0.44351
18558, 6616, -0.0298, -0.03684,  0.12597,  0.3386,  0.68282,  0.76801,  0.40628
18559, 6614, -0.02969, -0.03058,  0.1213,  0.3386,  0.74007,  0.76801,  0.44351
18560, 6615, -0.02543, -0.02679,  0.12546,  0.51194,  0.74007,  0.83031,  0.44351
18561, 6616, -0.0298, -0.03684,  0.12597,  0.3386,  0.68282,  0.76801,  0.40628
18562, 6615, -0.02543, -0.02679,  0.12546,  0.51194,  0.74007,  0.83031,  0.44351
18563, 6617, -0.02488, -0.03268,  0.13059,  0.51194,  0.68282,  0.83031,  0.40628
18564, 6617, -0.02488, -0.03268,  0.13059,  0.51194,  0.68282,  0.83031,  0.40628
18565, 6618, -0.03268, -0.0428,  0.1311,  0.3386,  0.6218,  0.76801,  0.3666
18566, 6616, -0.0298, -0.03684,  0.12597,  0.3386,  0.68282,  0.76801,  0.40628
18567, 6617, -0.02488, -0.03268,  0.13059,  0.51194,  0.68282,  0.83031,  0.40628
18568, 6619, -0.02672, -0.03789,  0.1364,  0.51194,  0.6218,  0.83031,  0.3666
18569, 6618, -0.03268, -0.0428,  0.1311,  0.3386,  0.6218,  0.76801,  0.3666
18570, 6620, -0.03769, -0.04671,  0.13603,  0.3386,  0.55757,  0.76801,  0.32483
18571, 6618, -0.03268, -0.0428,  0.1311,  0.3386,  0.6218,  0.76801,  0.3666
18572, 6619, -0.02672, -0.03789,  0.1364,  0.51194,  0.6218,  0.83031,  0.3666
18573, 6620, -0.03769, -0.04671,  0.13603,  0.3386,  0.55757,  0.76801,  0.32483
18574, 6619, -0.02672, -0.03789,  0.1364,  0.51194,  0.6218,  0.83031,  0.3666
18575, 6621, -0.03056, -0.04125,  0.14196,  0.51194,  0.55757,  0.83031,  0.32483
18576, 6621, -0.03056, -0.04125,  0.14196,  0.51194,  0.55757,  0.83031,  0.32483
18577, 6622, -0.04419, -0.04686,  0.14012,  0.3386,  0.49065,  0.76801,  0.28132
18578, 6620, -0.03769, -0.04671,  0.13603,  0.3386,  0.55757,  0.76801,  0.32483
18579, 6621, -0.03056, -0.04125,  0.14196,  0.51194,  0.55757,  0.83031,  0.32483
18580, 6623, -0.03605, -0.04158,  0.14636,  0.51194,  0.49065,  0.83031,  0.28132
18581, 6622, -0.04419, -0.04686,  0.14012,  0.3386,  0.49065,  0.76801,  0.28132
18582, 6624, -0.05108, -0.04339,  0.14359,  0.3386,  0.4238,  0.76801,  0.23785
18583, 6622, -0.04419, -0.04686,  0.14012,  0.3386,  0.49065,  0.76801,  0.28132
18584, 6623, -0.03605, -0.04158,  0.14636,  0.51194,  0.49065,  0.83031,  0.28132
18585, 6624, -0.05108, -0.04339,  0.14359,  0.3386,  0.4238,  0.76801,  0.23785
18586, 6623, -0.03605, -0.04158,  0.14636,  0.51194,  0.49065,  0.83031,  0.28132
18587, 6625, -0.04268, -0.03855,  0.14976,  0.51194,  0.4238,  0.83031,  0.23785
18588, 6625, -0.04268, -0.03855,  0.14976,  0.51194,  0.4238,  0.83031,  0.23785
18589, 6626, -0.05727, -0.03648,  0.14667,  0.3386,  0.35977,  0.76801,  0.19621
18590, 6624, -0.05108, -0.04339,  0.14359,  0.3386,  0.4238,  0.76801,  0.23785
18591, 6625, -0.04268, -0.03855,  0.14976,  0.51194,  0.4238,  0.83031,  0.23785
18592, 6627, -0.04999, -0.03181,  0.15235,  0.51194,  0.35977,  0.83031,  0.19621
18593, 6626, -0.05727, -0.03648,  0.14667,  0.3386,  0.35977,  0.76801,  0.19621
18594, 6628, -0.06237, -0.02812,  0.14874,  0.3386,  0.30014,  0.76801,  0.15743
18595, 6626, -0.05727, -0.03648,  0.14667,  0.3386,  0.35977,  0.76801,  0.19621
18596, 6627, -0.04999, -0.03181,  0.15235,  0.51194,  0.35977,  0.83031,  0.19621
18597, 6628, -0.06237, -0.02812,  0.14874,  0.3386,  0.30014,  0.76801,  0.15743
18598, 6627, -0.04999, -0.03181,  0.15235,  0.51194,  0.35977,  0.83031,  0.19621
18599, 6629, -0.0566, -0.02374,  0.15361,  0.51194,  0.30014,  0.83031,  0.15743
18600, 6629, -0.0566, -0.02374,  0.15361,  0.51194,  0.30014,  0.83031,  0.15743
18601, 6630, -0.066, -0.02035,  0.14914,  0.3386,  0.24649,  0.76801,  0.12255
18602, 6628, -0.06237, -0.02812,  0.14874,  0.3386,  0.30014,  0.76801,  0.15743
18603, 6629, -0.0566, -0.02374,  0.15361,  0.51194,  0.30014,  0.83031,  0.15743
18604, 6631, -0.06114, -0.01673,  0.15304,  0.51194,  0.24649,  0.83031,  0.12255
18605, 6630, -0.066, -0.02035,  0.14914,  0.3386,  0.24649,  0.76801,  0.12255
18606, 6632, -0.06791, -0.01344,  0.1483,  0.3386,  0.19746,  0.76801,  0.09078
18607, 6630, -0.066, -0.02035,  0.14914,  0.3386,  0.24649,  0.76801,  0.12255
18608, 6631, -0.06114, -0.01673,  0.15304,  0.51194,  0.24649,  0.83031,  0.12255
18609, 6632, -0.06791, -0.01344,  0.1483,  0.3386,  0.19746,  0.76801,  0.09078
18610, 6631, -0.06114, -0.01673,  0.15304,  0.51194,  0.24649,  0.83031,  0.12255
18611, 6633, -0.06375, -0.01061,  0.15123,  0.51194,  0.19746,  0.83031,  0.09078
18612, 6633, -0.06375, -0.01061,  0.15123,  0.51194,  0.19746,  0.83031,  0.09078
18613, 6634, -0.06785, -0.00767,  0.14659,  0.3386,  0.15166,  0.76801,  0.06136
18614, 6632, -0.06791, -0.01344,  0.1483,  0.3386,  0.19746,  0.76801,  0.09078
18615, 6633, -0.06375, -0.01061,  0.15123,  0.51194,  0.19746,  0.83031,  0.09078
18616, 6635, -0.06459, -0.00523,  0.14878,  0.51194,  0.15166,  0.83031,  0.06136
18617, 6634, -0.06785, -0.00767,  0.14659,  0.3386,  0.15166,  0.76801,  0.06136
18618, 6636, -0.06681, -0.00248,  0.14446,  0.3386,  0.10747,  0.76801,  0.03312
18619, 6634, -0.06785, -0.00767,  0.14659,  0.3386,  0.15166,  0.76801,  0.06136
18620, 6635, -0.06459, -0.00523,  0.14878,  0.51194,  0.15166,  0.83031,  0.06136
18621, 6636, -0.06681, -0.00248,  0.14446,  0.3386,  0.10747,  0.76801,  0.03312
18622, 6635, -0.06459, -0.00523,  0.14878,  0.51194,  0.15166,  0.83031,  0.06136
18623, 6637, -0.06453, -0.00021,  0.146,  0.51194,  0.10747,  0.83031,  0.03312
18624, 6638, -0.01817, -0.02137,  0.13912,  0.4048,  0.7635,  0.10876,  0.43502
18625, 6639, -0.01992, -0.01862,  0.13184,  0.4048,  0.83987,  0.10876,  0.47524
18626, 6640, -0.01895, -0.00886,  0.13611,  0.55509,  0.83987,  0.00604,  0.47524
18627, 6638, -0.01817, -0.02137,  0.13912,  0.4048,  0.7635,  0.10876,  0.43502
18628, 6640, -0.01895, -0.00886,  0.13611,  0.55509,  0.83987,  0.00604,  0.47524
18629, 6641, -0.01618, -0.01072,  0.14313,  0.55509,  0.7635,  0.00604,  0.43502
18630, 6642, -0.0228, -0.01578,  0.12507,  0.4048,  0.91444,  0.10876,  0.51451
18631, 6640, -0.01895, -0.00886,  0.13611,  0.55509,  0.83987,  0.00604,  0.47524
18632, 6639, -0.01992, -0.01862,  0.13184,  0.4048,  0.83987,  0.10876,  0.47524
18633, 6642, -0.0228, -0.01578,  0.12507,  0.4048,  0.91444,  0.10876,  0.51451
18634, 6643, -0.02324, -0.0066,  0.12987,  0.55509,  0.91444,  0.00604,  0.51451
18635, 6640, -0.01895, -0.00886,  0.13611,  0.55509,  0.83987,  0.00604,  0.47524
18636, 6641, -0.01618, -0.01072,  0.14313,  0.55509,  0.7635,  0.00604,  0.43502
18637, 6644, -0.01864, -0.02397,  0.14742,  0.4048,  0.68352,  0.10876,  0.39291
18638, 6638, -0.01817, -0.02137,  0.13912,  0.4048,  0.7635,  0.10876,  0.43502
18639, 6641, -0.01618, -0.01072,  0.14313,  0.55509,  0.7635,  0.00604,  0.43502
18640, 6645, -0.01643, -0.0118,  0.1517,  0.55509,  0.68352,  0.00604,  0.39291
18641, 6644, -0.01864, -0.02397,  0.14742,  0.4048,  0.68352,  0.10876,  0.39291
18642, 6646, -0.02126, -0.0255,  0.15547,  0.4048,  0.61197,  0.10876,  0.35523
18643, 6644, -0.01864, -0.02397,  0.14742,  0.4048,  0.68352,  0.10876,  0.39291
18644, 6645, -0.01643, -0.0118,  0.1517,  0.55509,  0.68352,  0.00604,  0.39291
18645, 6646, -0.02126, -0.0255,  0.15547,  0.4048,  0.61197,  0.10876,  0.35523
18646, 6645, -0.01643, -0.0118,  0.1517,  0.55509,  0.68352,  0.00604,  0.39291
18647, 6647, -0.01901, -0.01196,  0.15997,  0.55509,  0.61197,  0.00604,  0.35523
18648, 6647, -0.01901, -0.01196,  0.15997,  0.55509,  0.61197,  0.00604,  0.35523
18649, 6648, -0.02596, -0.02508,  0.16202,  0.4048,  0.56087,  0.10876,  0.32832
18650, 6646, -0.02126, -0.0255,  0.15547,  0.4048,  0.61197,  0.10876,  0.35523
18651, 6647, -0.01901, -0.01196,  0.15997,  0.55509,  0.61197,  0.00604,  0.35523
18652, 6649, -0.02323, -0.01104,  0.1661,  0.55509,  0.56087,  0.00604,  0.32832
18653, 6648, -0.02596, -0.02508,  0.16202,  0.4048,  0.56087,  0.10876,  0.32832
18654, 6650, -0.0317, -0.02311,  0.16698,  0.4048,  0.51999,  0.10876,  0.3068
18655, 6648, -0.02596, -0.02508,  0.16202,  0.4048,  0.56087,  0.10876,  0.32832
18656, 6649, -0.02323, -0.01104,  0.1661,  0.55509,  0.56087,  0.00604,  0.32832
18657, 6650, -0.0317, -0.02311,  0.16698,  0.4048,  0.51999,  0.10876,  0.3068
18658, 6649, -0.02323, -0.01104,  0.1661,  0.55509,  0.56087,  0.00604,  0.32832
18659, 6651, -0.02847, -0.00932,  0.17039,  0.55509,  0.51999,  0.00604,  0.3068
18660, 6651, -0.02847, -0.00932,  0.17039,  0.55509,  0.51999,  0.00604,  0.3068
18661, 6652, -0.03742, -0.02,  0.17024,  0.4048,  0.47911,  0.10876,  0.28527
18662, 6650, -0.0317, -0.02311,  0.16698,  0.4048,  0.51999,  0.10876,  0.3068
18663, 6651, -0.02847, -0.00932,  0.17039,  0.55509,  0.51999,  0.00604,  0.3068
18664, 6653, -0.03408, -0.0071,  0.17315,  0.55509,  0.47911,  0.00604,  0.28527
18665, 6652, -0.03742, -0.02,  0.17024,  0.4048,  0.47911,  0.10876,  0.28527
18666, 6654, -0.04324, -0.01598,  0.17123,  0.4048,  0.43366,  0.10876,  0.25858
18667, 6652, -0.03742, -0.02,  0.17024,  0.4048,  0.47911,  0.10876,  0.28527
18668, 6653, -0.03408, -0.0071,  0.17315,  0.55509,  0.47911,  0.00604,  0.28527
18669, 6654, -0.04324, -0.01598,  0.17123,  0.4048,  0.43366,  0.10876,  0.25858
18670, 6653, -0.03408, -0.0071,  0.17315,  0.55509,  0.47911,  0.00604,  0.28527
18671, 6655, -0.04018, -0.00417,  0.17378,  0.55509,  0.43366,  0.00604,  0.25858
18672, 6654, -0.04324, -0.01598,  0.17123,  0.4048,  0.43366,  0.10876,  0.25858
18673, 6655, -0.04018, -0.00417,  0.17378,  0.55509,  0.43366,  0.00604,  0.25858
18674, 6656, -0.04687, -0.00033,  0.1717,  0.55509,  0.37907,  0.00604,  0.22158
18675, 6654, -0.04324, -0.01598,  0.17123,  0.4048,  0.43366,  0.10876,  0.25858
18676, 6656, -0.04687, -0.00033,  0.1717,  0.55509,  0.37907,  0.00604,  0.22158
18677, 6657, -0.04928, -0.01125,  0.16941,  0.4048,  0.37907,  0.10876,  0.22158
18678, 6658, -0.05475, -0.00666,  0.16568,  0.4048,  0.3205,  0.10876,  0.18065
18679, 6657, -0.04928, -0.01125,  0.16941,  0.4048,  0.37907,  0.10876,  0.22158
18680, 6656, -0.04687, -0.00033,  0.1717,  0.55509,  0.37907,  0.00604,  0.22158
18681, 6658, -0.05475, -0.00666,  0.16568,  0.4048,  0.3205,  0.10876,  0.18065
18682, 6656, -0.04687, -0.00033,  0.1717,  0.55509,  0.37907,  0.00604,  0.22158
18683, 6659, -0.05309,  0.00325,  0.16766,  0.55509,  0.3205,  0.00604,  0.18065
18684, 6659, -0.05309,  0.00325,  0.16766,  0.55509,  0.3205,  0.00604,  0.18065
18685, 6660, -0.05888, -0.00303,  0.16098,  0.4048,  0.26313,  0.10876,  0.14219
18686, 6658, -0.05475, -0.00666,  0.16568,  0.4048,  0.3205,  0.10876,  0.18065
18687, 6659, -0.05309,  0.00325,  0.16766,  0.55509,  0.3205,  0.00604,  0.18065
18688, 6661, -0.05782,  0.00541,  0.16245,  0.55509,  0.26313,  0.00604,  0.14219
18689, 6660, -0.05888, -0.00303,  0.16098,  0.4048,  0.26313,  0.10876,  0.14219
18690, 6662, -0.06216, -0.00071,  0.1553,  0.4048,  0.20574,  0.10876,  0.1057
18691, 6660, -0.05888, -0.00303,  0.16098,  0.4048,  0.26313,  0.10876,  0.14219
18692, 6661, -0.05782,  0.00541,  0.16245,  0.55509,  0.26313,  0.00604,  0.14219
18693, 6662, -0.06216, -0.00071,  0.1553,  0.4048,  0.20574,  0.10876,  0.1057
18694, 6661, -0.05782,  0.00541,  0.16245,  0.55509,  0.26313,  0.00604,  0.14219
18695, 6663, -0.06154,  0.00625,  0.15636,  0.55509,  0.20574,  0.00604,  0.1057
18696, 6663, -0.06154,  0.00625,  0.15636,  0.55509,  0.20574,  0.00604,  0.1057
18697, 6664, -0.06513, -8.31578E-6,  0.14868,  0.4048,  0.14711,  0.10876,  0.0707
18698, 6662, -0.06216, -0.00071,  0.1553,  0.4048,  0.20574,  0.10876,  0.1057
18699, 6663, -0.06154,  0.00625,  0.15636,  0.55509,  0.20574,  0.00604,  0.1057
18700, 6665, -0.06472,  0.00585,  0.14971,  0.55509,  0.14711,  0.00604,  0.0707
18701, 6664, -0.06513, -8.31578E-6,  0.14868,  0.4048,  0.14711,  0.10876,  0.0707
18702, 6666, -0.06793, -0.00012,  0.14158,  0.4048,  0.08787,  0.10876,  0.03644
18703, 6664, -0.06513, -8.31578E-6,  0.14868,  0.4048,  0.14711,  0.10876,  0.0707
18704, 6665, -0.06472,  0.00585,  0.14971,  0.55509,  0.14711,  0.00604,  0.0707
18705, 6666, -0.06793, -0.00012,  0.14158,  0.4048,  0.08787,  0.10876,  0.03644
18706, 6665, -0.06472,  0.00585,  0.14971,  0.55509,  0.14711,  0.00604,  0.0707
18707, 6667, -0.06763,  0.00484,  0.14276,  0.55509,  0.08787,  0.00604,  0.03644
18708, 6668, -0.02479, -0.02076,  0.12357,  0.57918,  0.78681,  0.00647,  0.51208
18709, 6669, -0.02891, -0.01631,  0.11753,  0.57918,  0.85201,  0.00647,  0.55179
18710, 6670, -0.02747, -0.01022,  0.12013,  0.40034,  0.85201,  0.08417,  0.55179
18711, 6668, -0.02479, -0.02076,  0.12357,  0.57918,  0.78681,  0.00647,  0.51208
18712, 6670, -0.02747, -0.01022,  0.12013,  0.40034,  0.85201,  0.08417,  0.55179
18713, 6671, -0.02273, -0.01258,  0.12738,  0.40034,  0.78681,  0.08417,  0.51208
18714, 6672, -0.03323, -0.01137,  0.11163,  0.57918,  0.91664,  0.00647,  0.59115
18715, 6670, -0.02747, -0.01022,  0.12013,  0.40034,  0.85201,  0.08417,  0.55179
18716, 6669, -0.02891, -0.01631,  0.11753,  0.57918,  0.85201,  0.00647,  0.55179
18717, 6672, -0.03323, -0.01137,  0.11163,  0.57918,  0.91664,  0.00647,  0.59115
18718, 6673, -0.03263, -0.00793,  0.11263,  0.40034,  0.91664,  0.08417,  0.59115
18719, 6670, -0.02747, -0.01022,  0.12013,  0.40034,  0.85201,  0.08417,  0.55179
18720, 6668, -0.02479, -0.02076,  0.12357,  0.57918,  0.78681,  0.00647,  0.51208
18721, 6671, -0.02273, -0.01258,  0.12738,  0.40034,  0.78681,  0.08417,  0.51208
18722, 6674, -0.01882, -0.01509,  0.13413,  0.40034,  0.72048,  0.08417,  0.47169
18723, 6668, -0.02479, -0.02076,  0.12357,  0.57918,  0.78681,  0.00647,  0.51208
18724, 6674, -0.01882, -0.01509,  0.13413,  0.40034,  0.72048,  0.08417,  0.47169
18725, 6675, -0.02103, -0.02425,  0.12988,  0.57918,  0.72048,  0.00647,  0.47169
18726, 6675, -0.02103, -0.02425,  0.12988,  0.57918,  0.72048,  0.00647,  0.47169
18727, 6674, -0.01882, -0.01509,  0.13413,  0.40034,  0.72048,  0.08417,  0.47169
18728, 6676, -0.01669, -0.01754,  0.1414,  0.40034,  0.65261,  0.08417,  0.43036
18729, 6675, -0.02103, -0.02425,  0.12988,  0.57918,  0.72048,  0.00647,  0.47169
18730, 6676, -0.01669, -0.01754,  0.1414,  0.40034,  0.65261,  0.08417,  0.43036
18731, 6677, -0.01895, -0.02738,  0.13699,  0.57918,  0.65261,  0.00647,  0.43036
18732, 6677, -0.01895, -0.02738,  0.13699,  0.57918,  0.65261,  0.00647,  0.43036
18733, 6676, -0.01669, -0.01754,  0.1414,  0.40034,  0.65261,  0.08417,  0.43036
18734, 6678, -0.01726, -0.01973,  0.1502,  0.40034,  0.58278,  0.08417,  0.38784
18735, 6677, -0.01895, -0.02738,  0.13699,  0.57918,  0.65261,  0.00647,  0.43036
18736, 6678, -0.01726, -0.01973,  0.1502,  0.40034,  0.58278,  0.08417,  0.38784
18737, 6679, -0.01983, -0.03077,  0.14544,  0.57918,  0.58278,  0.00647,  0.38784
18738, 6679, -0.01983, -0.03077,  0.14544,  0.57918,  0.58278,  0.00647,  0.38784
18739, 6678, -0.01726, -0.01973,  0.1502,  0.40034,  0.58278,  0.08417,  0.38784
18740, 6680, -0.02001, -0.021,  0.15864,  0.40034,  0.52049,  0.08417,  0.34991
18741, 6679, -0.01983, -0.03077,  0.14544,  0.57918,  0.58278,  0.00647,  0.38784
18742, 6680, -0.02001, -0.021,  0.15864,  0.40034,  0.52049,  0.08417,  0.34991
18743, 6681, -0.02308, -0.03323,  0.15351,  0.57918,  0.52049,  0.00647,  0.34991
18744, 6680, -0.02001, -0.021,  0.15864,  0.40034,  0.52049,  0.08417,  0.34991
18745, 6682, -0.02813, -0.0336,  0.15953,  0.57918,  0.47527,  0.00647,  0.32237
18746, 6681, -0.02308, -0.03323,  0.15351,  0.57918,  0.52049,  0.00647,  0.34991
18747, 6680, -0.02001, -0.021,  0.15864,  0.40034,  0.52049,  0.08417,  0.34991
18748, 6683, -0.02441, -0.02072,  0.16483,  0.40034,  0.47527,  0.08417,  0.32237
18749, 6682, -0.02813, -0.0336,  0.15953,  0.57918,  0.47527,  0.00647,  0.32237
18750, 6684, -0.03408, -0.03217,  0.16392,  0.57918,  0.43857,  0.00647,  0.30002
18751, 6682, -0.02813, -0.0336,  0.15953,  0.57918,  0.47527,  0.00647,  0.32237
18752, 6683, -0.02441, -0.02072,  0.16483,  0.40034,  0.47527,  0.08417,  0.32237
18753, 6684, -0.03408, -0.03217,  0.16392,  0.57918,  0.43857,  0.00647,  0.30002
18754, 6683, -0.02441, -0.02072,  0.16483,  0.40034,  0.47527,  0.08417,  0.32237
18755, 6685, -0.02989, -0.01927,  0.16909,  0.40034,  0.43857,  0.08417,  0.30002
18756, 6684, -0.03408, -0.03217,  0.16392,  0.57918,  0.43857,  0.00647,  0.30002
18757, 6685, -0.02989, -0.01927,  0.16909,  0.40034,  0.43857,  0.08417,  0.30002
18758, 6686, -0.03589, -0.01705,  0.17175,  0.40034,  0.40187,  0.08417,  0.27767
18759, 6684, -0.03408, -0.03217,  0.16392,  0.57918,  0.43857,  0.00647,  0.30002
18760, 6686, -0.03589, -0.01705,  0.17175,  0.40034,  0.40187,  0.08417,  0.27767
18761, 6687, -0.04002, -0.02926,  0.16712,  0.57918,  0.40187,  0.00647,  0.27767
18762, 6688, -0.04605, -0.02516,  0.1686,  0.57918,  0.36261,  0.00647,  0.25058
18763, 6687, -0.04002, -0.02926,  0.16712,  0.57918,  0.40187,  0.00647,  0.27767
18764, 6686, -0.03589, -0.01705,  0.17175,  0.40034,  0.40187,  0.08417,  0.27767
18765, 6688, -0.04605, -0.02516,  0.1686,  0.57918,  0.36261,  0.00647,  0.25058
18766, 6686, -0.03589, -0.01705,  0.17175,  0.40034,  0.40187,  0.08417,  0.27767
18767, 6689, -0.0422, -0.01396,  0.17237,  0.40034,  0.36261,  0.08417,  0.25058
18768, 6688, -0.04605, -0.02516,  0.1686,  0.57918,  0.36261,  0.00647,  0.25058
18769, 6689, -0.0422, -0.01396,  0.17237,  0.40034,  0.36261,  0.08417,  0.25058
18770, 6690, -0.0486, -0.00995,  0.17053,  0.40034,  0.31824,  0.08417,  0.21402
18771, 6688, -0.04605, -0.02516,  0.1686,  0.57918,  0.36261,  0.00647,  0.25058
18772, 6690, -0.0486, -0.00995,  0.17053,  0.40034,  0.31824,  0.08417,  0.21402
18773, 6691, -0.05224, -0.02017,  0.16781,  0.57918,  0.31824,  0.00647,  0.21402
18774, 6691, -0.05224, -0.02017,  0.16781,  0.57918,  0.31824,  0.00647,  0.21402
18775, 6690, -0.0486, -0.00995,  0.17053,  0.40034,  0.31824,  0.08417,  0.21402
18776, 6692, -0.05431, -0.00593,  0.16693,  0.40034,  0.27164,  0.08417,  0.17397
18777, 6691, -0.05224, -0.02017,  0.16781,  0.57918,  0.31824,  0.00647,  0.21402
18778, 6692, -0.05431, -0.00593,  0.16693,  0.40034,  0.27164,  0.08417,  0.17397
18779, 6693, -0.0577, -0.01518,  0.16508,  0.57918,  0.27164,  0.00647,  0.17397
18780, 6693, -0.0577, -0.01518,  0.16508,  0.57918,  0.27164,  0.00647,  0.17397
18781, 6692, -0.05431, -0.00593,  0.16693,  0.40034,  0.27164,  0.08417,  0.17397
18782, 6694, -0.05852, -0.00281,  0.16228,  0.40034,  0.2257,  0.08417,  0.13645
18783, 6693, -0.0577, -0.01518,  0.16508,  0.57918,  0.27164,  0.00647,  0.17397
18784, 6694, -0.05852, -0.00281,  0.16228,  0.40034,  0.2257,  0.08417,  0.13645
18785, 6695, -0.06155, -0.01106,  0.16073,  0.57918,  0.2257,  0.00647,  0.13645
18786, 6695, -0.06155, -0.01106,  0.16073,  0.57918,  0.2257,  0.00647,  0.13645
18787, 6694, -0.05852, -0.00281,  0.16228,  0.40034,  0.2257,  0.08417,  0.13645
18788, 6696, -0.06166, -0.0003,  0.15698,  0.40034,  0.17996,  0.08417,  0.101
18789, 6695, -0.06155, -0.01106,  0.16073,  0.57918,  0.2257,  0.00647,  0.13645
18790, 6696, -0.06166, -0.0003,  0.15698,  0.40034,  0.17996,  0.08417,  0.101
18791, 6697, -0.06414, -0.0076,  0.15541,  0.57918,  0.17996,  0.00647,  0.101
18792, 6696, -0.06166, -0.0003,  0.15698,  0.40034,  0.17996,  0.08417,  0.101
18793, 6698, -0.06586, -0.00458,  0.14975,  0.57918,  0.13398,  0.00647,  0.06718
18794, 6697, -0.06414, -0.0076,  0.15541,  0.57918,  0.17996,  0.00647,  0.101
18795, 6696, -0.06166, -0.0003,  0.15698,  0.40034,  0.17996,  0.08417,  0.101
18796, 6699, -0.06417,  0.00193,  0.15142,  0.40034,  0.13398,  0.08417,  0.06718
18797, 6698, -0.06586, -0.00458,  0.14975,  0.57918,  0.13398,  0.00647,  0.06718
18798, 6700, -0.06714, -0.00178,  0.14393,  0.57918,  0.08787,  0.00647,  0.03416
18799, 6698, -0.06586, -0.00458,  0.14975,  0.57918,  0.13398,  0.00647,  0.06718
18800, 6699, -0.06417,  0.00193,  0.15142,  0.40034,  0.13398,  0.08417,  0.06718
18801, 6700, -0.06714, -0.00178,  0.14393,  0.57918,  0.08787,  0.00647,  0.03416
18802, 6699, -0.06417,  0.00193,  0.15142,  0.40034,  0.13398,  0.08417,  0.06718
18803, 6701, -0.06636,  0.00402,  0.14573,  0.40034,  0.08787,  0.08417,  0.03416
18804, 6702, -0.04697,  0.02236,  0.09921,  0.35994,  0.67838,  0.77149,  0.36932
18805, 6703, -0.0446,  0.01653,  0.10064,  0.35994,  0.72071,  0.77149,  0.39283
18806, 6704, -0.04759,  0.00956,  0.09623,  0.53211,  0.72071,  0.88374,  0.39283
18807, 6702, -0.04697,  0.02236,  0.09921,  0.35994,  0.67838,  0.77149,  0.36932
18808, 6704, -0.04759,  0.00956,  0.09623,  0.53211,  0.72071,  0.88374,  0.39283
18809, 6705, -0.05113,  0.01335,  0.09359,  0.53211,  0.67838,  0.88374,  0.36932
18810, 6706, -0.04236,  0.01016,  0.10178,  0.35994,  0.76326,  0.77149,  0.41645
18811, 6704, -0.04759,  0.00956,  0.09623,  0.53211,  0.72071,  0.88374,  0.39283
18812, 6703, -0.0446,  0.01653,  0.10064,  0.35994,  0.72071,  0.77149,  0.39283
18813, 6706, -0.04236,  0.01016,  0.10178,  0.35994,  0.76326,  0.77149,  0.41645
18814, 6707, -0.04397,  0.00573,  0.09932,  0.53211,  0.76326,  0.88374,  0.41645
18815, 6704, -0.04759,  0.00956,  0.09623,  0.53211,  0.72071,  0.88374,  0.39283
18816, 6705, -0.05113,  0.01335,  0.09359,  0.53211,  0.67838,  0.88374,  0.36932
18817, 6708, -0.0496,  0.02707,  0.09722,  0.35994,  0.6365,  0.77149,  0.34607
18818, 6702, -0.04697,  0.02236,  0.09921,  0.35994,  0.67838,  0.77149,  0.36932
18819, 6705, -0.05113,  0.01335,  0.09359,  0.53211,  0.67838,  0.88374,  0.36932
18820, 6709, -0.05453,  0.01705,  0.09186,  0.53211,  0.6365,  0.88374,  0.34607
18821, 6708, -0.0496,  0.02707,  0.09722,  0.35994,  0.6365,  0.77149,  0.34607
18822, 6710, -0.05272,  0.03141,  0.0957,  0.35994,  0.5944,  0.77149,  0.32269
18823, 6708, -0.0496,  0.02707,  0.09722,  0.35994,  0.6365,  0.77149,  0.34607
18824, 6709, -0.05453,  0.01705,  0.09186,  0.53211,  0.6365,  0.88374,  0.34607
18825, 6710, -0.05272,  0.03141,  0.0957,  0.35994,  0.5944,  0.77149,  0.32269
18826, 6709, -0.05453,  0.01705,  0.09186,  0.53211,  0.6365,  0.88374,  0.34607
18827, 6711, -0.05782,  0.02033,  0.09092,  0.53211,  0.5944,  0.88374,  0.32269
18828, 6711, -0.05782,  0.02033,  0.09092,  0.53211,  0.5944,  0.88374,  0.32269
18829, 6712, -0.05655,  0.03609,  0.09567,  0.35994,  0.55139,  0.77149,  0.29881
18830, 6710, -0.05272,  0.03141,  0.0957,  0.35994,  0.5944,  0.77149,  0.32269
18831, 6711, -0.05782,  0.02033,  0.09092,  0.53211,  0.5944,  0.88374,  0.32269
18832, 6713, -0.06105,  0.02287,  0.09063,  0.53211,  0.55139,  0.88374,  0.29881
18833, 6712, -0.05655,  0.03609,  0.09567,  0.35994,  0.55139,  0.77149,  0.29881
18834, 6714, -0.06453,  0.02478,  0.09127,  0.53211,  0.50793,  0.88374,  0.27468
18835, 6712, -0.05655,  0.03609,  0.09567,  0.35994,  0.55139,  0.77149,  0.29881
18836, 6713, -0.06105,  0.02287,  0.09063,  0.53211,  0.55139,  0.88374,  0.29881
18837, 6714, -0.06453,  0.02478,  0.09127,  0.53211,  0.50793,  0.88374,  0.27468
18838, 6715, -0.06083,  0.04002,  0.0969,  0.35994,  0.50793,  0.77149,  0.27468
18839, 6712, -0.05655,  0.03609,  0.09567,  0.35994,  0.55139,  0.77149,  0.29881
18840, 6716, -0.06859,  0.02615,  0.0931,  0.53211,  0.46446,  0.88374,  0.25055
18841, 6715, -0.06083,  0.04002,  0.0969,  0.35994,  0.50793,  0.77149,  0.27468
18842, 6714, -0.06453,  0.02478,  0.09127,  0.53211,  0.50793,  0.88374,  0.27468
18843, 6716, -0.06859,  0.02615,  0.0931,  0.53211,  0.46446,  0.88374,  0.25055
18844, 6717, -0.06528,  0.04207,  0.09915,  0.35994,  0.46446,  0.77149,  0.25055
18845, 6715, -0.06083,  0.04002,  0.0969,  0.35994,  0.50793,  0.77149,  0.27468
18846, 6718, -0.07286,  0.02657,  0.09641,  0.53211,  0.42044,  0.88374,  0.22611
18847, 6717, -0.06528,  0.04207,  0.09915,  0.35994,  0.46446,  0.77149,  0.25055
18848, 6716, -0.06859,  0.02615,  0.0931,  0.53211,  0.46446,  0.88374,  0.25055
18849, 6718, -0.07286,  0.02657,  0.09641,  0.53211,  0.42044,  0.88374,  0.22611
18850, 6719, -0.06949,  0.04213,  0.10301,  0.35994,  0.42044,  0.77149,  0.22611
18851, 6717, -0.06528,  0.04207,  0.09915,  0.35994,  0.46446,  0.77149,  0.25055
18852, 6719, -0.06949,  0.04213,  0.10301,  0.35994,  0.42044,  0.77149,  0.22611
18853, 6718, -0.07286,  0.02657,  0.09641,  0.53211,  0.42044,  0.88374,  0.22611
18854, 6720, -0.07698,  0.02562,  0.10151,  0.53211,  0.3753,  0.88374,  0.20104
18855, 6719, -0.06949,  0.04213,  0.10301,  0.35994,  0.42044,  0.77149,  0.22611
18856, 6720, -0.07698,  0.02562,  0.10151,  0.53211,  0.3753,  0.88374,  0.20104
18857, 6721, -0.07305,  0.04006,  0.10907,  0.35994,  0.3753,  0.77149,  0.20104
18858, 6722, -0.07524,  0.03609,  0.11613,  0.35994,  0.33142,  0.77149,  0.17668
18859, 6721, -0.07305,  0.04006,  0.10907,  0.35994,  0.3753,  0.77149,  0.20104
18860, 6720, -0.07698,  0.02562,  0.10151,  0.53211,  0.3753,  0.88374,  0.20104
18861, 6722, -0.07524,  0.03609,  0.11613,  0.35994,  0.33142,  0.77149,  0.17668
18862, 6720, -0.07698,  0.02562,  0.10151,  0.53211,  0.3753,  0.88374,  0.20104
18863, 6723, -0.07972,  0.02293,  0.10793,  0.53211,  0.33142,  0.88374,  0.17668
18864, 6723, -0.07972,  0.02293,  0.10793,  0.53211,  0.33142,  0.88374,  0.17668
18865, 6724, -0.07536,  0.0304,  0.12296,  0.35994,  0.29116,  0.77149,  0.15433
18866, 6722, -0.07524,  0.03609,  0.11613,  0.35994,  0.33142,  0.77149,  0.17668
18867, 6723, -0.07972,  0.02293,  0.10793,  0.53211,  0.33142,  0.88374,  0.17668
18868, 6725, -0.07986,  0.01813,  0.11521,  0.53211,  0.29116,  0.88374,  0.15433
18869, 6724, -0.07536,  0.0304,  0.12296,  0.35994,  0.29116,  0.77149,  0.15433
18870, 6726, -0.07433,  0.02364,  0.12931,  0.35994,  0.25752,  0.77149,  0.13327
18871, 6724, -0.07536,  0.0304,  0.12296,  0.35994,  0.29116,  0.77149,  0.15433
18872, 6725, -0.07986,  0.01813,  0.11521,  0.53211,  0.29116,  0.88374,  0.15433
18873, 6726, -0.07433,  0.02364,  0.12931,  0.35994,  0.25752,  0.77149,  0.13327
18874, 6725, -0.07986,  0.01813,  0.11521,  0.53211,  0.29116,  0.88374,  0.15433
18875, 6727, -0.07835,  0.01274,  0.12274,  0.53211,  0.25752,  0.88374,  0.13327
18876, 6727, -0.07835,  0.01274,  0.12274,  0.53211,  0.25752,  0.88374,  0.13327
18877, 6728, -0.07306,  0.01644,  0.1349,  0.35994,  0.23347,  0.77149,  0.1128
18878, 6726, -0.07433,  0.02364,  0.12931,  0.35994,  0.25752,  0.77149,  0.13327
18879, 6727, -0.07835,  0.01274,  0.12274,  0.53211,  0.25752,  0.88374,  0.13327
18880, 6729, -0.07616,  0.00828,  0.12995,  0.53211,  0.23347,  0.88374,  0.1128
18881, 6728, -0.07306,  0.01644,  0.1349,  0.35994,  0.23347,  0.77149,  0.1128
18882, 6730, -0.07146,  0.00997,  0.13912,  0.35994,  0.21211,  0.77149,  0.09114
18883, 6728, -0.07306,  0.01644,  0.1349,  0.35994,  0.23347,  0.77149,  0.1128
18884, 6729, -0.07616,  0.00828,  0.12995,  0.53211,  0.23347,  0.88374,  0.1128
18885, 6730, -0.07146,  0.00997,  0.13912,  0.35994,  0.21211,  0.77149,  0.09114
18886, 6729, -0.07616,  0.00828,  0.12995,  0.53211,  0.23347,  0.88374,  0.1128
18887, 6731, -0.07376,  0.00453,  0.13544,  0.53211,  0.21211,  0.88374,  0.09114
18888, 6731, -0.07376,  0.00453,  0.13544,  0.53211,  0.21211,  0.88374,  0.09114
18889, 6732, -0.06945,  0.0054,  0.14134,  0.35994,  0.18657,  0.77149,  0.06654
18890, 6730, -0.07146,  0.00997,  0.13912,  0.35994,  0.21211,  0.77149,  0.09114
18891, 6731, -0.07376,  0.00453,  0.13544,  0.53211,  0.21211,  0.88374,  0.09114
18892, 6733, -0.07163,  0.00128,  0.13784,  0.53211,  0.18657,  0.88374,  0.06654
18893, 6732, -0.06945,  0.0054,  0.14134,  0.35994,  0.18657,  0.77149,  0.06654
18894, 6734, -0.06723,  0.00178,  0.14255,  0.35994,  0.15893,  0.77149,  0.04046
18895, 6732, -0.06945,  0.0054,  0.14134,  0.35994,  0.18657,  0.77149,  0.06654
18896, 6733, -0.07163,  0.00128,  0.13784,  0.53211,  0.18657,  0.88374,  0.06654
18897, 6734, -0.06723,  0.00178,  0.14255,  0.35994,  0.15893,  0.77149,  0.04046
18898, 6733, -0.07163,  0.00128,  0.13784,  0.53211,  0.18657,  0.88374,  0.06654
18899, 6735, -0.06965, -0.00173,  0.1387,  0.53211,  0.15893,  0.88374,  0.04046
18900, 6736, -0.0537,  0.03492,  0.09628,  0.41501,  0.68566,  0.88312,  0.41522
18901, 6737, -0.04835,  0.0445,  0.10231,  0.5418,  0.68566,  0.7922,  0.41522
18902, 6738, -0.04517,  0.03598,  0.10257,  0.5418,  0.78322,  0.7922,  0.47133
18903, 6736, -0.0537,  0.03492,  0.09628,  0.41501,  0.68566,  0.88312,  0.41522
18904, 6738, -0.04517,  0.03598,  0.10257,  0.5418,  0.78322,  0.7922,  0.47133
18905, 6739, -0.04976,  0.02902,  0.09657,  0.41501,  0.78322,  0.88312,  0.47133
18906, 6739, -0.04976,  0.02902,  0.09657,  0.41501,  0.78322,  0.88312,  0.47133
18907, 6738, -0.04517,  0.03598,  0.10257,  0.5418,  0.78322,  0.7922,  0.47133
18908, 6740, -0.0433,  0.02609,  0.10425,  0.5418,  0.89322,  0.7922,  0.5346
18909, 6739, -0.04976,  0.02902,  0.09657,  0.41501,  0.78322,  0.88312,  0.47133
18910, 6740, -0.0433,  0.02609,  0.10425,  0.5418,  0.89322,  0.7922,  0.5346
18911, 6741, -0.04695,  0.02265,  0.0983,  0.41501,  0.89322,  0.88312,  0.5346
18912, 6742, -0.0599,  0.03988,  0.09892,  0.41501,  0.61301,  0.88312,  0.37343
18913, 6737, -0.04835,  0.0445,  0.10231,  0.5418,  0.68566,  0.7922,  0.41522
18914, 6736, -0.0537,  0.03492,  0.09628,  0.41501,  0.68566,  0.88312,  0.41522
18915, 6742, -0.0599,  0.03988,  0.09892,  0.41501,  0.61301,  0.88312,  0.37343
18916, 6743, -0.05409,  0.05029,  0.1049,  0.5418,  0.61301,  0.7922,  0.37343
18917, 6737, -0.04835,  0.0445,  0.10231,  0.5418,  0.68566,  0.7922,  0.41522
18918, 6744, -0.06671,  0.043,  0.10352,  0.41501,  0.54964,  0.88312,  0.33699
18919, 6743, -0.05409,  0.05029,  0.1049,  0.5418,  0.61301,  0.7922,  0.37343
18920, 6742, -0.0599,  0.03988,  0.09892,  0.41501,  0.61301,  0.88312,  0.37343
18921, 6744, -0.06671,  0.043,  0.10352,  0.41501,  0.54964,  0.88312,  0.33699
18922, 6745, -0.06072,  0.05321,  0.10983,  0.5418,  0.54964,  0.7922,  0.33699
18923, 6743, -0.05409,  0.05029,  0.1049,  0.5418,  0.61301,  0.7922,  0.37343
18924, 6745, -0.06072,  0.05321,  0.10983,  0.5418,  0.54964,  0.7922,  0.33699
18925, 6744, -0.06671,  0.043,  0.10352,  0.41501,  0.54964,  0.88312,  0.33699
18926, 6746, -0.07251,  0.04334,  0.10917,  0.41501,  0.47996,  0.88312,  0.29691
18927, 6745, -0.06072,  0.05321,  0.10983,  0.5418,  0.54964,  0.7922,  0.33699
18928, 6746, -0.07251,  0.04334,  0.10917,  0.41501,  0.47996,  0.88312,  0.29691
18929, 6747, -0.06658,  0.05311,  0.1166,  0.5418,  0.47996,  0.7922,  0.29691
18930, 6748, -0.07049,  0.04943,  0.12424,  0.5418,  0.40796,  0.7922,  0.2555
18931, 6747, -0.06658,  0.05311,  0.1166,  0.5418,  0.47996,  0.7922,  0.29691
18932, 6746, -0.07251,  0.04334,  0.10917,  0.41501,  0.47996,  0.88312,  0.29691
18933, 6748, -0.07049,  0.04943,  0.12424,  0.5418,  0.40796,  0.7922,  0.2555
18934, 6746, -0.07251,  0.04334,  0.10917,  0.41501,  0.47996,  0.88312,  0.29691
18935, 6749, -0.07585,  0.04026,  0.11569,  0.41501,  0.40796,  0.88312,  0.2555
18936, 6749, -0.07585,  0.04026,  0.11569,  0.41501,  0.40796,  0.88312,  0.2555
18937, 6750, -0.07126,  0.04164,  0.13182,  0.5418,  0.33764,  0.7922,  0.21506
18938, 6748, -0.07049,  0.04943,  0.12424,  0.5418,  0.40796,  0.7922,  0.2555
18939, 6749, -0.07585,  0.04026,  0.11569,  0.41501,  0.40796,  0.88312,  0.2555
18940, 6751, -0.07528,  0.03307,  0.1229,  0.41501,  0.33764,  0.88312,  0.21506
18941, 6750, -0.07126,  0.04164,  0.13182,  0.5418,  0.33764,  0.7922,  0.21506
18942, 6752, -0.07049,  0.03168,  0.13803,  0.5418,  0.27506,  0.7922,  0.17805
18943, 6750, -0.07126,  0.04164,  0.13182,  0.5418,  0.33764,  0.7922,  0.21506
18944, 6751, -0.07528,  0.03307,  0.1229,  0.41501,  0.33764,  0.88312,  0.21506
18945, 6752, -0.07049,  0.03168,  0.13803,  0.5418,  0.27506,  0.7922,  0.17805
18946, 6751, -0.07528,  0.03307,  0.1229,  0.41501,  0.33764,  0.88312,  0.21506
18947, 6753, -0.07327,  0.02413,  0.12962,  0.41501,  0.27506,  0.88312,  0.17805
18948, 6753, -0.07327,  0.02413,  0.12962,  0.41501,  0.27506,  0.88312,  0.17805
18949, 6754, -0.06978,  0.0215,  0.1416,  0.5418,  0.22629,  0.7922,  0.14694
18950, 6752, -0.07049,  0.03168,  0.13803,  0.5418,  0.27506,  0.7922,  0.17805
18951, 6753, -0.07327,  0.02413,  0.12962,  0.41501,  0.27506,  0.88312,  0.17805
18952, 6755, -0.07229,  0.01581,  0.13467,  0.41501,  0.22629,  0.88312,  0.14694
18953, 6754, -0.06978,  0.0215,  0.1416,  0.5418,  0.22629,  0.7922,  0.14694
18954, 6756, -0.07151,  0.00853,  0.13801,  0.41501,  0.18721,  0.88312,  0.11492
18955, 6754, -0.06978,  0.0215,  0.1416,  0.5418,  0.22629,  0.7922,  0.14694
18956, 6755, -0.07229,  0.01581,  0.13467,  0.41501,  0.22629,  0.88312,  0.14694
18957, 6756, -0.07151,  0.00853,  0.13801,  0.41501,  0.18721,  0.88312,  0.11492
18958, 6757, -0.06877,  0.0126,  0.14338,  0.5418,  0.18721,  0.7922,  0.11492
18959, 6754, -0.06978,  0.0215,  0.1416,  0.5418,  0.22629,  0.7922,  0.14694
18960, 6757, -0.06877,  0.0126,  0.14338,  0.5418,  0.18721,  0.7922,  0.11492
18961, 6756, -0.07151,  0.00853,  0.13801,  0.41501,  0.18721,  0.88312,  0.11492
18962, 6758, -0.07007,  0.00273,  0.1396,  0.41501,  0.15369,  0.88312,  0.07513
18963, 6757, -0.06877,  0.0126,  0.14338,  0.5418,  0.18721,  0.7922,  0.11492
18964, 6758, -0.07007,  0.00273,  0.1396,  0.41501,  0.15369,  0.88312,  0.07513
18965, 6759, -0.06707,  0.00651,  0.14424,  0.5418,  0.15369,  0.7922,  0.07513
18966, 6760, -0.06505,  0.00183,  0.14464,  0.5418,  0.12296,  0.7922,  0.03146
18967, 6759, -0.06707,  0.00651,  0.14424,  0.5418,  0.15369,  0.7922,  0.07513
18968, 6758, -0.07007,  0.00273,  0.1396,  0.41501,  0.15369,  0.88312,  0.07513
18969, 6760, -0.06505,  0.00183,  0.14464,  0.5418,  0.12296,  0.7922,  0.03146
18970, 6758, -0.07007,  0.00273,  0.1396,  0.41501,  0.15369,  0.88312,  0.07513
18971, 6761, -0.06832, -0.00233,  0.14031,  0.41501,  0.12296,  0.88312,  0.03146
18972, 6762, -0.05826,  0.01608,  0.08923,  0.51671,  0.7473,  0.89679,  0.43465
18973, 6763, -0.05511,  0.02377,  0.09222,  0.40601,  0.7473,  0.81674,  0.43465
18974, 6764, -0.0515,  0.02065,  0.094,  0.40601,  0.80872,  0.81674,  0.47702
18975, 6762, -0.05826,  0.01608,  0.08923,  0.51671,  0.7473,  0.89679,  0.43465
18976, 6764, -0.0515,  0.02065,  0.094,  0.40601,  0.80872,  0.81674,  0.47702
18977, 6765, -0.05463,  0.01292,  0.09139,  0.51671,  0.80872,  0.89679,  0.47702
18978, 6765, -0.05463,  0.01292,  0.09139,  0.51671,  0.80872,  0.89679,  0.47702
18979, 6764, -0.0515,  0.02065,  0.094,  0.40601,  0.80872,  0.81674,  0.47702
18980, 6766, -0.04815,  0.01729,  0.09619,  0.40601,  0.87928,  0.81674,  0.52569
18981, 6765, -0.05463,  0.01292,  0.09139,  0.51671,  0.80872,  0.89679,  0.47702
18982, 6766, -0.04815,  0.01729,  0.09619,  0.40601,  0.87928,  0.81674,  0.52569
18983, 6767, -0.05157,  0.00983,  0.09327,  0.51671,  0.87928,  0.89679,  0.52569
18984, 6763, -0.05511,  0.02377,  0.09222,  0.40601,  0.7473,  0.81674,  0.43465
18985, 6762, -0.05826,  0.01608,  0.08923,  0.51671,  0.7473,  0.89679,  0.43465
18986, 6768, -0.06297,  0.01941,  0.08647,  0.51671,  0.70419,  0.89679,  0.40491
18987, 6763, -0.05511,  0.02377,  0.09222,  0.40601,  0.7473,  0.81674,  0.43465
18988, 6768, -0.06297,  0.01941,  0.08647,  0.51671,  0.70419,  0.89679,  0.40491
18989, 6769, -0.05922,  0.02641,  0.09129,  0.40601,  0.70419,  0.81674,  0.40491
18990, 6770, -0.06385,  0.02841,  0.09148,  0.40601,  0.67022,  0.81674,  0.38148
18991, 6769, -0.05922,  0.02641,  0.09129,  0.40601,  0.70419,  0.81674,  0.40491
18992, 6768, -0.06297,  0.01941,  0.08647,  0.51671,  0.70419,  0.89679,  0.40491
18993, 6770, -0.06385,  0.02841,  0.09148,  0.40601,  0.67022,  0.81674,  0.38148
18994, 6768, -0.06297,  0.01941,  0.08647,  0.51671,  0.70419,  0.89679,  0.40491
18995, 6771, -0.0682,  0.02212,  0.08484,  0.51671,  0.67022,  0.89679,  0.38148
18996, 6771, -0.0682,  0.02212,  0.08484,  0.51671,  0.67022,  0.89679,  0.38148
18997, 6772, -0.06895,  0.02962,  0.09306,  0.40601,  0.63625,  0.81674,  0.35805
18998, 6770, -0.06385,  0.02841,  0.09148,  0.40601,  0.67022,  0.81674,  0.38148
18999, 6771, -0.0682,  0.02212,  0.08484,  0.51671,  0.67022,  0.89679,  0.38148
19000, 6773, -0.07334,  0.02342,  0.0861,  0.51671,  0.63625,  0.89679,  0.35805
19001, 6772, -0.06895,  0.02962,  0.09306,  0.40601,  0.63625,  0.81674,  0.35805
19002, 6774, -0.07382,  0.02965,  0.0964,  0.40601,  0.59246,  0.81674,  0.32784
19003, 6772, -0.06895,  0.02962,  0.09306,  0.40601,  0.63625,  0.81674,  0.35805
19004, 6773, -0.07334,  0.02342,  0.0861,  0.51671,  0.63625,  0.89679,  0.35805
19005, 6774, -0.07382,  0.02965,  0.0964,  0.40601,  0.59246,  0.81674,  0.32784
19006, 6773, -0.07334,  0.02342,  0.0861,  0.51671,  0.63625,  0.89679,  0.35805
19007, 6775, -0.0781,  0.02304,  0.09016,  0.51671,  0.59246,  0.89679,  0.32784
19008, 6776, -0.08219,  0.02068,  0.09698,  0.51671,  0.52901,  0.89679,  0.28408
19009, 6774, -0.07382,  0.02965,  0.0964,  0.40601,  0.59246,  0.81674,  0.32784
19010, 6775, -0.0781,  0.02304,  0.09016,  0.51671,  0.59246,  0.89679,  0.32784
19011, 6776, -0.08219,  0.02068,  0.09698,  0.51671,  0.52901,  0.89679,  0.28408
19012, 6777, -0.07774,  0.0281,  0.10184,  0.40601,  0.52901,  0.81674,  0.28408
19013, 6774, -0.07382,  0.02965,  0.0964,  0.40601,  0.59246,  0.81674,  0.32784
19014, 6778, -0.08463,  0.0173,  0.10517,  0.51671,  0.45691,  0.89679,  0.23434
19015, 6777, -0.07774,  0.0281,  0.10184,  0.40601,  0.52901,  0.81674,  0.28408
19016, 6776, -0.08219,  0.02068,  0.09698,  0.51671,  0.52901,  0.89679,  0.28408
19017, 6778, -0.08463,  0.0173,  0.10517,  0.51671,  0.45691,  0.89679,  0.23434
19018, 6779, -0.07987,  0.02514,  0.10892,  0.40601,  0.45691,  0.81674,  0.23434
19019, 6777, -0.07774,  0.0281,  0.10184,  0.40601,  0.52901,  0.81674,  0.28408
19020, 6780, -0.08443,  0.01384,  0.11335,  0.51671,  0.38716,  0.89679,  0.18622
19021, 6779, -0.07987,  0.02514,  0.10892,  0.40601,  0.45691,  0.81674,  0.23434
19022, 6778, -0.08463,  0.0173,  0.10517,  0.51671,  0.45691,  0.89679,  0.23434
19023, 6780, -0.08443,  0.01384,  0.11335,  0.51671,  0.38716,  0.89679,  0.18622
19024, 6781, -0.07937,  0.02091,  0.11715,  0.40601,  0.38716,  0.81674,  0.18622
19025, 6779, -0.07987,  0.02514,  0.10892,  0.40601,  0.45691,  0.81674,  0.23434
19026, 6782, -0.08244,  0.01004,  0.12126,  0.51671,  0.32392,  0.89679,  0.1426
19027, 6781, -0.07937,  0.02091,  0.11715,  0.40601,  0.38716,  0.81674,  0.18622
19028, 6780, -0.08443,  0.01384,  0.11335,  0.51671,  0.38716,  0.89679,  0.18622
19029, 6782, -0.08244,  0.01004,  0.12126,  0.51671,  0.32392,  0.89679,  0.1426
19030, 6783, -0.07745,  0.01607,  0.12529,  0.40601,  0.32392,  0.81674,  0.1426
19031, 6781, -0.07937,  0.02091,  0.11715,  0.40601,  0.38716,  0.81674,  0.18622
19032, 6784, -0.07955,  0.00563,  0.12868,  0.51671,  0.27138,  0.89679,  0.10636
19033, 6783, -0.07745,  0.01607,  0.12529,  0.40601,  0.32392,  0.81674,  0.1426
19034, 6782, -0.08244,  0.01004,  0.12126,  0.51671,  0.32392,  0.89679,  0.1426
19035, 6784, -0.07955,  0.00563,  0.12868,  0.51671,  0.27138,  0.89679,  0.10636
19036, 6785, -0.07533,  0.01128,  0.13206,  0.40601,  0.27138,  0.81674,  0.10636
19037, 6783, -0.07745,  0.01607,  0.12529,  0.40601,  0.32392,  0.81674,  0.1426
19038, 6786, -0.07604,  0.00163,  0.13478,  0.51671,  0.22903,  0.89679,  0.07715
19039, 6785, -0.07533,  0.01128,  0.13206,  0.40601,  0.27138,  0.81674,  0.10636
19040, 6784, -0.07955,  0.00563,  0.12868,  0.51671,  0.27138,  0.89679,  0.10636
19041, 6786, -0.07604,  0.00163,  0.13478,  0.51671,  0.22903,  0.89679,  0.07715
19042, 6787, -0.07295,  0.00712,  0.13714,  0.40601,  0.22903,  0.81674,  0.07715
19043, 6785, -0.07533,  0.01128,  0.13206,  0.40601,  0.27138,  0.81674,  0.10636
19044, 6787, -0.07295,  0.00712,  0.13714,  0.40601,  0.22903,  0.81674,  0.07715
19045, 6786, -0.07604,  0.00163,  0.13478,  0.51671,  0.22903,  0.89679,  0.07715
19046, 6788, -0.07223, -0.0009,  0.13876,  0.51671,  0.19637,  0.89679,  0.05462
19047, 6787, -0.07295,  0.00712,  0.13714,  0.40601,  0.22903,  0.81674,  0.07715
19048, 6788, -0.07223, -0.0009,  0.13876,  0.51671,  0.19637,  0.89679,  0.05462
19049, 6789, -0.07025,  0.00414,  0.14021,  0.40601,  0.19637,  0.81674,  0.05462
19050, 6790, -0.06738,  0.00177,  0.14227,  0.40601,  0.16856,  0.81674,  0.03543
19051, 6789, -0.07025,  0.00414,  0.14021,  0.40601,  0.19637,  0.81674,  0.05462
19052, 6788, -0.07223, -0.0009,  0.13876,  0.51671,  0.19637,  0.89679,  0.05462
19053, 6790, -0.06738,  0.00177,  0.14227,  0.40601,  0.16856,  0.81674,  0.03543
19054, 6788, -0.07223, -0.0009,  0.13876,  0.51671,  0.19637,  0.89679,  0.05462
19055, 6791, -0.06825, -0.0027,  0.14168,  0.51671,  0.16856,  0.89679,  0.03543
19056, 6792, -0.0144,  0.00049,  0.14453,  0.38478,  0.76319,  0.00927,  0.43146
19057, 6793, -0.01817, -0.00196,  0.13631,  0.38478,  0.84061,  0.00927,  0.4701
19058, 6794, -0.01556,  0.01041,  0.13786,  0.57161,  0.84061,  0.07435,  0.4701
19059, 6792, -0.0144,  0.00049,  0.14453,  0.38478,  0.76319,  0.00927,  0.43146
19060, 6794, -0.01556,  0.01041,  0.13786,  0.57161,  0.84061,  0.07435,  0.4701
19061, 6795, -0.01093,  0.01334,  0.1464,  0.57161,  0.76319,  0.07435,  0.43146
19062, 6796, -0.02368, -0.00474,  0.12838,  0.38478,  0.9162,  0.00927,  0.50782
19063, 6794, -0.01556,  0.01041,  0.13786,  0.57161,  0.84061,  0.07435,  0.4701
19064, 6793, -0.01817, -0.00196,  0.13631,  0.38478,  0.84061,  0.00927,  0.4701
19065, 6796, -0.02368, -0.00474,  0.12838,  0.38478,  0.9162,  0.00927,  0.50782
19066, 6797, -0.02309,  0.00715,  0.12931,  0.57161,  0.9162,  0.07435,  0.50782
19067, 6794, -0.01556,  0.01041,  0.13786,  0.57161,  0.84061,  0.07435,  0.4701
19068, 6795, -0.01093,  0.01334,  0.1464,  0.57161,  0.76319,  0.07435,  0.43146
19069, 6798, -0.01409,  0.00226,  0.15335,  0.38478,  0.68212,  0.00927,  0.391
19070, 6792, -0.0144,  0.00049,  0.14453,  0.38478,  0.76319,  0.00927,  0.43146
19071, 6795, -0.01093,  0.01334,  0.1464,  0.57161,  0.76319,  0.07435,  0.43146
19072, 6799, -0.01211,  0.01561,  0.15491,  0.57161,  0.68212,  0.07435,  0.391
19073, 6798, -0.01409,  0.00226,  0.15335,  0.38478,  0.68212,  0.00927,  0.391
19074, 6800, -0.01724,  0.00315,  0.16111,  0.38478,  0.59922,  0.00927,  0.34963
19075, 6798, -0.01409,  0.00226,  0.15335,  0.38478,  0.68212,  0.00927,  0.391
19076, 6799, -0.01211,  0.01561,  0.15491,  0.57161,  0.68212,  0.07435,  0.391
19077, 6800, -0.01724,  0.00315,  0.16111,  0.38478,  0.59922,  0.00927,  0.34963
19078, 6799, -0.01211,  0.01561,  0.15491,  0.57161,  0.68212,  0.07435,  0.391
19079, 6801, -0.01727,  0.01695,  0.16212,  0.57161,  0.59922,  0.07435,  0.34963
19080, 6801, -0.01727,  0.01695,  0.16212,  0.57161,  0.59922,  0.07435,  0.34963
19081, 6802, -0.02389,  0.00297,  0.16619,  0.38478,  0.51634,  0.00927,  0.30827
19082, 6800, -0.01724,  0.00315,  0.16111,  0.38478,  0.59922,  0.00927,  0.34963
19083, 6801, -0.01727,  0.01695,  0.16212,  0.57161,  0.59922,  0.07435,  0.34963
19084, 6803, -0.02464,  0.01705,  0.16677,  0.57161,  0.51634,  0.07435,  0.30827
19085, 6802, -0.02389,  0.00297,  0.16619,  0.38478,  0.51634,  0.00927,  0.30827
19086, 6804, -0.03253,  0.00217,  0.16873,  0.38478,  0.43911,  0.00927,  0.26712
19087, 6802, -0.02389,  0.00297,  0.16619,  0.38478,  0.51634,  0.00927,  0.30827
19088, 6803, -0.02464,  0.01705,  0.16677,  0.57161,  0.51634,  0.07435,  0.30827
19089, 6804, -0.03253,  0.00217,  0.16873,  0.38478,  0.43911,  0.00927,  0.26712
19090, 6803, -0.02464,  0.01705,  0.16677,  0.57161,  0.51634,  0.07435,  0.30827
19091, 6805, -0.03335,  0.01613,  0.16893,  0.57161,  0.43911,  0.07435,  0.26712
19092, 6805, -0.03335,  0.01613,  0.16893,  0.57161,  0.43911,  0.07435,  0.26712
19093, 6806, -0.04165,  0.00122,  0.16888,  0.38478,  0.37319,  0.00927,  0.2264
19094, 6804, -0.03253,  0.00217,  0.16873,  0.38478,  0.43911,  0.00927,  0.26712
19095, 6805, -0.03335,  0.01613,  0.16893,  0.57161,  0.43911,  0.07435,  0.26712
19096, 6807, -0.04254,  0.01444,  0.16866,  0.57161,  0.37319,  0.07435,  0.2264
19097, 6806, -0.04165,  0.00122,  0.16888,  0.38478,  0.37319,  0.00927,  0.2264
19098, 6808, -0.05046,  0.01228,  0.16634,  0.57161,  0.31356,  0.07435,  0.18708
19099, 6806, -0.04165,  0.00122,  0.16888,  0.38478,  0.37319,  0.00927,  0.2264
19100, 6807, -0.04254,  0.01444,  0.16866,  0.57161,  0.37319,  0.07435,  0.2264
19101, 6808, -0.05046,  0.01228,  0.16634,  0.57161,  0.31356,  0.07435,  0.18708
19102, 6809, -0.04966,  0.00053,  0.16666,  0.38478,  0.31356,  0.00927,  0.18708
19103, 6806, -0.04165,  0.00122,  0.16888,  0.38478,  0.37319,  0.00927,  0.2264
19104, 6810, -0.05536,  0.01,  0.16234,  0.57161,  0.25518,  0.07435,  0.15012
19105, 6809, -0.04966,  0.00053,  0.16666,  0.38478,  0.31356,  0.00927,  0.18708
19106, 6808, -0.05046,  0.01228,  0.16634,  0.57161,  0.31356,  0.07435,  0.18708
19107, 6810, -0.05536,  0.01,  0.16234,  0.57161,  0.25518,  0.07435,  0.15012
19108, 6811, -0.05496,  0.00051,  0.1621,  0.38478,  0.25518,  0.00927,  0.15012
19109, 6809, -0.04966,  0.00053,  0.16666,  0.38478,  0.31356,  0.00927,  0.18708
19110, 6812, -0.05855,  0.00801,  0.15681,  0.57161,  0.19763,  0.07435,  0.11507
19111, 6811, -0.05496,  0.00051,  0.1621,  0.38478,  0.25518,  0.00927,  0.15012
19112, 6810, -0.05536,  0.01,  0.16234,  0.57161,  0.25518,  0.07435,  0.15012
19113, 6812, -0.05855,  0.00801,  0.15681,  0.57161,  0.19763,  0.07435,  0.11507
19114, 6813, -0.05865,  0.00086,  0.15607,  0.38478,  0.19763,  0.00927,  0.11507
19115, 6811, -0.05496,  0.00051,  0.1621,  0.38478,  0.25518,  0.00927,  0.15012
19116, 6813, -0.05865,  0.00086,  0.15607,  0.38478,  0.19763,  0.00927,  0.11507
19117, 6812, -0.05855,  0.00801,  0.15681,  0.57161,  0.19763,  0.07435,  0.11507
19118, 6814, -0.0613,  0.00675,  0.14991,  0.57161,  0.14045,  0.07435,  0.08144
19119, 6813, -0.05865,  0.00086,  0.15607,  0.38478,  0.19763,  0.00927,  0.11507
19120, 6814, -0.0613,  0.00675,  0.14991,  0.57161,  0.14045,  0.07435,  0.08144
19121, 6815, -0.06186,  0.00129,  0.14944,  0.38478,  0.14045,  0.00927,  0.08144
19122, 6816, -0.06481,  0.00175,  0.14252,  0.38478,  0.08345,  0.00927,  0.04853
19123, 6815, -0.06186,  0.00129,  0.14944,  0.38478,  0.14045,  0.00927,  0.08144
19124, 6814, -0.0613,  0.00675,  0.14991,  0.57161,  0.14045,  0.07435,  0.08144
19125, 6816, -0.06481,  0.00175,  0.14252,  0.38478,  0.08345,  0.00927,  0.04853
19126, 6814, -0.0613,  0.00675,  0.14991,  0.57161,  0.14045,  0.07435,  0.08144
19127, 6817, -0.06385,  0.00585,  0.14232,  0.57161,  0.08345,  0.07435,  0.04853
19128, 6818, -0.05107, -0.00933,  0.09205,  0.53109,  0.94057,  0.05742,  0.03441
19129, 6819, -0.05097, -0.01291,  0.0933,  0.44268,  0.94057,  0.01109,  0.03441
19130, 6820, -0.05495, -0.01787,  0.09031,  0.44268,  0.88774,  0.01109,  0.07079
19131, 6818, -0.05107, -0.00933,  0.09205,  0.53109,  0.94057,  0.05742,  0.03441
19132, 6820, -0.05495, -0.01787,  0.09031,  0.44268,  0.88774,  0.01109,  0.07079
19133, 6821, -0.0555, -0.01357,  0.08803,  0.53109,  0.88774,  0.05742,  0.07079
19134, 6821, -0.0555, -0.01357,  0.08803,  0.53109,  0.88774,  0.05742,  0.07079
19135, 6820, -0.05495, -0.01787,  0.09031,  0.44268,  0.88774,  0.01109,  0.07079
19136, 6822, -0.05911, -0.02241,  0.08789,  0.44268,  0.83829,  0.01109,  0.10639
19137, 6821, -0.0555, -0.01357,  0.08803,  0.53109,  0.88774,  0.05742,  0.07079
19138, 6822, -0.05911, -0.02241,  0.08789,  0.44268,  0.83829,  0.01109,  0.10639
19139, 6823, -0.06014, -0.01742,  0.08484,  0.53109,  0.83829,  0.05742,  0.10639
19140, 6823, -0.06014, -0.01742,  0.08484,  0.53109,  0.83829,  0.05742,  0.10639
19141, 6822, -0.05911, -0.02241,  0.08789,  0.44268,  0.83829,  0.01109,  0.10639
19142, 6824, -0.06355, -0.0261,  0.08657,  0.44268,  0.79561,  0.01109,  0.14039
19143, 6823, -0.06014, -0.01742,  0.08484,  0.53109,  0.83829,  0.05742,  0.10639
19144, 6824, -0.06355, -0.0261,  0.08657,  0.44268,  0.79561,  0.01109,  0.14039
19145, 6825, -0.06509, -0.02045,  0.08327,  0.53109,  0.79561,  0.05742,  0.14039
19146, 6825, -0.06509, -0.02045,  0.08327,  0.53109,  0.79561,  0.05742,  0.14039
19147, 6824, -0.06355, -0.0261,  0.08657,  0.44268,  0.79561,  0.01109,  0.14039
19148, 6826, -0.06837, -0.02864,  0.08642,  0.44268,  0.75405,  0.01109,  0.17498
19149, 6825, -0.06509, -0.02045,  0.08327,  0.53109,  0.79561,  0.05742,  0.14039
19150, 6826, -0.06837, -0.02864,  0.08642,  0.44268,  0.75405,  0.01109,  0.17498
19151, 6827, -0.07035, -0.02254,  0.08315,  0.53109,  0.75405,  0.05742,  0.17498
19152, 6827, -0.07035, -0.02254,  0.08315,  0.53109,  0.75405,  0.05742,  0.17498
19153, 6826, -0.06837, -0.02864,  0.08642,  0.44268,  0.75405,  0.01109,  0.17498
19154, 6828, -0.0736, -0.02971,  0.0875,  0.44268,  0.70797,  0.01109,  0.21233
19155, 6827, -0.07035, -0.02254,  0.08315,  0.53109,  0.75405,  0.05742,  0.17498
19156, 6828, -0.0736, -0.02971,  0.0875,  0.44268,  0.70797,  0.01109,  0.21233
19157, 6829, -0.07591, -0.02355,  0.08431,  0.53109,  0.70797,  0.05742,  0.21233
19158, 6829, -0.07591, -0.02355,  0.08431,  0.53109,  0.70797,  0.05742,  0.21233
19159, 6828, -0.0736, -0.02971,  0.0875,  0.44268,  0.70797,  0.01109,  0.21233
19160, 6830, -0.07804, -0.02916,  0.09029,  0.44268,  0.65473,  0.01109,  0.25301
19161, 6829, -0.07591, -0.02355,  0.08431,  0.53109,  0.70797,  0.05742,  0.21233
19162, 6830, -0.07804, -0.02916,  0.09029,  0.44268,  0.65473,  0.01109,  0.25301
19163, 6831, -0.08076, -0.02323,  0.08728,  0.53109,  0.65473,  0.05742,  0.25301
19164, 6831, -0.08076, -0.02323,  0.08728,  0.53109,  0.65473,  0.05742,  0.25301
19165, 6830, -0.07804, -0.02916,  0.09029,  0.44268,  0.65473,  0.01109,  0.25301
19166, 6832, -0.08049, -0.02683,  0.09527,  0.44268,  0.59168,  0.01109,  0.29763
19167, 6831, -0.08076, -0.02323,  0.08728,  0.53109,  0.65473,  0.05742,  0.25301
19168, 6832, -0.08049, -0.02683,  0.09527,  0.44268,  0.59168,  0.01109,  0.29763
19169, 6833, -0.08394, -0.0213,  0.09259,  0.53109,  0.59168,  0.05742,  0.29763
19170, 6833, -0.08394, -0.0213,  0.09259,  0.53109,  0.59168,  0.05742,  0.29763
19171, 6832, -0.08049, -0.02683,  0.09527,  0.44268,  0.59168,  0.01109,  0.29763
19172, 6834, -0.08092, -0.02349,  0.102,  0.44268,  0.52123,  0.01109,  0.34443
19173, 6833, -0.08394, -0.0213,  0.09259,  0.53109,  0.59168,  0.05742,  0.29763
19174, 6834, -0.08092, -0.02349,  0.102,  0.44268,  0.52123,  0.01109,  0.34443
19175, 6835, -0.08485, -0.01853,  0.09975,  0.53109,  0.52123,  0.05742,  0.34443
19176, 6835, -0.08485, -0.01853,  0.09975,  0.53109,  0.52123,  0.05742,  0.34443
19177, 6834, -0.08092, -0.02349,  0.102,  0.44268,  0.52123,  0.01109,  0.34443
19178, 6836, -0.07928, -0.01988,  0.11004,  0.44268,  0.44577,  0.01109,  0.39168
19179, 6835, -0.08485, -0.01853,  0.09975,  0.53109,  0.52123,  0.05742,  0.34443
19180, 6836, -0.07928, -0.01988,  0.11004,  0.44268,  0.44577,  0.01109,  0.39168
19181, 6837, -0.0829, -0.01565,  0.10824,  0.53109,  0.44577,  0.05742,  0.39168
19182, 6837, -0.0829, -0.01565,  0.10824,  0.53109,  0.44577,  0.05742,  0.39168
19183, 6836, -0.07928, -0.01988,  0.11004,  0.44268,  0.44577,  0.01109,  0.39168
19184, 6838, -0.07679, -0.01593,  0.11887,  0.44268,  0.37146,  0.01109,  0.43693
19185, 6837, -0.0829, -0.01565,  0.10824,  0.53109,  0.44577,  0.05742,  0.39168
19186, 6838, -0.07679, -0.01593,  0.11887,  0.44268,  0.37146,  0.01109,  0.43693
19187, 6839, -0.07959, -0.01238,  0.11745,  0.53109,  0.37146,  0.05742,  0.43693
19188, 6839, -0.07959, -0.01238,  0.11745,  0.53109,  0.37146,  0.05742,  0.43693
19189, 6838, -0.07679, -0.01593,  0.11887,  0.44268,  0.37146,  0.01109,  0.43693
19190, 6840, -0.07463, -0.01156,  0.12796,  0.44268,  0.30442,  0.01109,  0.47776
19191, 6839, -0.07959, -0.01238,  0.11745,  0.53109,  0.37146,  0.05742,  0.43693
19192, 6840, -0.07463, -0.01156,  0.12796,  0.44268,  0.30442,  0.01109,  0.47776
19193, 6841, -0.07644, -0.00842,  0.12677,  0.53109,  0.30442,  0.05742,  0.47776
19194, 6841, -0.07644, -0.00842,  0.12677,  0.53109,  0.30442,  0.05742,  0.47776
19195, 6840, -0.07463, -0.01156,  0.12796,  0.44268,  0.30442,  0.01109,  0.47776
19196, 6842, -0.07199, -0.00734,  0.13583,  0.44268,  0.24323,  0.01109,  0.51502
19197, 6841, -0.07644, -0.00842,  0.12677,  0.53109,  0.30442,  0.05742,  0.47776
19198, 6842, -0.07199, -0.00734,  0.13583,  0.44268,  0.24323,  0.01109,  0.51502
19199, 6843, -0.07298, -0.00438,  0.13474,  0.53109,  0.24323,  0.05742,  0.51502
19200, 6843, -0.07298, -0.00438,  0.13474,  0.53109,  0.24323,  0.05742,  0.51502
19201, 6842, -0.07199, -0.00734,  0.13583,  0.44268,  0.24323,  0.01109,  0.51502
19202, 6844, -0.06802, -0.00381,  0.14097,  0.44268,  0.18647,  0.01109,  0.54958
19203, 6843, -0.07298, -0.00438,  0.13474,  0.53109,  0.24323,  0.05742,  0.51502
19204, 6844, -0.06802, -0.00381,  0.14097,  0.44268,  0.18647,  0.01109,  0.54958
19205, 6845, -0.06872, -0.00086,  0.13993,  0.53109,  0.18647,  0.05742,  0.54958
19206, 6845, -0.06872, -0.00086,  0.13993,  0.53109,  0.18647,  0.05742,  0.54958
19207, 6844, -0.06802, -0.00381,  0.14097,  0.44268,  0.18647,  0.01109,  0.54958
19208, 6846, -0.06339, -0.00063,  0.14477,  0.44268,  0.13193,  0.01109,  0.5828
19209, 6845, -0.06872, -0.00086,  0.13993,  0.53109,  0.18647,  0.05742,  0.54958
19210, 6846, -0.06339, -0.00063,  0.14477,  0.44268,  0.13193,  0.01109,  0.5828
19211, 6847, -0.06406,  0.0024,  0.14372,  0.53109,  0.13193,  0.05742,  0.5828
19212, 6848, -0.05446, -0.03595,  0.09971,  0.53437,  0.80655,  0.90829,  0.44767
19213, 6849, -0.04967, -0.02677,  0.09921,  0.53437,  0.87063,  0.90829,  0.48957
19214, 6850, -0.04419, -0.03029,  0.10712,  0.41813,  0.87063,  0.98213,  0.48957
19215, 6848, -0.05446, -0.03595,  0.09971,  0.53437,  0.80655,  0.90829,  0.44767
19216, 6850, -0.04419, -0.03029,  0.10712,  0.41813,  0.87063,  0.98213,  0.48957
19217, 6851, -0.04862, -0.03732,  0.10854,  0.41813,  0.80655,  0.98213,  0.44767
19218, 6852, -0.04567, -0.01569,  0.0992,  0.53437,  0.93512,  0.90829,  0.53174
19219, 6850, -0.04419, -0.03029,  0.10712,  0.41813,  0.87063,  0.98213,  0.48957
19220, 6849, -0.04967, -0.02677,  0.09921,  0.53437,  0.87063,  0.90829,  0.48957
19221, 6852, -0.04567, -0.01569,  0.0992,  0.53437,  0.93512,  0.90829,  0.53174
19222, 6853, -0.04028, -0.02288,  0.1059,  0.41813,  0.93512,  0.98213,  0.53174
19223, 6850, -0.04419, -0.03029,  0.10712,  0.41813,  0.87063,  0.98213,  0.48957
19224, 6851, -0.04862, -0.03732,  0.10854,  0.41813,  0.80655,  0.98213,  0.44767
19225, 6854, -0.06093, -0.04131,  0.10129,  0.53437,  0.74327,  0.90829,  0.40629
19226, 6848, -0.05446, -0.03595,  0.09971,  0.53437,  0.80655,  0.90829,  0.44767
19227, 6851, -0.04862, -0.03732,  0.10854,  0.41813,  0.80655,  0.98213,  0.44767
19228, 6855, -0.05414, -0.04355,  0.11042,  0.41813,  0.74327,  0.98213,  0.40629
19229, 6854, -0.06093, -0.04131,  0.10129,  0.53437,  0.74327,  0.90829,  0.40629
19230, 6856, -0.06747, -0.04355,  0.10411,  0.53437,  0.67902,  0.90829,  0.36428
19231, 6854, -0.06093, -0.04131,  0.10129,  0.53437,  0.74327,  0.90829,  0.40629
19232, 6855, -0.05414, -0.04355,  0.11042,  0.41813,  0.74327,  0.98213,  0.40629
19233, 6856, -0.06747, -0.04355,  0.10411,  0.53437,  0.67902,  0.90829,  0.36428
19234, 6855, -0.05414, -0.04355,  0.11042,  0.41813,  0.74327,  0.98213,  0.40629
19235, 6857, -0.05982, -0.04761,  0.11307,  0.41813,  0.67902,  0.98213,  0.36428
19236, 6857, -0.05982, -0.04761,  0.11307,  0.41813,  0.67902,  0.98213,  0.36428
19237, 6858, -0.07254, -0.04337,  0.10837,  0.53437,  0.61203,  0.90829,  0.32047
19238, 6856, -0.06747, -0.04355,  0.10411,  0.53437,  0.67902,  0.90829,  0.36428
19239, 6857, -0.05982, -0.04761,  0.11307,  0.41813,  0.67902,  0.98213,  0.36428
19240, 6859, -0.06477, -0.0481,  0.11681,  0.41813,  0.61203,  0.98213,  0.32047
19241, 6858, -0.07254, -0.04337,  0.10837,  0.53437,  0.61203,  0.90829,  0.32047
19242, 6860, -0.07626, -0.04052,  0.11376,  0.53437,  0.54473,  0.90829,  0.27646
19243, 6858, -0.07254, -0.04337,  0.10837,  0.53437,  0.61203,  0.90829,  0.32047
19244, 6859, -0.06477, -0.0481,  0.11681,  0.41813,  0.61203,  0.98213,  0.32047
19245, 6860, -0.07626, -0.04052,  0.11376,  0.53437,  0.54473,  0.90829,  0.27646
19246, 6859, -0.06477, -0.0481,  0.11681,  0.41813,  0.61203,  0.98213,  0.32047
19247, 6861, -0.06868, -0.04519,  0.12168,  0.41813,  0.54473,  0.98213,  0.27646
19248, 6861, -0.06868, -0.04519,  0.12168,  0.41813,  0.54473,  0.98213,  0.27646
19249, 6862, -0.07877, -0.03474,  0.11999,  0.53437,  0.47957,  0.90829,  0.23385
19250, 6860, -0.07626, -0.04052,  0.11376,  0.53437,  0.54473,  0.90829,  0.27646
19251, 6861, -0.06868, -0.04519,  0.12168,  0.41813,  0.54473,  0.98213,  0.27646
19252, 6863, -0.07125, -0.03906,  0.12771,  0.41813,  0.47957,  0.98213,  0.23385
19253, 6862, -0.07877, -0.03474,  0.11999,  0.53437,  0.47957,  0.90829,  0.23385
19254, 6864, -0.08028, -0.02717,  0.12655,  0.53437,  0.41612,  0.90829,  0.19236
19255, 6862, -0.07877, -0.03474,  0.11999,  0.53437,  0.47957,  0.90829,  0.23385
19256, 6863, -0.07125, -0.03906,  0.12771,  0.41813,  0.47957,  0.98213,  0.23385
19257, 6864, -0.08028, -0.02717,  0.12655,  0.53437,  0.41612,  0.90829,  0.19236
19258, 6863, -0.07125, -0.03906,  0.12771,  0.41813,  0.47957,  0.98213,  0.23385
19259, 6865, -0.07292, -0.03101,  0.13411,  0.41813,  0.41612,  0.98213,  0.19236
19260, 6865, -0.07292, -0.03101,  0.13411,  0.41813,  0.41612,  0.98213,  0.19236
19261, 6866, -0.08102, -0.01891,  0.13292,  0.53437,  0.35399,  0.90829,  0.15173
19262, 6864, -0.08028, -0.02717,  0.12655,  0.53437,  0.41612,  0.90829,  0.19236
19263, 6865, -0.07292, -0.03101,  0.13411,  0.41813,  0.41612,  0.98213,  0.19236
19264, 6867, -0.07414, -0.02232,  0.14006,  0.41813,  0.35399,  0.98213,  0.15173
19265, 6866, -0.08102, -0.01891,  0.13292,  0.53437,  0.35399,  0.90829,  0.15173
19266, 6868, -0.07974, -0.01091,  0.13807,  0.53437,  0.28987,  0.90829,  0.11181
19267, 6866, -0.08102, -0.01891,  0.13292,  0.53437,  0.35399,  0.90829,  0.15173
19268, 6867, -0.07414, -0.02232,  0.14006,  0.41813,  0.35399,  0.98213,  0.15173
19269, 6868, -0.07974, -0.01091,  0.13807,  0.53437,  0.28987,  0.90829,  0.11181
19270, 6867, -0.07414, -0.02232,  0.14006,  0.41813,  0.35399,  0.98213,  0.15173
19271, 6869, -0.07367, -0.01396,  0.1445,  0.41813,  0.28987,  0.98213,  0.11181
19272, 6869, -0.07367, -0.01396,  0.1445,  0.41813,  0.28987,  0.98213,  0.11181
19273, 6870, -0.07518, -0.00412,  0.14093,  0.53437,  0.22044,  0.90829,  0.07245
19274, 6868, -0.07974, -0.01091,  0.13807,  0.53437,  0.28987,  0.90829,  0.11181
19275, 6869, -0.07367, -0.01396,  0.1445,  0.41813,  0.28987,  0.98213,  0.11181
19276, 6871, -0.07025, -0.00687,  0.14636,  0.41813,  0.22044,  0.98213,  0.07245
19277, 6870, -0.07518, -0.00412,  0.14093,  0.53437,  0.22044,  0.90829,  0.07245
19278, 6872, -0.06898,  0.00207,  0.14265,  0.53437,  0.14836,  0.90829,  0.03336
19279, 6870, -0.07518, -0.00412,  0.14093,  0.53437,  0.22044,  0.90829,  0.07245
19280, 6871, -0.07025, -0.00687,  0.14636,  0.41813,  0.22044,  0.98213,  0.07245
19281, 6872, -0.06898,  0.00207,  0.14265,  0.53437,  0.14836,  0.90829,  0.03336
19282, 6871, -0.07025, -0.00687,  0.14636,  0.41813,  0.22044,  0.98213,  0.07245
19283, 6873, -0.06537, -0.00043,  0.14693,  0.41813,  0.14836,  0.98213,  0.03336
19284, 6874, -0.02901,  0.04449,  0.12454,  0.50531,  0.76672,  0.66318,  0.47682
19285, 6875, -0.02771,  0.03434,  0.12132,  0.50531,  0.8365,  0.66318,  0.5151
19286, 6876, -0.04005,  0.03654,  0.10898,  0.67514,  0.8365,  0.76896,  0.5151
19287, 6874, -0.02901,  0.04449,  0.12454,  0.50531,  0.76672,  0.66318,  0.47682
19288, 6876, -0.04005,  0.03654,  0.10898,  0.67514,  0.8365,  0.76896,  0.5151
19289, 6877, -0.04138,  0.04396,  0.11154,  0.67514,  0.76672,  0.76896,  0.47682
19290, 6878, -0.0279,  0.02295,  0.11862,  0.50531,  0.9129,  0.66318,  0.55702
19291, 6876, -0.04005,  0.03654,  0.10898,  0.67514,  0.8365,  0.76896,  0.5151
19292, 6875, -0.02771,  0.03434,  0.12132,  0.50531,  0.8365,  0.66318,  0.5151
19293, 6878, -0.0279,  0.02295,  0.11862,  0.50531,  0.9129,  0.66318,  0.55702
19294, 6879, -0.03995,  0.02841,  0.1073,  0.67514,  0.9129,  0.76896,  0.55702
19295, 6876, -0.04005,  0.03654,  0.10898,  0.67514,  0.8365,  0.76896,  0.5151
19296, 6877, -0.04138,  0.04396,  0.11154,  0.67514,  0.76672,  0.76896,  0.47682
19297, 6880, -0.0333,  0.05216,  0.12877,  0.50531,  0.71017,  0.66318,  0.44579
19298, 6874, -0.02901,  0.04449,  0.12454,  0.50531,  0.76672,  0.66318,  0.47682
19299, 6877, -0.04138,  0.04396,  0.11154,  0.67514,  0.76672,  0.76896,  0.47682
19300, 6881, -0.04514,  0.04994,  0.11586,  0.67514,  0.71017,  0.76896,  0.44579
19301, 6880, -0.0333,  0.05216,  0.12877,  0.50531,  0.71017,  0.66318,  0.44579
19302, 6882, -0.03932,  0.05648,  0.13368,  0.50531,  0.659,  0.66318,  0.41771
19303, 6880, -0.0333,  0.05216,  0.12877,  0.50531,  0.71017,  0.66318,  0.44579
19304, 6881, -0.04514,  0.04994,  0.11586,  0.67514,  0.71017,  0.76896,  0.44579
19305, 6882, -0.03932,  0.05648,  0.13368,  0.50531,  0.659,  0.66318,  0.41771
19306, 6881, -0.04514,  0.04994,  0.11586,  0.67514,  0.71017,  0.76896,  0.44579
19307, 6883, -0.05042,  0.05371,  0.12101,  0.67514,  0.659,  0.76896,  0.41771
19308, 6883, -0.05042,  0.05371,  0.12101,  0.67514,  0.659,  0.76896,  0.41771
19309, 6884, -0.04582,  0.05658,  0.1389,  0.50531,  0.60536,  0.66318,  0.38828
19310, 6882, -0.03932,  0.05648,  0.13368,  0.50531,  0.659,  0.66318,  0.41771
19311, 6883, -0.05042,  0.05371,  0.12101,  0.67514,  0.659,  0.76896,  0.41771
19312, 6885, -0.05629,  0.05448,  0.12608,  0.67514,  0.60536,  0.76896,  0.38828
19313, 6884, -0.04582,  0.05658,  0.1389,  0.50531,  0.60536,  0.66318,  0.38828
19314, 6886, -0.05247,  0.0526,  0.14386,  0.50531,  0.55013,  0.66318,  0.35798
19315, 6884, -0.04582,  0.05658,  0.1389,  0.50531,  0.60536,  0.66318,  0.38828
19316, 6885, -0.05629,  0.05448,  0.12608,  0.67514,  0.60536,  0.76896,  0.38828
19317, 6886, -0.05247,  0.0526,  0.14386,  0.50531,  0.55013,  0.66318,  0.35798
19318, 6885, -0.05629,  0.05448,  0.12608,  0.67514,  0.60536,  0.76896,  0.38828
19319, 6887, -0.06192,  0.0519,  0.13068,  0.67514,  0.55013,  0.76896,  0.35798
19320, 6887, -0.06192,  0.0519,  0.13068,  0.67514,  0.55013,  0.76896,  0.35798
19321, 6888, -0.05896,  0.04468,  0.148,  0.50531,  0.49419,  0.66318,  0.32729
19322, 6886, -0.05247,  0.0526,  0.14386,  0.50531,  0.55013,  0.66318,  0.35798
19323, 6887, -0.06192,  0.0519,  0.13068,  0.67514,  0.55013,  0.76896,  0.35798
19324, 6889, -0.06647,  0.04564,  0.1344,  0.67514,  0.49419,  0.76896,  0.32729
19325, 6888, -0.05896,  0.04468,  0.148,  0.50531,  0.49419,  0.66318,  0.32729
19326, 6890, -0.06455,  0.03488,  0.15111,  0.50531,  0.44249,  0.66318,  0.29892
19327, 6888, -0.05896,  0.04468,  0.148,  0.50531,  0.49419,  0.66318,  0.32729
19328, 6889, -0.06647,  0.04564,  0.1344,  0.67514,  0.49419,  0.76896,  0.32729
19329, 6890, -0.06455,  0.03488,  0.15111,  0.50531,  0.44249,  0.66318,  0.29892
19330, 6889, -0.06647,  0.04564,  0.1344,  0.67514,  0.49419,  0.76896,  0.32729
19331, 6891, -0.07,  0.03709,  0.13752,  0.67514,  0.44249,  0.76896,  0.29892
19332, 6891, -0.07,  0.03709,  0.13752,  0.67514,  0.44249,  0.76896,  0.29892
19333, 6892, -0.06849,  0.02525,  0.15303,  0.50531,  0.39998,  0.66318,  0.2756
19334, 6890, -0.06455,  0.03488,  0.15111,  0.50531,  0.44249,  0.66318,  0.29892
19335, 6891, -0.07,  0.03709,  0.13752,  0.67514,  0.44249,  0.76896,  0.29892
19336, 6893, -0.07257,  0.02763,  0.1403,  0.67514,  0.39998,  0.76896,  0.2756
19337, 6892, -0.06849,  0.02525,  0.15303,  0.50531,  0.39998,  0.66318,  0.2756
19338, 6894, -0.07043,  0.016,  0.1528,  0.50531,  0.34146,  0.66318,  0.23314
19339, 6892, -0.06849,  0.02525,  0.15303,  0.50531,  0.39998,  0.66318,  0.2756
19340, 6893, -0.07257,  0.02763,  0.1403,  0.67514,  0.39998,  0.76896,  0.2756
19341, 6894, -0.07043,  0.016,  0.1528,  0.50531,  0.34146,  0.66318,  0.23314
19342, 6893, -0.07257,  0.02763,  0.1403,  0.67514,  0.39998,  0.76896,  0.2756
19343, 6895, -0.07384,  0.01802,  0.14153,  0.67514,  0.34146,  0.76896,  0.23314
19344, 6895, -0.07384,  0.01802,  0.14153,  0.67514,  0.34146,  0.76896,  0.23314
19345, 6896, -0.07003,  0.00737,  0.14948,  0.50531,  0.24171,  0.66318,  0.14735
19346, 6894, -0.07043,  0.016,  0.1528,  0.50531,  0.34146,  0.66318,  0.23314
19347, 6895, -0.07384,  0.01802,  0.14153,  0.67514,  0.34146,  0.76896,  0.23314
19348, 6897, -0.07347,  0.009,  0.14001,  0.67514,  0.24171,  0.76896,  0.14735
19349, 6896, -0.07003,  0.00737,  0.14948,  0.50531,  0.24171,  0.66318,  0.14735
19350, 6898, -0.06845, -0.00096,  0.14461,  0.50531,  0.12135,  0.66318,  0.03991
19351, 6896, -0.07003,  0.00737,  0.14948,  0.50531,  0.24171,  0.66318,  0.14735
19352, 6897, -0.07347,  0.009,  0.14001,  0.67514,  0.24171,  0.76896,  0.14735
19353, 6898, -0.06845, -0.00096,  0.14461,  0.50531,  0.12135,  0.66318,  0.03991
19354, 6897, -0.07347,  0.009,  0.14001,  0.67514,  0.24171,  0.76896,  0.14735
19355, 6899, -0.0723,  0.00027,  0.13712,  0.67514,  0.12135,  0.76896,  0.03991
19356, 6900, -0.06158,  0.0103,  0.08034,  0.59553,  0.22725,  0.43052,  0.52395
19357, 6901, -0.05902,  0.00719,  0.08241,  0.59553,  0.18285,  0.43052,  0.54789
19358, 6902, -0.06416,  0.00174,  0.0805,  0.49425,  0.18285,  0.36711,  0.54789
19359, 6900, -0.06158,  0.0103,  0.08034,  0.59553,  0.22725,  0.43052,  0.52395
19360, 6902, -0.06416,  0.00174,  0.0805,  0.49425,  0.18285,  0.36711,  0.54789
19361, 6903, -0.06663,  0.00428,  0.07896,  0.49425,  0.22725,  0.36711,  0.52395
19362, 6904, -0.05655,  0.00401,  0.08472,  0.59553,  0.13841,  0.43052,  0.57131
19363, 6902, -0.06416,  0.00174,  0.0805,  0.49425,  0.18285,  0.36711,  0.54789
19364, 6901, -0.05902,  0.00719,  0.08241,  0.59553,  0.18285,  0.43052,  0.54789
19365, 6904, -0.05655,  0.00401,  0.08472,  0.59553,  0.13841,  0.43052,  0.57131
19366, 6905, -0.06167, -0.00088,  0.0823,  0.49425,  0.13841,  0.36711,  0.57131
19367, 6902, -0.06416,  0.00174,  0.0805,  0.49425,  0.18285,  0.36711,  0.54789
19368, 6903, -0.06663,  0.00428,  0.07896,  0.49425,  0.22725,  0.36711,  0.52395
19369, 6906, -0.06434,  0.01328,  0.07877,  0.59553,  0.27157,  0.43052,  0.49899
19370, 6900, -0.06158,  0.0103,  0.08034,  0.59553,  0.22725,  0.43052,  0.52395
19371, 6903, -0.06663,  0.00428,  0.07896,  0.49425,  0.22725,  0.36711,  0.52395
19372, 6907, -0.06908,  0.00662,  0.07793,  0.49425,  0.27157,  0.36711,  0.49899
19373, 6906, -0.06434,  0.01328,  0.07877,  0.59553,  0.27157,  0.43052,  0.49899
19374, 6908, -0.07173,  0.00879,  0.07783,  0.49425,  0.31544,  0.36711,  0.47376
19375, 6906, -0.06434,  0.01328,  0.07877,  0.59553,  0.27157,  0.43052,  0.49899
19376, 6907, -0.06908,  0.00662,  0.07793,  0.49425,  0.27157,  0.36711,  0.49899
19377, 6908, -0.07173,  0.00879,  0.07783,  0.49425,  0.31544,  0.36711,  0.47376
19378, 6909, -0.0677,  0.01625,  0.07831,  0.59553,  0.31544,  0.43052,  0.47376
19379, 6906, -0.06434,  0.01328,  0.07877,  0.59553,  0.27157,  0.43052,  0.49899
19380, 6909, -0.0677,  0.01625,  0.07831,  0.59553,  0.31544,  0.43052,  0.47376
19381, 6908, -0.07173,  0.00879,  0.07783,  0.49425,  0.31544,  0.36711,  0.47376
19382, 6910, -0.07483,  0.01077,  0.07911,  0.49425,  0.35848,  0.36711,  0.44901
19383, 6909, -0.0677,  0.01625,  0.07831,  0.59553,  0.31544,  0.43052,  0.47376
19384, 6910, -0.07483,  0.01077,  0.07911,  0.49425,  0.35848,  0.36711,  0.44901
19385, 6911, -0.07201,  0.01934,  0.07949,  0.59553,  0.35848,  0.43052,  0.44901
19386, 6912, -0.07644,  0.02201,  0.08193,  0.59553,  0.40112,  0.43052,  0.42449
19387, 6911, -0.07201,  0.01934,  0.07949,  0.59553,  0.35848,  0.43052,  0.44901
19388, 6910, -0.07483,  0.01077,  0.07911,  0.49425,  0.35848,  0.36711,  0.44901
19389, 6912, -0.07644,  0.02201,  0.08193,  0.59553,  0.40112,  0.43052,  0.42449
19390, 6910, -0.07483,  0.01077,  0.07911,  0.49425,  0.35848,  0.36711,  0.44901
19391, 6913, -0.07794,  0.01228,  0.0814,  0.49425,  0.40112,  0.36711,  0.42449
19392, 6913, -0.07794,  0.01228,  0.0814,  0.49425,  0.40112,  0.36711,  0.42449
19393, 6914, -0.08006,  0.02371,  0.08509,  0.59553,  0.44375,  0.43052,  0.39997
19394, 6912, -0.07644,  0.02201,  0.08193,  0.59553,  0.40112,  0.43052,  0.42449
19395, 6913, -0.07794,  0.01228,  0.0814,  0.49425,  0.40112,  0.36711,  0.42449
19396, 6915, -0.08057,  0.01305,  0.08432,  0.49425,  0.44375,  0.36711,  0.39997
19397, 6914, -0.08006,  0.02371,  0.08509,  0.59553,  0.44375,  0.43052,  0.39997
19398, 6916, -0.08269,  0.02396,  0.08905,  0.59553,  0.48586,  0.43052,  0.37575
19399, 6914, -0.08006,  0.02371,  0.08509,  0.59553,  0.44375,  0.43052,  0.39997
19400, 6915, -0.08057,  0.01305,  0.08432,  0.49425,  0.44375,  0.36711,  0.39997
19401, 6916, -0.08269,  0.02396,  0.08905,  0.59553,  0.48586,  0.43052,  0.37575
19402, 6915, -0.08057,  0.01305,  0.08432,  0.49425,  0.44375,  0.36711,  0.39997
19403, 6917, -0.08263,  0.01286,  0.08792,  0.49425,  0.48551,  0.36711,  0.37595
19404, 6918, -0.08402,  0.01151,  0.09228,  0.49425,  0.52553,  0.36711,  0.35293
19405, 6916, -0.08269,  0.02396,  0.08905,  0.59553,  0.48586,  0.43052,  0.37575
19406, 6917, -0.08263,  0.01286,  0.08792,  0.49425,  0.48551,  0.36711,  0.37595
19407, 6918, -0.08402,  0.01151,  0.09228,  0.49425,  0.52553,  0.36711,  0.35293
19408, 6919, -0.08417,  0.02227,  0.09387,  0.59553,  0.52694,  0.43052,  0.35212
19409, 6916, -0.08269,  0.02396,  0.08905,  0.59553,  0.48586,  0.43052,  0.37575
19410, 6920, -0.08484,  0.00943,  0.09732,  0.49425,  0.56559,  0.36711,  0.32989
19411, 6919, -0.08417,  0.02227,  0.09387,  0.59553,  0.52694,  0.43052,  0.35212
19412, 6918, -0.08402,  0.01151,  0.09228,  0.49425,  0.52553,  0.36711,  0.35293
19413, 6920, -0.08484,  0.00943,  0.09732,  0.49425,  0.56559,  0.36711,  0.32989
19414, 6921, -0.08483,  0.01952,  0.09923,  0.59553,  0.56739,  0.43052,  0.32886
19415, 6919, -0.08417,  0.02227,  0.09387,  0.59553,  0.52694,  0.43052,  0.35212
19416, 6922, -0.0829,  0.00005,  0.12041,  0.49425,  0.71493,  0.36711,  0.244
19417, 6923, -0.08239,  0.00764,  0.12312,  0.59553,  0.71461,  0.43052,  0.24418
19418, 6924, -0.08404,  0.01069,  0.11675,  0.59553,  0.68049,  0.43052,  0.2638
19419, 6922, -0.0829,  0.00005,  0.12041,  0.49425,  0.71493,  0.36711,  0.244
19420, 6924, -0.08404,  0.01069,  0.11675,  0.59553,  0.68049,  0.43052,  0.2638
19421, 6925, -0.08457,  0.00227,  0.11442,  0.49425,  0.68175,  0.36711,  0.26308
19422, 6925, -0.08457,  0.00227,  0.11442,  0.49425,  0.68175,  0.36711,  0.26308
19423, 6924, -0.08404,  0.01069,  0.11675,  0.59553,  0.68049,  0.43052,  0.2638
19424, 6926, -0.08471,  0.01362,  0.11069,  0.59553,  0.64586,  0.43052,  0.28372
19425, 6925, -0.08457,  0.00227,  0.11442,  0.49425,  0.68175,  0.36711,  0.26308
19426, 6926, -0.08471,  0.01362,  0.11069,  0.59553,  0.64586,  0.43052,  0.28372
19427, 6927, -0.08515,  0.0046,  0.10884,  0.49425,  0.6474,  0.36711,  0.28284
19428, 6928, -0.07952, -0.00209,  0.12746,  0.49425,  0.75137,  0.36711,  0.22304
19429, 6923, -0.08239,  0.00764,  0.12312,  0.59553,  0.71461,  0.43052,  0.24418
19430, 6922, -0.0829,  0.00005,  0.12041,  0.49425,  0.71493,  0.36711,  0.244
19431, 6928, -0.07952, -0.00209,  0.12746,  0.49425,  0.75137,  0.36711,  0.22304
19432, 6929, -0.07919,  0.00431,  0.1299,  0.59553,  0.75137,  0.43052,  0.22304
19433, 6923, -0.08239,  0.00764,  0.12312,  0.59553,  0.71461,  0.43052,  0.24418
19434, 6930, -0.07564, -0.00383,  0.13406,  0.49425,  0.78782,  0.36711,  0.20208
19435, 6929, -0.07919,  0.00431,  0.1299,  0.59553,  0.75137,  0.43052,  0.22304
19436, 6928, -0.07952, -0.00209,  0.12746,  0.49425,  0.75137,  0.36711,  0.22304
19437, 6930, -0.07564, -0.00383,  0.13406,  0.49425,  0.78782,  0.36711,  0.20208
19438, 6931, -0.07548,  0.00144,  0.13572,  0.59553,  0.78782,  0.43052,  0.20208
19439, 6929, -0.07919,  0.00431,  0.1299,  0.59553,  0.75137,  0.43052,  0.22304
19440, 6931, -0.07548,  0.00144,  0.13572,  0.59553,  0.78782,  0.43052,  0.20208
19441, 6930, -0.07564, -0.00383,  0.13406,  0.49425,  0.78782,  0.36711,  0.20208
19442, 6932, -0.07245, -0.00486,  0.13866,  0.49425,  0.82098,  0.36711,  0.183
19443, 6931, -0.07548,  0.00144,  0.13572,  0.59553,  0.78782,  0.43052,  0.20208
19444, 6932, -0.07245, -0.00486,  0.13866,  0.49425,  0.82098,  0.36711,  0.183
19445, 6933, -0.0723, -0.00025,  0.1392,  0.59553,  0.82098,  0.43052,  0.183
19446, 6934, -0.06939, -0.0014,  0.14108,  0.59553,  0.85194,  0.43052,  0.1652
19447, 6933, -0.0723, -0.00025,  0.1392,  0.59553,  0.82098,  0.43052,  0.183
19448, 6932, -0.07245, -0.00486,  0.13866,  0.49425,  0.82098,  0.36711,  0.183
19449, 6934, -0.06939, -0.0014,  0.14108,  0.59553,  0.85194,  0.43052,  0.1652
19450, 6932, -0.07245, -0.00486,  0.13866,  0.49425,  0.82098,  0.36711,  0.183
19451, 6935, -0.06968, -0.0057,  0.14134,  0.49425,  0.85194,  0.36711,  0.1652
19452, 6935, -0.06968, -0.0057,  0.14134,  0.49425,  0.85194,  0.36711,  0.1652
19453, 6936, -0.06649, -0.00268,  0.1421,  0.59553,  0.88176,  0.43052,  0.14805
19454, 6934, -0.06939, -0.0014,  0.14108,  0.59553,  0.85194,  0.43052,  0.1652
19455, 6935, -0.06968, -0.0057,  0.14134,  0.49425,  0.85194,  0.36711,  0.1652
19456, 6937, -0.06708, -0.00686,  0.14214,  0.49425,  0.88176,  0.36711,  0.14805
19457, 6936, -0.06649, -0.00268,  0.1421,  0.59553,  0.88176,  0.43052,  0.14805
19458, 6938, -0.06455, -0.00819,  0.14202,  0.49425,  0.911,  0.36711,  0.13123
19459, 6936, -0.06649, -0.00268,  0.1421,  0.59553,  0.88176,  0.43052,  0.14805
19460, 6937, -0.06708, -0.00686,  0.14214,  0.49425,  0.88176,  0.36711,  0.14805
19461, 6938, -0.06455, -0.00819,  0.14202,  0.49425,  0.911,  0.36711,  0.13123
19462, 6939, -0.06358, -0.00402,  0.1427,  0.59553,  0.911,  0.43052,  0.13123
19463, 6936, -0.06649, -0.00268,  0.1421,  0.59553,  0.88176,  0.43052,  0.14805
19464, 6940, -0.0649, -0.02525,  0.07499,  0.63086,  0.18899,  0.54361,  0.46629
19465, 6941, -0.06361, -0.02877,  0.07674,  0.53789,  0.18899,  0.45064,  0.46629
19466, 6942, -0.06768, -0.03052,  0.07842,  0.53789,  0.24257,  0.45064,  0.43625
19467, 6940, -0.0649, -0.02525,  0.07499,  0.63086,  0.18899,  0.54361,  0.46629
19468, 6942, -0.06768, -0.03052,  0.07842,  0.53789,  0.24257,  0.45064,  0.43625
19469, 6943, -0.06994, -0.02652,  0.07611,  0.63086,  0.24257,  0.54361,  0.43625
19470, 6943, -0.06994, -0.02652,  0.07611,  0.63086,  0.24257,  0.54361,  0.43625
19471, 6942, -0.06768, -0.03052,  0.07842,  0.53789,  0.24257,  0.45064,  0.43625
19472, 6944, -0.07207, -0.03172,  0.08111,  0.53789,  0.28008,  0.45064,  0.41468
19473, 6943, -0.06994, -0.02652,  0.07611,  0.63086,  0.24257,  0.54361,  0.43625
19474, 6944, -0.07207, -0.03172,  0.08111,  0.53789,  0.28008,  0.45064,  0.41468
19475, 6945, -0.07527, -0.02716,  0.07839,  0.63086,  0.28008,  0.54361,  0.41468
19476, 6945, -0.07527, -0.02716,  0.07839,  0.63086,  0.28008,  0.54361,  0.41468
19477, 6944, -0.07207, -0.03172,  0.08111,  0.53789,  0.28008,  0.45064,  0.41468
19478, 6946, -0.07615, -0.03241,  0.08499,  0.53789,  0.31735,  0.45064,  0.39324
19479, 6945, -0.07527, -0.02716,  0.07839,  0.63086,  0.28008,  0.54361,  0.41468
19480, 6946, -0.07615, -0.03241,  0.08499,  0.53789,  0.31735,  0.45064,  0.39324
19481, 6947, -0.07972, -0.02723,  0.0821,  0.63086,  0.31735,  0.54361,  0.39324
19482, 6947, -0.07972, -0.02723,  0.0821,  0.63086,  0.31735,  0.54361,  0.39324
19483, 6946, -0.07615, -0.03241,  0.08499,  0.53789,  0.31735,  0.45064,  0.39324
19484, 6948, -0.0794, -0.03233,  0.09011,  0.53789,  0.36104,  0.45064,  0.36811
19485, 6947, -0.07972, -0.02723,  0.0821,  0.63086,  0.31735,  0.54361,  0.39324
19486, 6948, -0.0794, -0.03233,  0.09011,  0.53789,  0.36104,  0.45064,  0.36811
19487, 6949, -0.08311, -0.02659,  0.08719,  0.63086,  0.36104,  0.54361,  0.36811
19488, 6949, -0.08311, -0.02659,  0.08719,  0.63086,  0.36104,  0.54361,  0.36811
19489, 6948, -0.0794, -0.03233,  0.09011,  0.53789,  0.36104,  0.45064,  0.36811
19490, 6950, -0.0813, -0.03125,  0.09654,  0.53789,  0.41778,  0.45064,  0.33548
19491, 6949, -0.08311, -0.02659,  0.08719,  0.63086,  0.36104,  0.54361,  0.36811
19492, 6950, -0.0813, -0.03125,  0.09654,  0.53789,  0.41778,  0.45064,  0.33548
19493, 6951, -0.08532, -0.02509,  0.09366,  0.63086,  0.41778,  0.54361,  0.33548
19494, 6951, -0.08532, -0.02509,  0.09366,  0.63086,  0.41778,  0.54361,  0.33548
19495, 6950, -0.0813, -0.03125,  0.09654,  0.53789,  0.41778,  0.45064,  0.33548
19496, 6952, -0.08205, -0.02914,  0.10433,  0.53789,  0.48247,  0.45064,  0.29827
19497, 6951, -0.08532, -0.02509,  0.09366,  0.63086,  0.41778,  0.54361,  0.33548
19498, 6952, -0.08205, -0.02914,  0.10433,  0.53789,  0.48247,  0.45064,  0.29827
19499, 6953, -0.08646, -0.02282,  0.10156,  0.63086,  0.48247,  0.54361,  0.29827
19500, 6953, -0.08646, -0.02282,  0.10156,  0.63086,  0.48247,  0.54361,  0.29827
19501, 6952, -0.08205, -0.02914,  0.10433,  0.53789,  0.48247,  0.45064,  0.29827
19502, 6954, -0.08184, -0.02596,  0.11353,  0.53789,  0.55001,  0.45064,  0.25943
19503, 6953, -0.08646, -0.02282,  0.10156,  0.63086,  0.48247,  0.54361,  0.29827
19504, 6954, -0.08184, -0.02596,  0.11353,  0.53789,  0.55001,  0.45064,  0.25943
19505, 6955, -0.08665, -0.01985,  0.11097,  0.63086,  0.55001,  0.54361,  0.25943
19506, 6955, -0.08665, -0.01985,  0.11097,  0.63086,  0.55001,  0.54361,  0.25943
19507, 6954, -0.08184, -0.02596,  0.11353,  0.53789,  0.55001,  0.45064,  0.25943
19508, 6956, -0.08062, -0.02173,  0.12287,  0.53789,  0.61769,  0.45064,  0.2205
19509, 6955, -0.08665, -0.01985,  0.11097,  0.63086,  0.55001,  0.54361,  0.25943
19510, 6956, -0.08062, -0.02173,  0.12287,  0.53789,  0.61769,  0.45064,  0.2205
19511, 6957, -0.08527, -0.01593,  0.1205,  0.63086,  0.61769,  0.54361,  0.2205
19512, 6957, -0.08527, -0.01593,  0.1205,  0.63086,  0.61769,  0.54361,  0.2205
19513, 6956, -0.08062, -0.02173,  0.12287,  0.53789,  0.61769,  0.45064,  0.2205
19514, 6958, -0.07834, -0.01645,  0.13103,  0.53789,  0.6828,  0.45064,  0.18305
19515, 6957, -0.08527, -0.01593,  0.1205,  0.63086,  0.61769,  0.54361,  0.2205
19516, 6958, -0.07834, -0.01645,  0.13103,  0.53789,  0.6828,  0.45064,  0.18305
19517, 6959, -0.08168, -0.0108,  0.12876,  0.63086,  0.6828,  0.54361,  0.18305
19518, 6959, -0.08168, -0.0108,  0.12876,  0.63086,  0.6828,  0.54361,  0.18305
19519, 6958, -0.07834, -0.01645,  0.13103,  0.53789,  0.6828,  0.45064,  0.18305
19520, 6960, -0.0754, -0.01136,  0.13736,  0.53789,  0.73957,  0.45064,  0.1504
19521, 6959, -0.08168, -0.0108,  0.12876,  0.63086,  0.6828,  0.54361,  0.18305
19522, 6960, -0.0754, -0.01136,  0.13736,  0.53789,  0.73957,  0.45064,  0.1504
19523, 6961, -0.07719, -0.00591,  0.1353,  0.63086,  0.73957,  0.54361,  0.1504
19524, 6961, -0.07719, -0.00591,  0.1353,  0.63086,  0.73957,  0.54361,  0.1504
19525, 6960, -0.0754, -0.01136,  0.13736,  0.53789,  0.73957,  0.45064,  0.1504
19526, 6962, -0.07219, -0.00771,  0.14117,  0.53789,  0.7822,  0.45064,  0.12588
19527, 6961, -0.07719, -0.00591,  0.1353,  0.63086,  0.73957,  0.54361,  0.1504
19528, 6962, -0.07219, -0.00771,  0.14117,  0.53789,  0.7822,  0.45064,  0.12588
19529, 6963, -0.0731, -0.00269,  0.13966,  0.63086,  0.7822,  0.54361,  0.12588
19530, 6963, -0.0731, -0.00269,  0.13966,  0.63086,  0.7822,  0.54361,  0.12588
19531, 6962, -0.07219, -0.00771,  0.14117,  0.53789,  0.7822,  0.45064,  0.12588
19532, 6964, -0.06892, -0.00535,  0.14327,  0.53789,  0.81716,  0.45064,  0.10577
19533, 6963, -0.0731, -0.00269,  0.13966,  0.63086,  0.7822,  0.54361,  0.12588
19534, 6964, -0.06892, -0.00535,  0.14327,  0.53789,  0.81716,  0.45064,  0.10577
19535, 6965, -0.0694, -0.00095,  0.14222,  0.63086,  0.81716,  0.54361,  0.10577
19536, 6965, -0.0694, -0.00095,  0.14222,  0.63086,  0.81716,  0.54361,  0.10577
19537, 6964, -0.06892, -0.00535,  0.14327,  0.53789,  0.81716,  0.45064,  0.10577
19538, 6966, -0.06583, -0.00416,  0.14445,  0.53789,  0.85091,  0.45064,  0.08636
19539, 6965, -0.0694, -0.00095,  0.14222,  0.63086,  0.81716,  0.54361,  0.10577
19540, 6966, -0.06583, -0.00416,  0.14445,  0.53789,  0.85091,  0.45064,  0.08636
19541, 6967, -0.06611, -0.00051,  0.14337,  0.63086,  0.85091,  0.54361,  0.08636
19542, 6967, -0.06611, -0.00051,  0.14337,  0.63086,  0.85091,  0.54361,  0.08636
19543, 6966, -0.06583, -0.00416,  0.14445,  0.53789,  0.85091,  0.45064,  0.08636
19544, 6968, -0.06281, -0.00354,  0.14517,  0.53789,  0.88406,  0.45064,  0.06729
19545, 6967, -0.06611, -0.00051,  0.14337,  0.63086,  0.85091,  0.54361,  0.08636
19546, 6968, -0.06281, -0.00354,  0.14517,  0.53789,  0.88406,  0.45064,  0.06729
19547, 6969, -0.06302, -0.00071,  0.1438,  0.63086,  0.88406,  0.54361,  0.06729
19548, 6970, -0.05861, -0.02104,  0.07532,  0.63086,  0.00202,  0.54361,  0.56836
19549, 6971, -0.05797, -0.02389,  0.07575,  0.53789,  0.00202,  0.45064,  0.56836
19550, 6972, -0.06053, -0.02647,  0.07601,  0.53789,  0.10348,  0.45064,  0.51312
19551, 6970, -0.05861, -0.02104,  0.07532,  0.63086,  0.00202,  0.54361,  0.56836
19552, 6972, -0.06053, -0.02647,  0.07601,  0.53789,  0.10348,  0.45064,  0.51312
19553, 6973, -0.06137, -0.02331,  0.0749,  0.63086,  0.10348,  0.54361,  0.51312
19554, 6973, -0.06137, -0.02331,  0.0749,  0.63086,  0.10348,  0.54361,  0.51312
19555, 6972, -0.06053, -0.02647,  0.07601,  0.53789,  0.10348,  0.45064,  0.51312
19556, 6941, -0.06361, -0.02877,  0.07674,  0.53789,  0.18899,  0.45064,  0.46629
19557, 6973, -0.06137, -0.02331,  0.0749,  0.63086,  0.10348,  0.54361,  0.51312
19558, 6941, -0.06361, -0.02877,  0.07674,  0.53789,  0.18899,  0.45064,  0.46629
19559, 6940, -0.0649, -0.02525,  0.07499,  0.63086,  0.18899,  0.54361,  0.46629
19560, 6974, -0.01075,  0.01822,  0.14428,  0.54548,  0.55308,  0.59022,  0.36975
19561, 6975, -0.01443,  0.01027,  0.13731,  0.54548,  0.64815,  0.59022,  0.42765
19562, 6976, -0.01597,  0.01845,  0.13364,  0.63939,  0.64815,  0.68413,  0.42765
19563, 6974, -0.01075,  0.01822,  0.14428,  0.54548,  0.55308,  0.59022,  0.36975
19564, 6976, -0.01597,  0.01845,  0.13364,  0.63939,  0.64815,  0.68413,  0.42765
19565, 6977, -0.01226,  0.02604,  0.13922,  0.63939,  0.55308,  0.68413,  0.36975
19566, 6978, -0.02013,  0.00148,  0.13037,  0.54548,  0.75427,  0.59022,  0.49227
19567, 6976, -0.01597,  0.01845,  0.13364,  0.63939,  0.64815,  0.68413,  0.42765
19568, 6975, -0.01443,  0.01027,  0.13731,  0.54548,  0.64815,  0.59022,  0.42765
19569, 6978, -0.02013,  0.00148,  0.13037,  0.54548,  0.75427,  0.59022,  0.49227
19570, 6979, -0.02152,  0.0101,  0.12834,  0.63939,  0.75427,  0.68413,  0.49227
19571, 6976, -0.01597,  0.01845,  0.13364,  0.63939,  0.64815,  0.68413,  0.42765
19572, 6977, -0.01226,  0.02604,  0.13922,  0.63939,  0.55308,  0.68413,  0.36975
19573, 6980, -0.01107,  0.02447,  0.15127,  0.54548,  0.48009,  0.59022,  0.3253
19574, 6974, -0.01075,  0.01822,  0.14428,  0.54548,  0.55308,  0.59022,  0.36975
19575, 6977, -0.01226,  0.02604,  0.13922,  0.63939,  0.55308,  0.68413,  0.36975
19576, 6981, -0.01223,  0.0321,  0.14534,  0.6394,  0.48009,  0.68413,  0.3253
19577, 6980, -0.01107,  0.02447,  0.15127,  0.54548,  0.48009,  0.59022,  0.3253
19578, 6982, -0.01381,  0.02896,  0.15772,  0.54548,  0.4191,  0.59022,  0.28816
19579, 6980, -0.01107,  0.02447,  0.15127,  0.54548,  0.48009,  0.59022,  0.3253
19580, 6981, -0.01223,  0.0321,  0.14534,  0.6394,  0.48009,  0.68413,  0.3253
19581, 6982, -0.01381,  0.02896,  0.15772,  0.54548,  0.4191,  0.59022,  0.28816
19582, 6981, -0.01223,  0.0321,  0.14534,  0.6394,  0.48009,  0.68413,  0.3253
19583, 6983, -0.01454,  0.03641,  0.15144,  0.6394,  0.4191,  0.68413,  0.28816
19584, 6983, -0.01454,  0.03641,  0.15144,  0.6394,  0.4191,  0.68413,  0.28816
19585, 6984, -0.01737,  0.03164,  0.16304,  0.54548,  0.36,  0.59022,  0.25217
19586, 6982, -0.01381,  0.02896,  0.15772,  0.54548,  0.4191,  0.59022,  0.28816
19587, 6983, -0.01454,  0.03641,  0.15144,  0.6394,  0.4191,  0.68413,  0.28816
19588, 6985, -0.01785,  0.03875,  0.15701,  0.6394,  0.36,  0.68413,  0.25217
19589, 6984, -0.01737,  0.03164,  0.16304,  0.54548,  0.36,  0.59022,  0.25217
19590, 6986, -0.02163,  0.0326,  0.16749,  0.54548,  0.30726,  0.59022,  0.22005
19591, 6984, -0.01737,  0.03164,  0.16304,  0.54548,  0.36,  0.59022,  0.25217
19592, 6985, -0.01785,  0.03875,  0.15701,  0.6394,  0.36,  0.68413,  0.25217
19593, 6986, -0.02163,  0.0326,  0.16749,  0.54548,  0.30726,  0.59022,  0.22005
19594, 6985, -0.01785,  0.03875,  0.15701,  0.6394,  0.36,  0.68413,  0.25217
19595, 6987, -0.02201,  0.03927,  0.16202,  0.6394,  0.30726,  0.68413,  0.22005
19596, 6987, -0.02201,  0.03927,  0.16202,  0.6394,  0.30726,  0.68413,  0.22005
19597, 6988, -0.02646,  0.03194,  0.17129,  0.54548,  0.26531,  0.59022,  0.19451
19598, 6986, -0.02163,  0.0326,  0.16749,  0.54548,  0.30726,  0.59022,  0.22005
19599, 6987, -0.02201,  0.03927,  0.16202,  0.6394,  0.30726,  0.68413,  0.22005
19600, 6989, -0.02686,  0.03816,  0.16642,  0.6394,  0.26531,  0.68413,  0.19451
19601, 6988, -0.02646,  0.03194,  0.17129,  0.54548,  0.26531,  0.59022,  0.19451
19602, 6990, -0.03183,  0.03537,  0.1697,  0.6394,  0.22961,  0.68413,  0.17277
19603, 6988, -0.02646,  0.03194,  0.17129,  0.54548,  0.26531,  0.59022,  0.19451
19604, 6989, -0.02686,  0.03816,  0.16642,  0.6394,  0.26531,  0.68413,  0.19451
19605, 6990, -0.03183,  0.03537,  0.1697,  0.6394,  0.22961,  0.68413,  0.17277
19606, 6991, -0.03133,  0.02963,  0.17391,  0.54548,  0.22961,  0.59022,  0.17277
19607, 6988, -0.02646,  0.03194,  0.17129,  0.54548,  0.26531,  0.59022,  0.19451
19608, 6991, -0.03133,  0.02963,  0.17391,  0.54548,  0.22961,  0.59022,  0.17277
19609, 6990, -0.03183,  0.03537,  0.1697,  0.6394,  0.22961,  0.68413,  0.17277
19610, 6992, -0.03636,  0.03089,  0.17132,  0.6394,  0.19559,  0.68413,  0.15205
19611, 6991, -0.03133,  0.02963,  0.17391,  0.54548,  0.22961,  0.59022,  0.17277
19612, 6992, -0.03636,  0.03089,  0.17132,  0.6394,  0.19559,  0.68413,  0.15205
19613, 6993, -0.03575,  0.02563,  0.17483,  0.54548,  0.19559,  0.59022,  0.15205
19614, 6994, -0.03926,  0.02112,  0.17475,  0.54548,  0.1625,  0.59022,  0.1319
19615, 6993, -0.03575,  0.02563,  0.17483,  0.54548,  0.19559,  0.59022,  0.15205
19616, 6992, -0.03636,  0.03089,  0.17132,  0.6394,  0.19559,  0.68413,  0.15205
19617, 6994, -0.03926,  0.02112,  0.17475,  0.54548,  0.1625,  0.59022,  0.1319
19618, 6992, -0.03636,  0.03089,  0.17132,  0.6394,  0.19559,  0.68413,  0.15205
19619, 6995, -0.04008,  0.02585,  0.17189,  0.6394,  0.1625,  0.68413,  0.1319
19620, 6995, -0.04008,  0.02585,  0.17189,  0.6394,  0.1625,  0.68413,  0.1319
19621, 6996, -0.04144,  0.01727,  0.1744,  0.54548,  0.12961,  0.59022,  0.11187
19622, 6994, -0.03926,  0.02112,  0.17475,  0.54548,  0.1625,  0.59022,  0.1319
19623, 6995, -0.04008,  0.02585,  0.17189,  0.6394,  0.1625,  0.68413,  0.1319
19624, 6997, -0.0426,  0.02139,  0.17205,  0.6394,  0.12961,  0.68413,  0.11187
19625, 6996, -0.04144,  0.01727,  0.1744,  0.54548,  0.12961,  0.59022,  0.11187
19626, 6998, -0.04289,  0.01394,  0.17404,  0.54548,  0.09316,  0.59022,  0.09015
19627, 6996, -0.04144,  0.01727,  0.1744,  0.54548,  0.12961,  0.59022,  0.11187
19628, 6997, -0.0426,  0.02139,  0.17205,  0.6394,  0.12961,  0.68413,  0.11187
19629, 6998, -0.04289,  0.01394,  0.17404,  0.54548,  0.09316,  0.59022,  0.09015
19630, 6997, -0.0426,  0.02139,  0.17205,  0.6394,  0.12961,  0.68413,  0.11187
19631, 6999, -0.04438,  0.0174,  0.17216,  0.6394,  0.09316,  0.68413,  0.09015
19632, 6999, -0.04438,  0.0174,  0.17216,  0.6394,  0.09316,  0.68413,  0.09015
19633, 7000, -0.04423,  0.01102,  0.17391,  0.54548,  0.04941,  0.59022,  0.06492
19634, 6998, -0.04289,  0.01394,  0.17404,  0.54548,  0.09316,  0.59022,  0.09015
19635, 6999, -0.04438,  0.0174,  0.17216,  0.6394,  0.09316,  0.68413,  0.09015
19636, 7001, -0.04587,  0.01379,  0.1726,  0.6394,  0.04941,  0.68413,  0.06492
19637, 7000, -0.04423,  0.01102,  0.17391,  0.54548,  0.04941,  0.59022,  0.06492
19638, 7002, -0.04552,  0.0083,  0.17389,  0.54548,  0.00202,  0.59022,  0.03795
19639, 7000, -0.04423,  0.01102,  0.17391,  0.54548,  0.04941,  0.59022,  0.06492
19640, 7001, -0.04587,  0.01379,  0.1726,  0.6394,  0.04941,  0.68413,  0.06492
19641, 7002, -0.04552,  0.0083,  0.17389,  0.54548,  0.00202,  0.59022,  0.03795
19642, 7001, -0.04587,  0.01379,  0.1726,  0.6394,  0.04941,  0.68413,  0.06492
19643, 7003, -0.04721,  0.01038,  0.17321,  0.6394,  0.00202,  0.68413,  0.03795
19644, 7004, -0.06322, -0.01376,  0.08505,  0.12256,  0.81028,  0.76096,  0.48906
19645, 7005, -0.05769, -0.01056,  0.08834,  0.12256,  0.85631,  0.76096,  0.53483
19646, 7006, -0.05386, -0.01903,  0.09483,  0.25798,  0.85631,  0.86485,  0.53483
19647, 7004, -0.06322, -0.01376,  0.08505,  0.12256,  0.81028,  0.76096,  0.48906
19648, 7006, -0.05386, -0.01903,  0.09483,  0.25798,  0.85631,  0.86485,  0.53483
19649, 7007, -0.05812, -0.02283,  0.0946,  0.25798,  0.81028,  0.86485,  0.48906
19650, 7008, -0.05309, -0.00702,  0.09273,  0.12256,  0.89751,  0.76096,  0.5795
19651, 7006, -0.05386, -0.01903,  0.09483,  0.25798,  0.85631,  0.86485,  0.53483
19652, 7005, -0.05769, -0.01056,  0.08834,  0.12256,  0.85631,  0.76096,  0.53483
19653, 7008, -0.05309, -0.00702,  0.09273,  0.12256,  0.89751,  0.76096,  0.5795
19654, 7009, -0.05034, -0.01523,  0.09541,  0.25798,  0.89751,  0.86485,  0.5795
19655, 7006, -0.05386, -0.01903,  0.09483,  0.25798,  0.85631,  0.86485,  0.53483
19656, 7007, -0.05812, -0.02283,  0.0946,  0.25798,  0.81028,  0.86485,  0.48906
19657, 7010, -0.07061, -0.01628,  0.08396,  0.12256,  0.75459,  0.76096,  0.44108
19658, 7004, -0.06322, -0.01376,  0.08505,  0.12256,  0.81028,  0.76096,  0.48906
19659, 7007, -0.05812, -0.02283,  0.0946,  0.25798,  0.81028,  0.86485,  0.48906
19660, 7011, -0.06385, -0.0266,  0.09509,  0.25798,  0.75459,  0.86485,  0.44108
19661, 7010, -0.07061, -0.01628,  0.08396,  0.12256,  0.75459,  0.76096,  0.44108
19662, 7012, -0.07752, -0.01754,  0.08575,  0.12256,  0.69502,  0.76096,  0.39195
19663, 7010, -0.07061, -0.01628,  0.08396,  0.12256,  0.75459,  0.76096,  0.44108
19664, 7011, -0.06385, -0.0266,  0.09509,  0.25798,  0.75459,  0.86485,  0.44108
19665, 7012, -0.07752, -0.01754,  0.08575,  0.12256,  0.69502,  0.76096,  0.39195
19666, 7011, -0.06385, -0.0266,  0.09509,  0.25798,  0.75459,  0.86485,  0.44108
19667, 7013, -0.06956, -0.02897,  0.09687,  0.25798,  0.69502,  0.86485,  0.39195
19668, 7013, -0.06956, -0.02897,  0.09687,  0.25798,  0.69502,  0.86485,  0.39195
19669, 7014, -0.08156, -0.01699,  0.09107,  0.12256,  0.6373,  0.76096,  0.34273
19670, 7012, -0.07752, -0.01754,  0.08575,  0.12256,  0.69502,  0.76096,  0.39195
19671, 7013, -0.06956, -0.02897,  0.09687,  0.25798,  0.69502,  0.86485,  0.39195
19672, 7015, -0.07375, -0.02853,  0.10055,  0.25798,  0.6373,  0.86485,  0.34273
19673, 7014, -0.08156, -0.01699,  0.09107,  0.12256,  0.6373,  0.76096,  0.34273
19674, 7016, -0.08275, -0.01537,  0.09853,  0.12256,  0.57621,  0.76096,  0.29329
19675, 7014, -0.08156, -0.01699,  0.09107,  0.12256,  0.6373,  0.76096,  0.34273
19676, 7015, -0.07375, -0.02853,  0.10055,  0.25798,  0.6373,  0.86485,  0.34273
19677, 7016, -0.08275, -0.01537,  0.09853,  0.12256,  0.57621,  0.76096,  0.29329
19678, 7015, -0.07375, -0.02853,  0.10055,  0.25798,  0.6373,  0.86485,  0.34273
19679, 7017, -0.07589, -0.02649,  0.10586,  0.25798,  0.57621,  0.86485,  0.29329
19680, 7017, -0.07589, -0.02649,  0.10586,  0.25798,  0.57621,  0.86485,  0.29329
19681, 7018, -0.0811, -0.01347,  0.10675,  0.12256,  0.50649,  0.76096,  0.2435
19682, 7016, -0.08275, -0.01537,  0.09853,  0.12256,  0.57621,  0.76096,  0.29329
19683, 7017, -0.07589, -0.02649,  0.10586,  0.25798,  0.57621,  0.86485,  0.29329
19684, 7019, -0.07545, -0.024,  0.11258,  0.25798,  0.50649,  0.86485,  0.2435
19685, 7018, -0.0811, -0.01347,  0.10675,  0.12256,  0.50649,  0.76096,  0.2435
19686, 7020, -0.07816, -0.01106,  0.11542,  0.12256,  0.43373,  0.76096,  0.19551
19687, 7018, -0.0811, -0.01347,  0.10675,  0.12256,  0.50649,  0.76096,  0.2435
19688, 7019, -0.07545, -0.024,  0.11258,  0.25798,  0.50649,  0.86485,  0.2435
19689, 7020, -0.07816, -0.01106,  0.11542,  0.12256,  0.43373,  0.76096,  0.19551
19690, 7019, -0.07545, -0.024,  0.11258,  0.25798,  0.50649,  0.86485,  0.2435
19691, 7021, -0.07383, -0.02066,  0.12016,  0.25798,  0.43373,  0.86485,  0.19551
19692, 7021, -0.07383, -0.02066,  0.12016,  0.25798,  0.43373,  0.86485,  0.19551
19693, 7022, -0.07546, -0.00793,  0.12426,  0.12256,  0.36349,  0.76096,  0.15152
19694, 7020, -0.07816, -0.01106,  0.11542,  0.12256,  0.43373,  0.76096,  0.19551
19695, 7021, -0.07383, -0.02066,  0.12016,  0.25798,  0.43373,  0.86485,  0.19551
19696, 7023, -0.07242, -0.01604,  0.12807,  0.25798,  0.36349,  0.86485,  0.15152
19697, 7022, -0.07546, -0.00793,  0.12426,  0.12256,  0.36349,  0.76096,  0.15152
19698, 7024, -0.07252, -0.00493,  0.13184,  0.12256,  0.2752,  0.76096,  0.1106
19699, 7022, -0.07546, -0.00793,  0.12426,  0.12256,  0.36349,  0.76096,  0.15152
19700, 7023, -0.07242, -0.01604,  0.12807,  0.25798,  0.36349,  0.86485,  0.15152
19701, 7024, -0.07252, -0.00493,  0.13184,  0.12256,  0.2752,  0.76096,  0.1106
19702, 7023, -0.07242, -0.01604,  0.12807,  0.25798,  0.36349,  0.86485,  0.15152
19703, 7025, -0.07064, -0.0113,  0.13499,  0.25798,  0.2752,  0.86485,  0.1106
19704, 7025, -0.07064, -0.0113,  0.13499,  0.25798,  0.2752,  0.86485,  0.1106
19705, 7026, -0.06881, -0.00291,  0.13676,  0.12256,  0.14827,  0.76096,  0.07184
19706, 7024, -0.07252, -0.00493,  0.13184,  0.12256,  0.2752,  0.76096,  0.1106
19707, 7025, -0.07064, -0.0113,  0.13499,  0.25798,  0.2752,  0.86485,  0.1106
19708, 7027, -0.0679, -0.00764,  0.13963,  0.25798,  0.14827,  0.86485,  0.07184
19709, 7026, -0.06881, -0.00291,  0.13676,  0.12256,  0.14827,  0.76096,  0.07184
19710, 7028, -0.06473, -0.00138,  0.14034,  0.12256,  0.00202,  0.76096,  0.03416
19711, 7026, -0.06881, -0.00291,  0.13676,  0.12256,  0.14827,  0.76096,  0.07184
19712, 7027, -0.0679, -0.00764,  0.13963,  0.25798,  0.14827,  0.86485,  0.07184
19713, 7028, -0.06473, -0.00138,  0.14034,  0.12256,  0.00202,  0.76096,  0.03416
19714, 7027, -0.0679, -0.00764,  0.13963,  0.25798,  0.14827,  0.86485,  0.07184
19715, 7029, -0.06469, -0.00452,  0.14312,  0.25798,  0.00202,  0.86485,  0.03416
19716, 7030, -0.02878, -0.03382,  0.11751,  0.54123,  0.62898,  0.00894,  0.41597
19717, 7031, -0.03236, -0.02834,  0.11493,  0.54123,  0.69693,  0.00894,  0.45735
19718, 7032, -0.03102, -0.02472,  0.11639,  0.60563,  0.69693,  0.07334,  0.45735
19719, 7030, -0.02878, -0.03382,  0.11751,  0.54123,  0.62898,  0.00894,  0.41597
19720, 7032, -0.03102, -0.02472,  0.11639,  0.60563,  0.69693,  0.07334,  0.45735
19721, 7033, -0.02706, -0.03002,  0.1197,  0.60563,  0.62898,  0.07334,  0.41597
19722, 7034, -0.03616, -0.02305,  0.11288,  0.54123,  0.77519,  0.00894,  0.50501
19723, 7032, -0.03102, -0.02472,  0.11639,  0.60563,  0.69693,  0.07334,  0.45735
19724, 7031, -0.03236, -0.02834,  0.11493,  0.54123,  0.69693,  0.00894,  0.45735
19725, 7034, -0.03616, -0.02305,  0.11288,  0.54123,  0.77519,  0.00894,  0.50501
19726, 7035, -0.03535, -0.01975,  0.11337,  0.60563,  0.77519,  0.07334,  0.50501
19727, 7032, -0.03102, -0.02472,  0.11639,  0.60563,  0.69693,  0.07334,  0.45735
19728, 7033, -0.02706, -0.03002,  0.1197,  0.60563,  0.62898,  0.07334,  0.41597
19729, 7036, -0.02563, -0.03967,  0.12114,  0.54123,  0.58164,  0.00894,  0.38715
19730, 7030, -0.02878, -0.03382,  0.11751,  0.54123,  0.62898,  0.00894,  0.41597
19731, 7033, -0.02706, -0.03002,  0.1197,  0.60563,  0.62898,  0.07334,  0.41597
19732, 7037, -0.02382, -0.03601,  0.12358,  0.60563,  0.58164,  0.07334,  0.38715
19733, 7036, -0.02563, -0.03967,  0.12114,  0.54123,  0.58164,  0.00894,  0.38715
19734, 7038, -0.02423, -0.04496,  0.12548,  0.54123,  0.54353,  0.00894,  0.36394
19735, 7036, -0.02563, -0.03967,  0.12114,  0.54123,  0.58164,  0.00894,  0.38715
19736, 7037, -0.02382, -0.03601,  0.12358,  0.60563,  0.58164,  0.07334,  0.38715
19737, 7038, -0.02423, -0.04496,  0.12548,  0.54123,  0.54353,  0.00894,  0.36394
19738, 7037, -0.02382, -0.03601,  0.12358,  0.60563,  0.58164,  0.07334,  0.38715
19739, 7039, -0.02247, -0.04158,  0.12795,  0.60563,  0.54353,  0.07334,  0.36394
19740, 7039, -0.02247, -0.04158,  0.12795,  0.60563,  0.54353,  0.07334,  0.36394
19741, 7040, -0.02592, -0.04879,  0.1302,  0.54123,  0.50328,  0.00894,  0.33943
19742, 7038, -0.02423, -0.04496,  0.12548,  0.54123,  0.54353,  0.00894,  0.36394
19743, 7039, -0.02247, -0.04158,  0.12795,  0.60563,  0.54353,  0.07334,  0.36394
19744, 7041, -0.02419, -0.04563,  0.13272,  0.60563,  0.50328,  0.07334,  0.33943
19745, 7040, -0.02592, -0.04879,  0.1302,  0.54123,  0.50328,  0.00894,  0.33943
19746, 7042, -0.02779, -0.04871,  0.13709,  0.60563,  0.46259,  0.07334,  0.31465
19747, 7040, -0.02592, -0.04879,  0.1302,  0.54123,  0.50328,  0.00894,  0.33943
19748, 7041, -0.02419, -0.04563,  0.13272,  0.60563,  0.50328,  0.07334,  0.33943
19749, 7042, -0.02779, -0.04871,  0.13709,  0.60563,  0.46259,  0.07334,  0.31465
19750, 7043, -0.02951, -0.05154,  0.13461,  0.54123,  0.46259,  0.00894,  0.31465
19751, 7040, -0.02592, -0.04879,  0.1302,  0.54123,  0.50328,  0.00894,  0.33943
19752, 7043, -0.02951, -0.05154,  0.13461,  0.54123,  0.46259,  0.00894,  0.31465
19753, 7042, -0.02779, -0.04871,  0.13709,  0.60563,  0.46259,  0.07334,  0.31465
19754, 7044, -0.03209, -0.05135,  0.14028,  0.60563,  0.42317,  0.07334,  0.29064
19755, 7043, -0.02951, -0.05154,  0.13461,  0.54123,  0.46259,  0.00894,  0.31465
19756, 7044, -0.03209, -0.05135,  0.14028,  0.60563,  0.42317,  0.07334,  0.29064
19757, 7045, -0.03382, -0.05363,  0.13805,  0.54123,  0.42317,  0.00894,  0.29064
19758, 7046, -0.03792, -0.0558,  0.14047,  0.54123,  0.34629,  0.00894,  0.24435
19759, 7045, -0.03382, -0.05363,  0.13805,  0.54123,  0.42317,  0.00894,  0.29064
19760, 7044, -0.03209, -0.05135,  0.14028,  0.60563,  0.42317,  0.07334,  0.29064
19761, 7046, -0.03792, -0.0558,  0.14047,  0.54123,  0.34629,  0.00894,  0.24435
19762, 7044, -0.03209, -0.05135,  0.14028,  0.60563,  0.42317,  0.07334,  0.29064
19763, 7047, -0.0363, -0.05422,  0.14234,  0.60563,  0.34629,  0.07334,  0.24435
19764, 7047, -0.0363, -0.05422,  0.14234,  0.60563,  0.34629,  0.07334,  0.24435
19765, 7048, -0.04089, -0.05881,  0.14184,  0.54123,  0.19321,  0.00894,  0.15272
19766, 7046, -0.03792, -0.0558,  0.14047,  0.54123,  0.34629,  0.00894,  0.24435
19767, 7047, -0.0363, -0.05422,  0.14234,  0.60563,  0.34629,  0.07334,  0.24435
19768, 7049, -0.03962, -0.05796,  0.1433,  0.60563,  0.19321,  0.07334,  0.15272
19769, 7048, -0.04089, -0.05881,  0.14184,  0.54123,  0.19321,  0.00894,  0.15272
19770, 7050, -0.0433, -0.06225,  0.14268,  0.54123,  0.00202,  0.00894,  0.03842
19771, 7048, -0.04089, -0.05881,  0.14184,  0.54123,  0.19321,  0.00894,  0.15272
19772, 7049, -0.03962, -0.05796,  0.1433,  0.60563,  0.19321,  0.07334,  0.15272
19773, 7050, -0.0433, -0.06225,  0.14268,  0.54123,  0.00202,  0.00894,  0.03842
19774, 7049, -0.03962, -0.05796,  0.1433,  0.60563,  0.19321,  0.07334,  0.15272
19775, 7051, -0.0425, -0.06215,  0.14371,  0.60563,  0.00202,  0.07334,  0.03842
19776, 7052, -0.01773,  0.03779,  0.13148,  0.51349,  0.52047,  0.55156,  0.44618
19777, 7053, -0.02084,  0.03084,  0.1257,  0.51349,  0.66157,  0.55156,  0.499
19778, 7054, -0.02928,  0.03629,  0.11761,  0.67372,  0.66157,  0.65733,  0.499
19779, 7052, -0.01773,  0.03779,  0.13148,  0.51349,  0.52047,  0.55156,  0.44618
19780, 7054, -0.02928,  0.03629,  0.11761,  0.67372,  0.66157,  0.65733,  0.499
19781, 7055, -0.02664,  0.04401,  0.12284,  0.67372,  0.52047,  0.65733,  0.44618
19782, 7056, -0.02628,  0.02351,  0.11998,  0.51349,  0.80346,  0.55156,  0.5459
19783, 7054, -0.02928,  0.03629,  0.11761,  0.67372,  0.66157,  0.65733,  0.499
19784, 7053, -0.02084,  0.03084,  0.1257,  0.51349,  0.66157,  0.55156,  0.499
19785, 7056, -0.02628,  0.02351,  0.11998,  0.51349,  0.80346,  0.55156,  0.5459
19786, 7057, -0.03393,  0.02794,  0.11273,  0.67372,  0.80346,  0.65733,  0.5459
19787, 7054, -0.02928,  0.03629,  0.11761,  0.67372,  0.66157,  0.65733,  0.499
19788, 7055, -0.02664,  0.04401,  0.12284,  0.67372,  0.52047,  0.65733,  0.44618
19789, 7058, -0.01924,  0.04397,  0.13737,  0.51349,  0.38093,  0.55156,  0.38148
19790, 7052, -0.01773,  0.03779,  0.13148,  0.51349,  0.52047,  0.55156,  0.44618
19791, 7055, -0.02664,  0.04401,  0.12284,  0.67372,  0.52047,  0.65733,  0.44618
19792, 7059, -0.02799,  0.05051,  0.12874,  0.67372,  0.38093,  0.65733,  0.38148
19793, 7058, -0.01924,  0.04397,  0.13737,  0.51349,  0.38093,  0.55156,  0.38148
19794, 7060, -0.02337,  0.04873,  0.14334,  0.51349,  0.24683,  0.55156,  0.2938
19795, 7058, -0.01924,  0.04397,  0.13737,  0.51349,  0.38093,  0.55156,  0.38148
19796, 7059, -0.02799,  0.05051,  0.12874,  0.67372,  0.38093,  0.65733,  0.38148
19797, 7060, -0.02337,  0.04873,  0.14334,  0.51349,  0.24683,  0.55156,  0.2938
19798, 7059, -0.02799,  0.05051,  0.12874,  0.67372,  0.38093,  0.65733,  0.38148
19799, 7061, -0.03192,  0.05533,  0.13482,  0.67372,  0.24683,  0.65733,  0.2938
19800, 7061, -0.03192,  0.05533,  0.13482,  0.67372,  0.24683,  0.65733,  0.2938
19801, 7062, -0.02812,  0.05139,  0.14934,  0.51349,  0.12209,  0.55156,  0.17205
19802, 7060, -0.02337,  0.04873,  0.14334,  0.51349,  0.24683,  0.55156,  0.2938
19803, 7061, -0.03192,  0.05533,  0.13482,  0.67372,  0.24683,  0.65733,  0.2938
19804, 7063, -0.03702,  0.05804,  0.14059,  0.67372,  0.12209,  0.65733,  0.17205
19805, 7062, -0.02812,  0.05139,  0.14934,  0.51349,  0.12209,  0.55156,  0.17205
19806, 7064, -0.03317,  0.05301,  0.15536,  0.51349,  0.00202,  0.55156,  0.03327
19807, 7062, -0.02812,  0.05139,  0.14934,  0.51349,  0.12209,  0.55156,  0.17205
19808, 7063, -0.03702,  0.05804,  0.14059,  0.67372,  0.12209,  0.65733,  0.17205
19809, 7064, -0.03317,  0.05301,  0.15536,  0.51349,  0.00202,  0.55156,  0.03327
19810, 7063, -0.03702,  0.05804,  0.14059,  0.67372,  0.12209,  0.65733,  0.17205
19811, 7065, -0.04272,  0.05968,  0.1462,  0.67372,  0.00202,  0.65733,  0.03327
19812, 7066, -0.02539, -0.01173,  0.1273,  0.52612,  0.91048,  0.67313,  0.48482
19813, 7067, -0.02055, -0.00232,  0.13121,  0.40086,  0.91048,  0.75084,  0.48482
19814, 7068, -0.01563, -0.00017,  0.13768,  0.40086,  0.83313,  0.75084,  0.44635
19815, 7066, -0.02539, -0.01173,  0.1273,  0.52612,  0.91048,  0.67313,  0.48482
19816, 7068, -0.01563, -0.00017,  0.13768,  0.40086,  0.83313,  0.75084,  0.44635
19817, 7069, -0.01939, -0.01057,  0.13383,  0.52612,  0.83313,  0.67313,  0.44635
19818, 7069, -0.01939, -0.01057,  0.13383,  0.52612,  0.83313,  0.67313,  0.44635
19819, 7068, -0.01563, -0.00017,  0.13768,  0.40086,  0.83313,  0.75084,  0.44635
19820, 7070, -0.0125,  0.00228,  0.14531,  0.40086,  0.75464,  0.75084,  0.40731
19821, 7069, -0.01939, -0.01057,  0.13383,  0.52612,  0.83313,  0.67313,  0.44635
19822, 7070, -0.0125,  0.00228,  0.14531,  0.40086,  0.75464,  0.75084,  0.40731
19823, 7071, -0.01528, -0.00899,  0.14162,  0.52612,  0.75464,  0.67313,  0.40731
19824, 7071, -0.01528, -0.00899,  0.14162,  0.52612,  0.75464,  0.67313,  0.40731
19825, 7070, -0.0125,  0.00228,  0.14531,  0.40086,  0.75464,  0.75084,  0.40731
19826, 7072, -0.01293,  0.00535,  0.15525,  0.40086,  0.67389,  0.75084,  0.36715
19827, 7071, -0.01528, -0.00899,  0.14162,  0.52612,  0.75464,  0.67313,  0.40731
19828, 7072, -0.01293,  0.00535,  0.15525,  0.40086,  0.67389,  0.75084,  0.36715
19829, 7073, -0.01495, -0.00657,  0.15192,  0.52612,  0.67389,  0.67313,  0.36715
19830, 7073, -0.01495, -0.00657,  0.15192,  0.52612,  0.67389,  0.67313,  0.36715
19831, 7072, -0.01293,  0.00535,  0.15525,  0.40086,  0.67389,  0.75084,  0.36715
19832, 7074, -0.0159,  0.00805,  0.16457,  0.40086,  0.60186,  0.75084,  0.33133
19833, 7073, -0.01495, -0.00657,  0.15192,  0.52612,  0.67389,  0.67313,  0.36715
19834, 7074, -0.0159,  0.00805,  0.16457,  0.40086,  0.60186,  0.75084,  0.33133
19835, 7075, -0.01747, -0.00422,  0.16177,  0.52612,  0.60186,  0.67313,  0.33133
19836, 7076, -0.04068, -0.00442,  0.17419,  0.52612,  0.41847,  0.67313,  0.23752
19837, 7077, -0.03395, -0.00331,  0.17413,  0.52612,  0.46468,  0.67313,  0.2631
19838, 7078, -0.03255,  0.00842,  0.17497,  0.40086,  0.46468,  0.75084,  0.2631
19839, 7076, -0.04068, -0.00442,  0.17419,  0.52612,  0.41847,  0.67313,  0.23752
19840, 7078, -0.03255,  0.00842,  0.17497,  0.40086,  0.46468,  0.75084,  0.2631
19841, 7079, -0.03949,  0.00683,  0.17469,  0.40086,  0.41847,  0.75084,  0.23752
19842, 7080, -0.02765, -0.00257,  0.17204,  0.52612,  0.50712,  0.67313,  0.28421
19843, 7078, -0.03255,  0.00842,  0.17497,  0.40086,  0.46468,  0.75084,  0.2631
19844, 7077, -0.03395, -0.00331,  0.17413,  0.52612,  0.46468,  0.67313,  0.2631
19845, 7080, -0.02765, -0.00257,  0.17204,  0.52612,  0.50712,  0.67313,  0.28421
19846, 7081, -0.02607,  0.00951,  0.1735,  0.40086,  0.50712,  0.75084,  0.28421
19847, 7078, -0.03255,  0.00842,  0.17497,  0.40086,  0.46468,  0.75084,  0.2631
19848, 7076, -0.04068, -0.00442,  0.17419,  0.52612,  0.41847,  0.67313,  0.23752
19849, 7079, -0.03949,  0.00683,  0.17469,  0.40086,  0.41847,  0.75084,  0.23752
19850, 7082, -0.04654,  0.00544,  0.17259,  0.40086,  0.3647,  0.75084,  0.20299
19851, 7076, -0.04068, -0.00442,  0.17419,  0.52612,  0.41847,  0.67313,  0.23752
19852, 7082, -0.04654,  0.00544,  0.17259,  0.40086,  0.3647,  0.75084,  0.20299
19853, 7083, -0.04767, -0.00521,  0.17192,  0.52612,  0.3647,  0.67313,  0.20299
19854, 7083, -0.04767, -0.00521,  0.17192,  0.52612,  0.3647,  0.67313,  0.20299
19855, 7082, -0.04654,  0.00544,  0.17259,  0.40086,  0.3647,  0.75084,  0.20299
19856, 7084, -0.05294,  0.00426,  0.16895,  0.40086,  0.30782,  0.75084,  0.16517
19857, 7083, -0.04767, -0.00521,  0.17192,  0.52612,  0.3647,  0.67313,  0.20299
19858, 7084, -0.05294,  0.00426,  0.16895,  0.40086,  0.30782,  0.75084,  0.16517
19859, 7085, -0.05411, -0.00561,  0.16815,  0.52612,  0.30782,  0.67313,  0.16517
19860, 7085, -0.05411, -0.00561,  0.16815,  0.52612,  0.30782,  0.67313,  0.16517
19861, 7086, -0.05294,  0.00426,  0.16895,  0.40086,  0.30782,  0.75084,  0.16517
19862, 7087, -0.05791,  0.00333,  0.16407,  0.40086,  0.25224,  0.75084,  0.12973
19863, 7085, -0.05411, -0.00561,  0.16815,  0.52612,  0.30782,  0.67313,  0.16517
19864, 7087, -0.05791,  0.00333,  0.16407,  0.40086,  0.25224,  0.75084,  0.12973
19865, 7088, -0.05918, -0.00553,  0.16367,  0.52612,  0.25224,  0.67313,  0.12973
19866, 7088, -0.05918, -0.00553,  0.16367,  0.52612,  0.25224,  0.67313,  0.12973
19867, 7087, -0.05791,  0.00333,  0.16407,  0.40086,  0.25224,  0.75084,  0.12973
19868, 7089, -0.06188,  0.00268,  0.1581,  0.40086,  0.19737,  0.75084,  0.09625
19869, 7088, -0.05918, -0.00553,  0.16367,  0.52612,  0.25224,  0.67313,  0.12973
19870, 7089, -0.06188,  0.00268,  0.1581,  0.40086,  0.19737,  0.75084,  0.09625
19871, 7090, -0.06331, -0.00509,  0.15825,  0.52612,  0.19737,  0.67313,  0.09625
19872, 7089, -0.06188,  0.00268,  0.1581,  0.40086,  0.19737,  0.75084,  0.09625
19873, 7091, -0.06526,  0.00233,  0.15119,  0.40086,  0.14259,  0.75084,  0.0643
19874, 7092, -0.06695, -0.00441,  0.15163,  0.52612,  0.14259,  0.67313,  0.0643
19875, 7093, -0.07035, -0.00362,  0.1444,  0.52612,  0.08787,  0.67313,  0.03312
19876, 7092, -0.06695, -0.00441,  0.15163,  0.52612,  0.14259,  0.67313,  0.0643
19877, 7091, -0.06526,  0.00233,  0.15119,  0.40086,  0.14259,  0.75084,  0.0643
19878, 7093, -0.07035, -0.00362,  0.1444,  0.52612,  0.08787,  0.67313,  0.03312
19879, 7091, -0.06526,  0.00233,  0.15119,  0.40086,  0.14259,  0.75084,  0.0643
19880, 7094, -0.06834,  0.00213,  0.1438,  0.40086,  0.08787,  0.75084,  0.03312
19881, 7089, -0.06188,  0.00268,  0.1581,  0.40086,  0.19737,  0.75084,  0.09625
19882, 7092, -0.06695, -0.00441,  0.15163,  0.52612,  0.14259,  0.67313,  0.0643
19883, 7095, -0.06331, -0.00509,  0.15825,  0.52612,  0.19737,  0.67313,  0.09625
19884, 7096, -0.02765, -0.00257,  0.17204,  0.52612,  0.50712,  0.67313,  0.28421
19885, 7097, -0.02193, -0.00288,  0.1682,  0.52612,  0.54956,  0.67313,  0.30532
19886, 7098, -0.0204,  0.00941,  0.17034,  0.40086,  0.54956,  0.75084,  0.30532
19887, 7096, -0.02765, -0.00257,  0.17204,  0.52612,  0.50712,  0.67313,  0.28421
19888, 7098, -0.0204,  0.00941,  0.17034,  0.40086,  0.54956,  0.75084,  0.30532
19889, 7099, -0.02607,  0.00951,  0.1735,  0.40086,  0.50712,  0.75084,  0.28421
19890, 7100, -0.0159,  0.00805,  0.16457,  0.40086,  0.60186,  0.75084,  0.33133
19891, 7098, -0.0204,  0.00941,  0.17034,  0.40086,  0.54956,  0.75084,  0.30532
19892, 7097, -0.02193, -0.00288,  0.1682,  0.52612,  0.54956,  0.67313,  0.30532
19893, 7100, -0.0159,  0.00805,  0.16457,  0.40086,  0.60186,  0.75084,  0.33133
19894, 7097, -0.02193, -0.00288,  0.1682,  0.52612,  0.54956,  0.67313,  0.30532
19895, 7101, -0.01747, -0.00422,  0.16177,  0.52612,  0.60186,  0.67313,  0.33133
19896, 7102, -0.06012, -0.03823,  0.06797,  0.63292,  0.3185,  1.74757,  0.48181
19897, 7103, -0.06049, -0.03575,  0.0633,  0.63292,  0.24053,  1.74757,  0.43664
19898, 7104, -0.0536, -0.03795,  0.06124,  0.53995,  0.24053,  1.6546,  0.43664
19899, 7102, -0.06012, -0.03823,  0.06797,  0.63292,  0.3185,  1.74757,  0.48181
19900, 7104, -0.0536, -0.03795,  0.06124,  0.53995,  0.24053,  1.6546,  0.43664
19901, 7105, -0.0529, -0.04059,  0.06596,  0.53995,  0.3185,  1.6546,  0.48181
19902, 7106, -0.06058, -0.03253,  0.05963,  0.63292,  0.16811,  1.74757,  0.39468
19903, 7104, -0.0536, -0.03795,  0.06124,  0.53995,  0.24053,  1.6546,  0.43664
19904, 7103, -0.06049, -0.03575,  0.0633,  0.63292,  0.24053,  1.74757,  0.43664
19905, 7106, -0.06058, -0.03253,  0.05963,  0.63292,  0.16811,  1.74757,  0.39468
19906, 7107, -0.05426, -0.0346,  0.05757,  0.53995,  0.16811,  1.6546,  0.39468
19907, 7104, -0.0536, -0.03795,  0.06124,  0.53995,  0.24053,  1.6546,  0.43664
19908, 7102, -0.06012, -0.03823,  0.06797,  0.63292,  0.3185,  1.74757,  0.48181
19909, 7105, -0.0529, -0.04059,  0.06596,  0.53995,  0.3185,  1.6546,  0.48181
19910, 7108, -0.05217, -0.04221,  0.07168,  0.53995,  0.38728,  1.6546,  0.52165
19911, 7102, -0.06012, -0.03823,  0.06797,  0.63292,  0.3185,  1.74757,  0.48181
19912, 7108, -0.05217, -0.04221,  0.07168,  0.53995,  0.38728,  1.6546,  0.52165
19913, 7109, -0.05931, -0.03957,  0.07356,  0.63292,  0.38728,  1.74757,  0.52165
19914, 7109, -0.05931, -0.03957,  0.07356,  0.63292,  0.38728,  1.74757,  0.52165
19915, 7108, -0.05217, -0.04221,  0.07168,  0.53995,  0.38728,  1.6546,  0.52165
19916, 7110, -0.05136, -0.04248,  0.07773,  0.53995,  0.45291,  1.6546,  0.55967
19917, 7109, -0.05931, -0.03957,  0.07356,  0.63292,  0.38728,  1.74757,  0.52165
19918, 7110, -0.05136, -0.04248,  0.07773,  0.53995,  0.45291,  1.6546,  0.55967
19919, 7111, -0.05824, -0.03953,  0.07942,  0.63292,  0.45291,  1.74757,  0.55967
19920, 7111, -0.05824, -0.03953,  0.07942,  0.63292,  0.45291,  1.74757,  0.55967
19921, 7110, -0.05136, -0.04248,  0.07773,  0.53995,  0.45291,  1.6546,  0.55967
19922, 7112, -0.05041, -0.04106,  0.08342,  0.53995,  0.52143,  1.6546,  0.59936
19923, 7111, -0.05824, -0.03953,  0.07942,  0.63292,  0.45291,  1.74757,  0.55967
19924, 7112, -0.05041, -0.04106,  0.08342,  0.53995,  0.52143,  1.6546,  0.59936
19925, 7113, -0.05712, -0.03785,  0.08488,  0.63292,  0.52143,  1.74757,  0.59936
19926, 7113, -0.05712, -0.03785,  0.08488,  0.63292,  0.52143,  1.74757,  0.59936
19927, 7112, -0.05041, -0.04106,  0.08342,  0.53995,  0.52143,  1.6546,  0.59936
19928, 7114, -0.04932, -0.03841,  0.08871,  0.53995,  0.59009,  1.6546,  0.63914
19929, 7113, -0.05712, -0.03785,  0.08488,  0.63292,  0.52143,  1.74757,  0.59936
19930, 7114, -0.04932, -0.03841,  0.08871,  0.53995,  0.59009,  1.6546,  0.63914
19931, 7115, -0.05567, -0.03504,  0.0899,  0.63292,  0.59009,  1.74757,  0.63914
19932, 7115, -0.05567, -0.03504,  0.0899,  0.63292,  0.59009,  1.74757,  0.63914
19933, 7114, -0.04932, -0.03841,  0.08871,  0.53995,  0.59009,  1.6546,  0.63914
19934, 7116, -0.04806, -0.03498,  0.09352,  0.53995,  0.65615,  1.6546,  0.67741
19935, 7115, -0.05567, -0.03504,  0.0899,  0.63292,  0.59009,  1.74757,  0.63914
19936, 7116, -0.04806, -0.03498,  0.09352,  0.53995,  0.65615,  1.6546,  0.67741
19937, 7117, -0.05361, -0.03159,  0.09443,  0.63292,  0.65615,  1.74757,  0.67741
19938, 7117, -0.05361, -0.03159,  0.09443,  0.63292,  0.65615,  1.74757,  0.67741
19939, 7116, -0.04806, -0.03498,  0.09352,  0.53995,  0.65615,  1.6546,  0.67741
19940, 7118, -0.04659, -0.031,  0.09782,  0.53995,  0.71375,  1.6546,  0.71078
19941, 7117, -0.05361, -0.03159,  0.09443,  0.63292,  0.65615,  1.74757,  0.67741
19942, 7118, -0.04659, -0.031,  0.09782,  0.53995,  0.71375,  1.6546,  0.71078
19943, 7119, -0.05134, -0.02787,  0.09859,  0.63292,  0.71375,  1.74757,  0.71078
19944, 7106, -0.06058, -0.03253,  0.05963,  0.63292,  0.16811,  1.74757,  0.39468
19945, 7120, -0.05486, -0.03087,  0.055,  0.53995,  0.11595,  1.6546,  0.36447
19946, 7107, -0.05426, -0.0346,  0.05757,  0.53995,  0.16811,  1.6546,  0.39468
19947, 7106, -0.06058, -0.03253,  0.05963,  0.63292,  0.16811,  1.74757,  0.39468
19948, 7121, -0.06054, -0.02894,  0.05701,  0.63292,  0.11595,  1.74757,  0.36447
19949, 7120, -0.05486, -0.03087,  0.055,  0.53995,  0.11595,  1.6546,  0.36447
19950, 7122, -0.06037, -0.0254,  0.0553,  0.63292,  0.07544,  1.74757,  0.34168
19951, 7120, -0.05486, -0.03087,  0.055,  0.53995,  0.11595,  1.6546,  0.36447
19952, 7121, -0.06054, -0.02894,  0.05701,  0.63292,  0.11595,  1.74757,  0.36447
19953, 7122, -0.06037, -0.0254,  0.0553,  0.63292,  0.07544,  1.74757,  0.34168
19954, 7123, -0.05543, -0.02711,  0.05339,  0.53995,  0.07544,  1.6546,  0.34168
19955, 7120, -0.05486, -0.03087,  0.055,  0.53995,  0.11595,  1.6546,  0.36447
19956, 7119, -0.05134, -0.02787,  0.09859,  0.63292,  0.71375,  1.74757,  0.71078
19957, 7118, -0.04659, -0.031,  0.09782,  0.53995,  0.71375,  1.6546,  0.71078
19958, 7124, -0.04487, -0.02671,  0.10159,  0.53995,  0.75699,  1.6546,  0.73583
19959, 7119, -0.05134, -0.02787,  0.09859,  0.63292,  0.71375,  1.74757,  0.71078
19960, 7124, -0.04487, -0.02671,  0.10159,  0.53995,  0.75699,  1.6546,  0.73583
19961, 7125, -0.04928, -0.02423,  0.10244,  0.63292,  0.75699,  1.74757,  0.73583
19962, 7125, -0.04928, -0.02423,  0.10244,  0.63292,  0.75699,  1.74757,  0.73583
19963, 7124, -0.04487, -0.02671,  0.10159,  0.53995,  0.75699,  1.6546,  0.73583
19964, 7126, -0.04313, -0.02269,  0.10399,  0.53995,  0.79542,  1.6546,  0.75809
19965, 7125, -0.04928, -0.02423,  0.10244,  0.63292,  0.75699,  1.74757,  0.73583
19966, 7126, -0.04313, -0.02269,  0.10399,  0.53995,  0.79542,  1.6546,  0.75809
19967, 7127, -0.04724, -0.02088,  0.1049,  0.63292,  0.79542,  1.74757,  0.75809
19968, 7127, -0.04724, -0.02088,  0.1049,  0.63292,  0.79542,  1.74757,  0.75809
19969, 7126, -0.04313, -0.02269,  0.10399,  0.53995,  0.79542,  1.6546,  0.75809
19970, 7128, -0.04159, -0.01949,  0.10422,  0.53995,  0.83856,  1.6546,  0.78308
19971, 7127, -0.04724, -0.02088,  0.1049,  0.63292,  0.79542,  1.74757,  0.75809
19972, 7128, -0.04159, -0.01949,  0.10422,  0.53995,  0.83856,  1.6546,  0.78308
19973, 7129, -0.04504, -0.01804,  0.10487,  0.63292,  0.83856,  1.74757,  0.78308
19974, 7129, -0.04504, -0.01804,  0.10487,  0.63292,  0.83856,  1.74757,  0.78308
19975, 7128, -0.04159, -0.01949,  0.10422,  0.53995,  0.83856,  1.6546,  0.78308
19976, 7130, -0.04016, -0.01671,  0.10337,  0.53995,  0.88406,  1.6546,  0.80944
19977, 7129, -0.04504, -0.01804,  0.10487,  0.63292,  0.83856,  1.74757,  0.78308
19978, 7130, -0.04016, -0.01671,  0.10337,  0.53995,  0.88406,  1.6546,  0.80944
19979, 7131, -0.04275, -0.01545,  0.10359,  0.63292,  0.88406,  1.74757,  0.80944
19980, 7132, -0.06007, -0.02231,  0.05439,  0.63292,  0.03797,  1.74757,  0.32202
19981, 7123, -0.05543, -0.02711,  0.05339,  0.53995,  0.07544,  1.6546,  0.34168
19982, 7122, -0.06037, -0.0254,  0.0553,  0.63292,  0.07544,  1.74757,  0.34168
19983, 7132, -0.06007, -0.02231,  0.05439,  0.63292,  0.03797,  1.74757,  0.32202
19984, 7133, -0.05603, -0.02367,  0.0526,  0.53995,  0.03797,  1.6546,  0.32202
19985, 7123, -0.05543, -0.02711,  0.05339,  0.53995,  0.07544,  1.6546,  0.34168
19986, 7134, -0.05971, -0.01946,  0.05387,  0.63292,  0.00202,  1.74757,  0.30391
19987, 7133, -0.05603, -0.02367,  0.0526,  0.53995,  0.03797,  1.6546,  0.32202
19988, 7132, -0.06007, -0.02231,  0.05439,  0.63292,  0.03797,  1.74757,  0.32202
19989, 7134, -0.05971, -0.01946,  0.05387,  0.63292,  0.00202,  1.74757,  0.30391
19990, 7135, -0.05663, -0.02039,  0.05221,  0.53995,  0.00202,  1.6546,  0.30391
19991, 7133, -0.05603, -0.02367,  0.0526,  0.53995,  0.03797,  1.6546,  0.32202
19992, 7136, -0.06229,  0.0302,  0.03109,  0.54321,  0.17424,  0.01092,  0.43363
19993, 7137, -0.06209,  0.02978,  0.03622,  0.54321,  0.20071,  0.01092,  0.45245
19994, 7138, -0.05747,  0.03332,  0.03746,  0.6343,  0.20071,  0.10201,  0.45245
19995, 7136, -0.06229,  0.0302,  0.03109,  0.54321,  0.17424,  0.01092,  0.43363
19996, 7138, -0.05747,  0.03332,  0.03746,  0.6343,  0.20071,  0.10201,  0.45245
19997, 7139, -0.0579,  0.03367,  0.0322,  0.6343,  0.17424,  0.10201,  0.43363
19998, 7140, -0.06213,  0.02969,  0.04165,  0.54321,  0.23289,  0.01092,  0.47533
19999, 7138, -0.05747,  0.03332,  0.03746,  0.6343,  0.20071,  0.10201,  0.45245
20000, 7137, -0.06209,  0.02978,  0.03622,  0.54321,  0.20071,  0.01092,  0.45245
20001, 7140, -0.06213,  0.02969,  0.04165,  0.54321,  0.23289,  0.01092,  0.47533
20002, 7141, -0.05728,  0.03335,  0.04302,  0.6343,  0.23289,  0.10201,  0.47533
20003, 7138, -0.05747,  0.03332,  0.03746,  0.6343,  0.20071,  0.10201,  0.45245
20004, 7139, -0.0579,  0.03367,  0.0322,  0.6343,  0.17424,  0.10201,  0.43363
20005, 7142, -0.06298,  0.03117,  0.02649,  0.54321,  0.15145,  0.01092,  0.41742
20006, 7136, -0.06229,  0.0302,  0.03109,  0.54321,  0.17424,  0.01092,  0.43363
20007, 7139, -0.0579,  0.03367,  0.0322,  0.6343,  0.17424,  0.10201,  0.43363
20008, 7143, -0.05878,  0.03462,  0.0275,  0.6343,  0.15145,  0.10201,  0.41742
20009, 7142, -0.06298,  0.03117,  0.02649,  0.54321,  0.15145,  0.01092,  0.41742
20010, 7144, -0.06011,  0.03611,  0.02381,  0.6343,  0.13011,  0.10201,  0.40225
20011, 7142, -0.06298,  0.03117,  0.02649,  0.54321,  0.15145,  0.01092,  0.41742
20012, 7143, -0.05878,  0.03462,  0.0275,  0.6343,  0.15145,  0.10201,  0.41742
20013, 7144, -0.06011,  0.03611,  0.02381,  0.6343,  0.13011,  0.10201,  0.40225
20014, 7145, -0.06413,  0.03275,  0.02279,  0.54321,  0.13011,  0.01092,  0.40225
20015, 7142, -0.06298,  0.03117,  0.02649,  0.54321,  0.15145,  0.01092,  0.41742
20016, 7141, -0.05728,  0.03335,  0.04302,  0.6343,  0.23289,  0.10201,  0.47533
20017, 7140, -0.06213,  0.02969,  0.04165,  0.54321,  0.23289,  0.01092,  0.47533
20018, 7146, -0.06216,  0.02974,  0.04717,  0.54321,  0.2728,  0.01092,  0.5037
20019, 7141, -0.05728,  0.03335,  0.04302,  0.6343,  0.23289,  0.10201,  0.47533
20020, 7146, -0.06216,  0.02974,  0.04717,  0.54321,  0.2728,  0.01092,  0.5037
20021, 7147, -0.0571,  0.03351,  0.04864,  0.6343,  0.2728,  0.10201,  0.5037
20022, 7148, -0.05674,  0.03358,  0.05433,  0.6343,  0.32272,  0.10201,  0.5392
20023, 7147, -0.0571,  0.03351,  0.04864,  0.6343,  0.2728,  0.10201,  0.5037
20024, 7146, -0.06216,  0.02974,  0.04717,  0.54321,  0.2728,  0.01092,  0.5037
20025, 7148, -0.05674,  0.03358,  0.05433,  0.6343,  0.32272,  0.10201,  0.5392
20026, 7146, -0.06216,  0.02974,  0.04717,  0.54321,  0.2728,  0.01092,  0.5037
20027, 7149, -0.06198,  0.02972,  0.05281,  0.54321,  0.32272,  0.01092,  0.5392
20028, 7149, -0.06198,  0.02972,  0.05281,  0.54321,  0.32272,  0.01092,  0.5392
20029, 7150, -0.05599,  0.03332,  0.06012,  0.6343,  0.38494,  0.10201,  0.58344
20030, 7148, -0.05674,  0.03358,  0.05433,  0.6343,  0.32272,  0.10201,  0.5392
20031, 7149, -0.06198,  0.02972,  0.05281,  0.54321,  0.32272,  0.01092,  0.5392
20032, 7151, -0.06137,  0.02941,  0.0586,  0.54321,  0.38494,  0.01092,  0.58344
20033, 7150, -0.05599,  0.03332,  0.06012,  0.6343,  0.38494,  0.10201,  0.58344
20034, 7152, -0.06037,  0.02864,  0.06447,  0.54321,  0.45336,  0.01092,  0.63209
20035, 7150, -0.05599,  0.03332,  0.06012,  0.6343,  0.38494,  0.10201,  0.58344
20036, 7151, -0.06137,  0.02941,  0.0586,  0.54321,  0.38494,  0.01092,  0.58344
20037, 7152, -0.06037,  0.02864,  0.06447,  0.54321,  0.45336,  0.01092,  0.63209
20038, 7153, -0.05494,  0.03255,  0.06592,  0.6343,  0.45336,  0.10201,  0.63209
20039, 7150, -0.05599,  0.03332,  0.06012,  0.6343,  0.38494,  0.10201,  0.58344
20040, 7153, -0.05494,  0.03255,  0.06592,  0.6343,  0.45336,  0.10201,  0.63209
20041, 7152, -0.06037,  0.02864,  0.06447,  0.54321,  0.45336,  0.01092,  0.63209
20042, 7154, -0.05905,  0.0272,  0.07036,  0.54321,  0.52186,  0.01092,  0.6808
20043, 7153, -0.05494,  0.03255,  0.06592,  0.6343,  0.45336,  0.10201,  0.63209
20044, 7154, -0.05905,  0.0272,  0.07036,  0.54321,  0.52186,  0.01092,  0.6808
20045, 7155, -0.05369,  0.03109,  0.07169,  0.6343,  0.52186,  0.10201,  0.6808
20046, 7156, -0.05226,  0.02915,  0.07743,  0.6343,  0.59065,  0.10201,  0.72971
20047, 7155, -0.05369,  0.03109,  0.07169,  0.6343,  0.52186,  0.10201,  0.6808
20048, 7154, -0.05905,  0.0272,  0.07036,  0.54321,  0.52186,  0.01092,  0.6808
20049, 7156, -0.05226,  0.02915,  0.07743,  0.6343,  0.59065,  0.10201,  0.72971
20050, 7154, -0.05905,  0.0272,  0.07036,  0.54321,  0.52186,  0.01092,  0.6808
20051, 7157, -0.05736,  0.02521,  0.0761,  0.54321,  0.59065,  0.01092,  0.72971
20052, 7157, -0.05736,  0.02521,  0.0761,  0.54321,  0.59065,  0.01092,  0.72971
20053, 7158, -0.05069,  0.02695,  0.08321,  0.6343,  0.6599,  0.10201,  0.77895
20054, 7156, -0.05226,  0.02915,  0.07743,  0.6343,  0.59065,  0.10201,  0.72971
20055, 7157, -0.05736,  0.02521,  0.0761,  0.54321,  0.59065,  0.01092,  0.72971
20056, 7159, -0.05523,  0.02281,  0.08153,  0.54321,  0.6599,  0.01092,  0.77895
20057, 7158, -0.05069,  0.02695,  0.08321,  0.6343,  0.6599,  0.10201,  0.77895
20058, 7160, -0.05279,  0.02015,  0.08666,  0.54321,  0.72444,  0.01092,  0.82484
20059, 7158, -0.05069,  0.02695,  0.08321,  0.6343,  0.6599,  0.10201,  0.77895
20060, 7159, -0.05523,  0.02281,  0.08153,  0.54321,  0.6599,  0.01092,  0.77895
20061, 7160, -0.05279,  0.02015,  0.08666,  0.54321,  0.72444,  0.01092,  0.82484
20062, 7161, -0.04897,  0.02462,  0.0889,  0.6343,  0.72444,  0.10201,  0.82484
20063, 7158, -0.05069,  0.02695,  0.08321,  0.6343,  0.6599,  0.10201,  0.77895
20064, 7161, -0.04897,  0.02462,  0.0889,  0.6343,  0.72444,  0.10201,  0.82484
20065, 7160, -0.05279,  0.02015,  0.08666,  0.54321,  0.72444,  0.01092,  0.82484
20066, 7162, -0.05017,  0.01736,  0.09149,  0.54321,  0.77909,  0.01092,  0.8637
20067, 7161, -0.04897,  0.02462,  0.0889,  0.6343,  0.72444,  0.10201,  0.82484
20068, 7162, -0.05017,  0.01736,  0.09149,  0.54321,  0.77909,  0.01092,  0.8637
20069, 7163, -0.04712,  0.02227,  0.09439,  0.6343,  0.77909,  0.10201,  0.8637
20070, 7163, -0.04712,  0.02227,  0.09439,  0.6343,  0.77909,  0.10201,  0.8637
20071, 7162, -0.05017,  0.01736,  0.09149,  0.54321,  0.77909,  0.01092,  0.8637
20072, 7164, -0.04747,  0.01452,  0.09616,  0.54321,  0.82879,  0.01092,  0.89904
20073, 7163, -0.04712,  0.02227,  0.09439,  0.6343,  0.77909,  0.10201,  0.8637
20074, 7164, -0.04747,  0.01452,  0.09616,  0.54321,  0.82879,  0.01092,  0.89904
20075, 7165, -0.04522,  0.01992,  0.09978,  0.6343,  0.82879,  0.10201,  0.89904
20076, 7166, -0.06982,  0.04564,  0.02025,  0.6343,  0.00202,  0.10201,  0.31561
20077, 7167, -0.07229,  0.04427,  0.01919,  0.54321,  0.00202,  0.01092,  0.31561
20078, 7168, -0.0699,  0.04096,  0.01888,  0.54321,  0.04377,  0.01092,  0.34308
20079, 7166, -0.06982,  0.04564,  0.02025,  0.6343,  0.00202,  0.10201,  0.31561
20080, 7168, -0.0699,  0.04096,  0.01888,  0.54321,  0.04377,  0.01092,  0.34308
20081, 7169, -0.06679,  0.04294,  0.02018,  0.6343,  0.04377,  0.10201,  0.34308
20082, 7169, -0.06679,  0.04294,  0.02018,  0.6343,  0.04377,  0.10201,  0.34308
20083, 7168, -0.0699,  0.04096,  0.01888,  0.54321,  0.04377,  0.01092,  0.34308
20084, 7170, -0.06765,  0.03781,  0.01909,  0.54321,  0.08071,  0.01092,  0.36768
20085, 7169, -0.06679,  0.04294,  0.02018,  0.6343,  0.04377,  0.10201,  0.34308
20086, 7170, -0.06765,  0.03781,  0.01909,  0.54321,  0.08071,  0.01092,  0.36768
20087, 7171, -0.06404,  0.04037,  0.0205,  0.6343,  0.08071,  0.10201,  0.36768
20088, 7171, -0.06404,  0.04037,  0.0205,  0.6343,  0.08071,  0.10201,  0.36768
20089, 7170, -0.06765,  0.03781,  0.01909,  0.54321,  0.08071,  0.01092,  0.36768
20090, 7172, -0.0657,  0.03502,  0.02036,  0.54321,  0.10801,  0.01092,  0.38653
20091, 7171, -0.06404,  0.04037,  0.0205,  0.6343,  0.08071,  0.10201,  0.36768
20092, 7172, -0.0657,  0.03502,  0.02036,  0.54321,  0.10801,  0.01092,  0.38653
20093, 7173, -0.06183,  0.03806,  0.0216,  0.6343,  0.10801,  0.10201,  0.38653
20094, 7173, -0.06183,  0.03806,  0.0216,  0.6343,  0.10801,  0.10201,  0.38653
20095, 7172, -0.0657,  0.03502,  0.02036,  0.54321,  0.10801,  0.01092,  0.38653
20096, 7145, -0.06413,  0.03275,  0.02279,  0.54321,  0.13011,  0.01092,  0.40225
20097, 7173, -0.06183,  0.03806,  0.0216,  0.6343,  0.10801,  0.10201,  0.38653
20098, 7145, -0.06413,  0.03275,  0.02279,  0.54321,  0.13011,  0.01092,  0.40225
20099, 7144, -0.06011,  0.03611,  0.02381,  0.6343,  0.13011,  0.10201,  0.40225
20100, 7174,  0.04622, -0.06665,  0.07522,  0.65006,  0.60017,  0.54995,  0.92819
20101, 7175,  0.05635, -0.0616,  0.07845,  0.65006,  0.55125,  0.54995,  0.95778
20102, 7176,  0.05653, -0.06037,  0.08295,  0.55306,  0.55125,  0.45782,  0.95778
20103, 7174,  0.04622, -0.06665,  0.07522,  0.65006,  0.60017,  0.54995,  0.92819
20104, 7176,  0.05653, -0.06037,  0.08295,  0.55306,  0.55125,  0.45782,  0.95778
20105, 7177,  0.04617, -0.0651,  0.0799,  0.55306,  0.60017,  0.45782,  0.92819
20106, 7178,  0.0666, -0.05597,  0.08144,  0.65006,  0.49887,  0.54995,  0.98641
20107, 7176,  0.05653, -0.06037,  0.08295,  0.55306,  0.55125,  0.45782,  0.95778
20108, 7175,  0.05635, -0.0616,  0.07845,  0.65006,  0.55125,  0.54995,  0.95778
20109, 7178,  0.0666, -0.05597,  0.08144,  0.65006,  0.49887,  0.54995,  0.98641
20110, 7179,  0.06699, -0.05517,  0.08581,  0.55306,  0.49887,  0.45782,  0.98641
20111, 7176,  0.05653, -0.06037,  0.08295,  0.55306,  0.55125,  0.45782,  0.95778
20112, 7177,  0.04617, -0.0651,  0.0799,  0.55306,  0.60017,  0.45782,  0.92819
20113, 7180,  0.03629, -0.07054,  0.07152,  0.65006,  0.64215,  0.54995,  0.89668
20114, 7174,  0.04622, -0.06665,  0.07522,  0.65006,  0.60017,  0.54995,  0.92819
20115, 7177,  0.04617, -0.0651,  0.0799,  0.55306,  0.60017,  0.45782,  0.92819
20116, 7181,  0.03603, -0.06892,  0.07644,  0.55306,  0.64215,  0.45782,  0.89668
20117, 7180,  0.03629, -0.07054,  0.07152,  0.65006,  0.64215,  0.54995,  0.89668
20118, 7182,  0.0265, -0.07186,  0.0735,  0.55306,  0.67943,  0.45782,  0.86511
20119, 7180,  0.03629, -0.07054,  0.07152,  0.65006,  0.64215,  0.54995,  0.89668
20120, 7181,  0.03603, -0.06892,  0.07644,  0.55306,  0.64215,  0.45782,  0.89668
20121, 7182,  0.0265, -0.07186,  0.0735,  0.55306,  0.67943,  0.45782,  0.86511
20122, 7183,  0.02703, -0.07326,  0.06836,  0.65006,  0.67943,  0.54995,  0.86511
20123, 7180,  0.03629, -0.07054,  0.07152,  0.65006,  0.64215,  0.54995,  0.89668
20124, 7182,  0.0265, -0.07186,  0.0735,  0.55306,  0.67943,  0.45782,  0.86511
20125, 7184,  0.01888, -0.07477,  0.06674,  0.65006,  0.71423,  0.54995,  0.83537
20126, 7183,  0.02703, -0.07326,  0.06836,  0.65006,  0.67943,  0.54995,  0.86511
20127, 7182,  0.0265, -0.07186,  0.0735,  0.55306,  0.67943,  0.45782,  0.86511
20128, 7185,  0.01797, -0.07396,  0.07199,  0.55306,  0.71423,  0.45782,  0.83537
20129, 7184,  0.01888, -0.07477,  0.06674,  0.65006,  0.71423,  0.54995,  0.83537
20130, 7186,  0.01014, -0.07537,  0.07159,  0.55306,  0.74706,  0.45782,  0.80566
20131, 7184,  0.01888, -0.07477,  0.06674,  0.65006,  0.71423,  0.54995,  0.83537
20132, 7185,  0.01797, -0.07396,  0.07199,  0.55306,  0.71423,  0.45782,  0.83537
20133, 7186,  0.01014, -0.07537,  0.07159,  0.55306,  0.74706,  0.45782,  0.80566
20134, 7187,  0.01126, -0.0757,  0.06633,  0.65006,  0.74706,  0.54995,  0.80566
20135, 7184,  0.01888, -0.07477,  0.06674,  0.65006,  0.71423,  0.54995,  0.83537
20136, 7188,  0.00274, -0.07623,  0.07195,  0.55306,  0.77847,  0.45782,  0.77416
20137, 7187,  0.01126, -0.0757,  0.06633,  0.65006,  0.74706,  0.54995,  0.80566
20138, 7186,  0.01014, -0.07537,  0.07159,  0.55306,  0.74706,  0.45782,  0.80566
20139, 7188,  0.00274, -0.07623,  0.07195,  0.55306,  0.77847,  0.45782,  0.77416
20140, 7189,  0.00359, -0.0767,  0.06683,  0.65006,  0.77847,  0.54995,  0.77416
20141, 7187,  0.01126, -0.0757,  0.06633,  0.65006,  0.74706,  0.54995,  0.80566
20142, 7190, -0.00431, -0.07618,  0.0731,  0.55306,  0.80562,  0.45782,  0.74233
20143, 7189,  0.00359, -0.0767,  0.06683,  0.65006,  0.77847,  0.54995,  0.77416
20144, 7188,  0.00274, -0.07623,  0.07195,  0.55306,  0.77847,  0.45782,  0.77416
20145, 7190, -0.00431, -0.07618,  0.0731,  0.55306,  0.80562,  0.45782,  0.74233
20146, 7191, -0.00384, -0.07705,  0.06819,  0.65006,  0.80562,  0.54995,  0.74233
20147, 7189,  0.00359, -0.0767,  0.06683,  0.65006,  0.77847,  0.54995,  0.77416
20148, 7191, -0.00384, -0.07705,  0.06819,  0.65006,  0.80562,  0.54995,  0.74233
20149, 7190, -0.00431, -0.07618,  0.0731,  0.55306,  0.80562,  0.45782,  0.74233
20150, 7192, -0.01105, -0.07484,  0.07505,  0.55306,  0.82569,  0.45782,  0.71163
20151, 7191, -0.00384, -0.07705,  0.06819,  0.65006,  0.80562,  0.54995,  0.74233
20152, 7192, -0.01105, -0.07484,  0.07505,  0.55306,  0.82569,  0.45782,  0.71163
20153, 7193, -0.01073, -0.07603,  0.07036,  0.65006,  0.82569,  0.54995,  0.71163
20154, 7194, -0.01667, -0.07406,  0.07306,  0.65006,  0.84221,  0.54995,  0.67733
20155, 7193, -0.01073, -0.07603,  0.07036,  0.65006,  0.82569,  0.54995,  0.71163
20156, 7192, -0.01105, -0.07484,  0.07505,  0.55306,  0.82569,  0.45782,  0.71163
20157, 7194, -0.01667, -0.07406,  0.07306,  0.65006,  0.84221,  0.54995,  0.67733
20158, 7192, -0.01105, -0.07484,  0.07505,  0.55306,  0.82569,  0.45782,  0.71163
20159, 7195, -0.01676, -0.07285,  0.07719,  0.55306,  0.84221,  0.45782,  0.67733
20160, 7195, -0.01676, -0.07285,  0.07719,  0.55306,  0.84221,  0.45782,  0.67733
20161, 7196, -0.02128, -0.07159,  0.07599,  0.65006,  0.85874,  0.54995,  0.63471
20162, 7194, -0.01667, -0.07406,  0.07306,  0.65006,  0.84221,  0.54995,  0.67733
20163, 7195, -0.01676, -0.07285,  0.07719,  0.55306,  0.84221,  0.45782,  0.67733
20164, 7197, -0.02071, -0.07085,  0.07891,  0.55306,  0.85874,  0.45782,  0.63471
20165, 7196, -0.02128, -0.07159,  0.07599,  0.65006,  0.85874,  0.54995,  0.63471
20166, 7198, -0.02378, -0.06884,  0.08041,  0.55306,  0.87526,  0.45782,  0.58792
20167, 7196, -0.02128, -0.07159,  0.07599,  0.65006,  0.85874,  0.54995,  0.63471
20168, 7197, -0.02071, -0.07085,  0.07891,  0.55306,  0.85874,  0.45782,  0.63471
20169, 7198, -0.02378, -0.06884,  0.08041,  0.55306,  0.87526,  0.45782,  0.58792
20170, 7199, -0.02521, -0.06886,  0.07903,  0.65006,  0.87526,  0.54995,  0.58792
20171, 7196, -0.02128, -0.07159,  0.07599,  0.65006,  0.85874,  0.54995,  0.63471
20172, 7200, -0.02429,  0.06725,  0.08637,  0.54306,  0.44428,  0.41624,  0.67428
20173, 7201, -0.02311,  0.06953,  0.08385,  0.54306,  0.36574,  0.41624,  0.65186
20174, 7202, -0.02699,  0.06953,  0.08389,  0.62578,  0.36574,  0.45479,  0.65186
20175, 7200, -0.02429,  0.06725,  0.08637,  0.54306,  0.44428,  0.41624,  0.67428
20176, 7202, -0.02699,  0.06953,  0.08389,  0.62578,  0.36574,  0.45479,  0.65186
20177, 7203, -0.02829,  0.06636,  0.08654,  0.62578,  0.44428,  0.45479,  0.67428
20178, 7204, -0.02158,  0.07137,  0.08109,  0.54306,  0.31018,  0.41624,  0.62947
20179, 7202, -0.02699,  0.06953,  0.08389,  0.62578,  0.36574,  0.45479,  0.65186
20180, 7201, -0.02311,  0.06953,  0.08385,  0.54306,  0.36574,  0.41624,  0.65186
20181, 7204, -0.02158,  0.07137,  0.08109,  0.54306,  0.31018,  0.41624,  0.62947
20182, 7205, -0.02526,  0.07195,  0.08108,  0.62578,  0.31018,  0.45479,  0.62947
20183, 7202, -0.02699,  0.06953,  0.08389,  0.62578,  0.36574,  0.45479,  0.65186
20184, 7204, -0.02158,  0.07137,  0.08109,  0.54306,  0.31018,  0.41624,  0.62947
20185, 7206, -0.02307,  0.07392,  0.07833,  0.62578,  0.25846,  0.45479,  0.60863
20186, 7205, -0.02526,  0.07195,  0.08108,  0.62578,  0.31018,  0.45479,  0.62947
20187, 7204, -0.02158,  0.07137,  0.08109,  0.54306,  0.31018,  0.41624,  0.62947
20188, 7207, -0.01983,  0.07297,  0.07828,  0.54306,  0.25846,  0.41624,  0.60863
20189, 7206, -0.02307,  0.07392,  0.07833,  0.62578,  0.25846,  0.45479,  0.60863
20190, 7208, -0.01776,  0.07439,  0.07522,  0.54306,  0.21424,  0.41624,  0.59081
20191, 7206, -0.02307,  0.07392,  0.07833,  0.62578,  0.25846,  0.45479,  0.60863
20192, 7207, -0.01983,  0.07297,  0.07828,  0.54306,  0.25846,  0.41624,  0.60863
20193, 7208, -0.01776,  0.07439,  0.07522,  0.54306,  0.21424,  0.41624,  0.59081
20194, 7209, -0.02045,  0.07559,  0.07544,  0.62578,  0.21424,  0.45479,  0.59081
20195, 7206, -0.02307,  0.07392,  0.07833,  0.62578,  0.25846,  0.45479,  0.60863
20196, 7209, -0.02045,  0.07559,  0.07544,  0.62578,  0.21424,  0.45479,  0.59081
20197, 7208, -0.01776,  0.07439,  0.07522,  0.54306,  0.21424,  0.41624,  0.59081
20198, 7210, -0.01527,  0.07565,  0.07172,  0.54306,  0.18114,  0.41624,  0.57748
20199, 7209, -0.02045,  0.07559,  0.07544,  0.62578,  0.21424,  0.45479,  0.59081
20200, 7210, -0.01527,  0.07565,  0.07172,  0.54306,  0.18114,  0.41624,  0.57748
20201, 7211, -0.01738,  0.07711,  0.07222,  0.62578,  0.18114,  0.45479,  0.57748
20202, 7212, -0.01401,  0.07867,  0.06922,  0.62578,  0.14155,  0.45479,  0.56462
20203, 7211, -0.01738,  0.07711,  0.07222,  0.62578,  0.18114,  0.45479,  0.57748
20204, 7210, -0.01527,  0.07565,  0.07172,  0.54306,  0.18114,  0.41624,  0.57748
20205, 7212, -0.01401,  0.07867,  0.06922,  0.62578,  0.14155,  0.45479,  0.56462
20206, 7210, -0.01527,  0.07565,  0.07172,  0.54306,  0.18114,  0.41624,  0.57748
20207, 7213, -0.01244,  0.07695,  0.06839,  0.54306,  0.14155,  0.41624,  0.56462
20208, 7214, -0.00934,  0.07847,  0.06583,  0.54306,  0.07782,  0.41624,  0.54825
20209, 7212, -0.01401,  0.07867,  0.06922,  0.62578,  0.14155,  0.45479,  0.56462
20210, 7213, -0.01244,  0.07695,  0.06839,  0.54306,  0.14155,  0.41624,  0.56462
20211, 7214, -0.00934,  0.07847,  0.06583,  0.54306,  0.07782,  0.41624,  0.54825
20212, 7215, -0.01043,  0.08046,  0.06703,  0.62578,  0.07782,  0.45479,  0.54825
20213, 7212, -0.01401,  0.07867,  0.06922,  0.62578,  0.14155,  0.45479,  0.56462
20214, 7216, -0.00609,  0.08009,  0.06367,  0.54306,  0.00202,  0.41624,  0.5301
20215, 7215, -0.01043,  0.08046,  0.06703,  0.62578,  0.07782,  0.45479,  0.54825
20216, 7214, -0.00934,  0.07847,  0.06583,  0.54306,  0.07782,  0.41624,  0.54825
20217, 7216, -0.00609,  0.08009,  0.06367,  0.54306,  0.00202,  0.41624,  0.5301
20218, 7217, -0.00676,  0.08236,  0.06523,  0.62578,  0.00202,  0.45479,  0.5301
20219, 7215, -0.01043,  0.08046,  0.06703,  0.62578,  0.07782,  0.45479,  0.54825
20220, 7203, -0.02829,  0.06636,  0.08654,  0.62578,  0.44428,  0.45479,  0.67428
20221, 7218, -0.02917,  0.06211,  0.0888,  0.62578,  0.56491,  0.45479,  0.69522
20222, 7219, -0.02502,  0.06432,  0.08844,  0.54306,  0.56491,  0.41624,  0.69522
20223, 7220, -0.02984,  0.05732,  0.09087,  0.62578,  0.7066,  0.45479,  0.71541
20224, 7219, -0.02502,  0.06432,  0.08844,  0.54306,  0.56491,  0.41624,  0.69522
20225, 7218, -0.02917,  0.06211,  0.0888,  0.62578,  0.56491,  0.45479,  0.69522
20226, 7220, -0.02984,  0.05732,  0.09087,  0.62578,  0.7066,  0.45479,  0.71541
20227, 7221, -0.02552,  0.06107,  0.09029,  0.54306,  0.7066,  0.41624,  0.71541
20228, 7219, -0.02502,  0.06432,  0.08844,  0.54306,  0.56491,  0.41624,  0.69522
20229, 7203, -0.02829,  0.06636,  0.08654,  0.62578,  0.44428,  0.45479,  0.67428
20230, 7219, -0.02502,  0.06432,  0.08844,  0.54306,  0.56491,  0.41624,  0.69522
20231, 7200, -0.02429,  0.06725,  0.08637,  0.54306,  0.44428,  0.41624,  0.67428
20232, 7222, -0.0228,  0.05592,  0.08809,  0.63587,  0.49887,  0.72681,  0.55148
20233, 7223, -0.0215,  0.0588,  0.08986,  0.63587,  0.51579,  0.72681,  0.56823
20234, 7224, -0.0242,  0.05471,  0.09215,  0.54492,  0.51579,  0.65591,  0.56823
20235, 7222, -0.0228,  0.05592,  0.08809,  0.63587,  0.49887,  0.72681,  0.55148
20236, 7224, -0.0242,  0.05471,  0.09215,  0.54492,  0.51579,  0.65591,  0.56823
20237, 7225, -0.02533,  0.05365,  0.09027,  0.54492,  0.49887,  0.65591,  0.55148
20238, 7226, -0.02088,  0.06102,  0.09137,  0.63587,  0.53439,  0.72681,  0.58665
20239, 7224, -0.0242,  0.05471,  0.09215,  0.54492,  0.51579,  0.65591,  0.56823
20240, 7223, -0.0215,  0.0588,  0.08986,  0.63587,  0.51579,  0.72681,  0.56823
20241, 7226, -0.02088,  0.06102,  0.09137,  0.63587,  0.53439,  0.72681,  0.58665
20242, 7227, -0.02353,  0.05542,  0.09376,  0.54492,  0.53439,  0.65591,  0.58665
20243, 7224, -0.0242,  0.05471,  0.09215,  0.54492,  0.51579,  0.65591,  0.56823
20244, 7226, -0.02088,  0.06102,  0.09137,  0.63587,  0.53439,  0.72681,  0.58665
20245, 7228, -0.0238,  0.05542,  0.09484,  0.54492,  0.55635,  0.65591,  0.60839
20246, 7227, -0.02353,  0.05542,  0.09376,  0.54492,  0.53439,  0.65591,  0.58665
20247, 7226, -0.02088,  0.06102,  0.09137,  0.63587,  0.53439,  0.72681,  0.58665
20248, 7229, -0.02164,  0.06194,  0.09239,  0.63587,  0.55635,  0.72681,  0.60839
20249, 7228, -0.0238,  0.05542,  0.09484,  0.54492,  0.55635,  0.65591,  0.60839
20250, 7230, -0.0249,  0.05498,  0.09583,  0.54492,  0.58057,  0.65591,  0.63238
20251, 7228, -0.0238,  0.05542,  0.09484,  0.54492,  0.55635,  0.65591,  0.60839
20252, 7229, -0.02164,  0.06194,  0.09239,  0.63587,  0.55635,  0.72681,  0.60839
20253, 7230, -0.0249,  0.05498,  0.09583,  0.54492,  0.58057,  0.65591,  0.63238
20254, 7229, -0.02164,  0.06194,  0.09239,  0.63587,  0.55635,  0.72681,  0.60839
20255, 7231, -0.0236,  0.06172,  0.09348,  0.63587,  0.58057,  0.72681,  0.63238
20256, 7230, -0.0249,  0.05498,  0.09583,  0.54492,  0.58057,  0.65591,  0.63238
20257, 7231, -0.0236,  0.06172,  0.09348,  0.63587,  0.58057,  0.72681,  0.63238
20258, 7232, -0.02656,  0.06056,  0.0952,  0.63587,  0.60597,  0.72681,  0.65752
20259, 7230, -0.0249,  0.05498,  0.09583,  0.54492,  0.58057,  0.65591,  0.63238
20260, 7232, -0.02656,  0.06056,  0.0952,  0.63587,  0.60597,  0.72681,  0.65752
20261, 7233, -0.02671,  0.05434,  0.09721,  0.54492,  0.60597,  0.65591,  0.65752
20262, 7234, -0.02914,  0.05316,  0.09852,  0.54492,  0.63198,  0.65591,  0.68328
20263, 7233, -0.02671,  0.05434,  0.09721,  0.54492,  0.60597,  0.65591,  0.65752
20264, 7232, -0.02656,  0.06056,  0.0952,  0.63587,  0.60597,  0.72681,  0.65752
20265, 7234, -0.02914,  0.05316,  0.09852,  0.54492,  0.63198,  0.65591,  0.68328
20266, 7232, -0.02656,  0.06056,  0.0952,  0.63587,  0.60597,  0.72681,  0.65752
20267, 7235, -0.02995,  0.05844,  0.09682,  0.63587,  0.63198,  0.72681,  0.68328
20268, 7236, -0.03318,  0.05537,  0.09758,  0.63587,  0.65804,  0.72681,  0.70908
20269, 7234, -0.02914,  0.05316,  0.09852,  0.54492,  0.63198,  0.65591,  0.68328
20270, 7235, -0.02995,  0.05844,  0.09682,  0.63587,  0.63198,  0.72681,  0.68328
20271, 7236, -0.03318,  0.05537,  0.09758,  0.63587,  0.65804,  0.72681,  0.70908
20272, 7237, -0.03208,  0.05108,  0.09928,  0.54492,  0.65804,  0.65591,  0.70908
20273, 7234, -0.02914,  0.05316,  0.09852,  0.54492,  0.63198,  0.65591,  0.68328
20274, 7238, -0.0361,  0.05145,  0.09778,  0.63587,  0.68359,  0.72681,  0.73438
20275, 7237, -0.03208,  0.05108,  0.09928,  0.54492,  0.65804,  0.65591,  0.70908
20276, 7236, -0.03318,  0.05537,  0.09758,  0.63587,  0.65804,  0.72681,  0.70908
20277, 7238, -0.0361,  0.05145,  0.09778,  0.63587,  0.68359,  0.72681,  0.73438
20278, 7239, -0.03503,  0.04821,  0.09962,  0.54492,  0.68359,  0.65591,  0.73438
20279, 7237, -0.03208,  0.05108,  0.09928,  0.54492,  0.65804,  0.65591,  0.70908
20280, 7239, -0.03503,  0.04821,  0.09962,  0.54492,  0.68359,  0.65591,  0.73438
20281, 7238, -0.0361,  0.05145,  0.09778,  0.63587,  0.68359,  0.72681,  0.73438
20282, 7240, -0.03858,  0.04681,  0.0977,  0.63587,  0.70809,  0.72681,  0.75863
20283, 7239, -0.03503,  0.04821,  0.09962,  0.54492,  0.68359,  0.65591,  0.73438
20284, 7240, -0.03858,  0.04681,  0.0977,  0.63587,  0.70809,  0.72681,  0.75863
20285, 7241, -0.03749,  0.04464,  0.09964,  0.54492,  0.70809,  0.65591,  0.75863
20286, 7241, -0.03749,  0.04464,  0.09964,  0.54492,  0.70809,  0.65591,  0.75863
20287, 7240, -0.03858,  0.04681,  0.0977,  0.63587,  0.70809,  0.72681,  0.75863
20288, 7242, -0.04034,  0.0426,  0.09754,  0.63587,  0.73245,  0.72681,  0.78275
20289, 7241, -0.03749,  0.04464,  0.09964,  0.54492,  0.70809,  0.65591,  0.75863
20290, 7242, -0.04034,  0.0426,  0.09754,  0.63587,  0.73245,  0.72681,  0.78275
20291, 7243, -0.03927,  0.04114,  0.09956,  0.54492,  0.73245,  0.65591,  0.78275
20292, 7242, -0.04034,  0.0426,  0.09754,  0.63587,  0.73245,  0.72681,  0.78275
20293, 7244, -0.04018,  0.03853,  0.09962,  0.54492,  0.7576,  0.65591,  0.80765
20294, 7243, -0.03927,  0.04114,  0.09956,  0.54492,  0.73245,  0.65591,  0.78275
20295, 7242, -0.04034,  0.0426,  0.09754,  0.63587,  0.73245,  0.72681,  0.78275
20296, 7245, -0.04107,  0.04,  0.09748,  0.63587,  0.7576,  0.72681,  0.80765
20297, 7244, -0.04018,  0.03853,  0.09962,  0.54492,  0.7576,  0.65591,  0.80765
20298, 7246, -0.04066,  0.03636,  0.09974,  0.54492,  0.78314,  0.65591,  0.83294
20299, 7244, -0.04018,  0.03853,  0.09962,  0.54492,  0.7576,  0.65591,  0.80765
20300, 7245, -0.04107,  0.04,  0.09748,  0.63587,  0.7576,  0.72681,  0.80765
20301, 7246, -0.04066,  0.03636,  0.09974,  0.54492,  0.78314,  0.65591,  0.83294
20302, 7245, -0.04107,  0.04,  0.09748,  0.63587,  0.7576,  0.72681,  0.80765
20303, 7247, -0.04129,  0.0382,  0.09748,  0.63587,  0.78314,  0.72681,  0.83294
20304, 7248, -0.03441,  0.0536,  0.08055,  0.59887,  0.55704,  0.77163,  0.62713
20305, 7249, -0.03396,  0.05816,  0.08325,  0.54702,  0.55704,  0.71978,  0.62713
20306, 7250, -0.03023,  0.05805,  0.08159,  0.54702,  0.52754,  0.71978,  0.57565
20307, 7248, -0.03441,  0.0536,  0.08055,  0.59887,  0.55704,  0.77163,  0.62713
20308, 7250, -0.03023,  0.05805,  0.08159,  0.54702,  0.52754,  0.71978,  0.57565
20309, 7251, -0.03142,  0.0542,  0.0796,  0.59887,  0.52754,  0.77163,  0.57565
20310, 7251, -0.03142,  0.0542,  0.0796,  0.59887,  0.52754,  0.77163,  0.57565
20311, 7250, -0.03023,  0.05805,  0.08159,  0.54702,  0.52754,  0.71978,  0.57565
20312, 7252, -0.0259,  0.05688,  0.08002,  0.54702,  0.49887,  0.71978,  0.52562
20313, 7251, -0.03142,  0.0542,  0.0796,  0.59887,  0.52754,  0.77163,  0.57565
20314, 7252, -0.0259,  0.05688,  0.08002,  0.54702,  0.49887,  0.71978,  0.52562
20315, 7253, -0.02798,  0.05363,  0.07889,  0.59887,  0.49887,  0.77163,  0.52562
20316, 7249, -0.03396,  0.05816,  0.08325,  0.54702,  0.55704,  0.71978,  0.62713
20317, 7248, -0.03441,  0.0536,  0.08055,  0.59887,  0.55704,  0.77163,  0.62713
20318, 7254, -0.0365,  0.05069,  0.08201,  0.59887,  0.58819,  0.77163,  0.6815
20319, 7249, -0.03396,  0.05816,  0.08325,  0.54702,  0.55704,  0.71978,  0.62713
20320, 7254, -0.0365,  0.05069,  0.08201,  0.59887,  0.58819,  0.77163,  0.6815
20321, 7255, -0.03647,  0.05616,  0.08512,  0.54702,  0.58819,  0.71978,  0.6815
20322, 7255, -0.03647,  0.05616,  0.08512,  0.54702,  0.58819,  0.71978,  0.6815
20323, 7254, -0.0365,  0.05069,  0.08201,  0.59887,  0.58819,  0.77163,  0.6815
20324, 7256, -0.03806,  0.04676,  0.08397,  0.59887,  0.61977,  0.77163,  0.73662
20325, 7255, -0.03647,  0.05616,  0.08512,  0.54702,  0.58819,  0.71978,  0.6815
20326, 7256, -0.03806,  0.04676,  0.08397,  0.59887,  0.61977,  0.77163,  0.73662
20327, 7257, -0.03809,  0.05292,  0.08706,  0.54702,  0.61977,  0.71978,  0.73662
20328, 7256, -0.03806,  0.04676,  0.08397,  0.59887,  0.61977,  0.77163,  0.73662
20329, 7258, -0.03914,  0.04931,  0.08895,  0.54702,  0.65055,  0.71978,  0.79033
20330, 7257, -0.03809,  0.05292,  0.08706,  0.54702,  0.61977,  0.71978,  0.73662
20331, 7256, -0.03806,  0.04676,  0.08397,  0.59887,  0.61977,  0.77163,  0.73662
20332, 7259, -0.03946,  0.04309,  0.08641,  0.59887,  0.65055,  0.77163,  0.79033
20333, 7258, -0.03914,  0.04931,  0.08895,  0.54702,  0.65055,  0.71978,  0.79033
20334, 7260, -0.04064,  0.03973,  0.08921,  0.59887,  0.68351,  0.77163,  0.84785
20335, 7258, -0.03914,  0.04931,  0.08895,  0.54702,  0.65055,  0.71978,  0.79033
20336, 7259, -0.03946,  0.04309,  0.08641,  0.59887,  0.65055,  0.77163,  0.79033
20337, 7260, -0.04064,  0.03973,  0.08921,  0.59887,  0.68351,  0.77163,  0.84785
20338, 7261, -0.03987,  0.04555,  0.09088,  0.54702,  0.68351,  0.71978,  0.84785
20339, 7258, -0.03914,  0.04931,  0.08895,  0.54702,  0.65055,  0.71978,  0.79033
20340, 7260, -0.04064,  0.03973,  0.08921,  0.59887,  0.68351,  0.77163,  0.84785
20341, 7262, -0.04054,  0.04184,  0.09294,  0.54702,  0.72163,  0.71978,  0.91437
20342, 7261, -0.03987,  0.04555,  0.09088,  0.54702,  0.68351,  0.71978,  0.84785
20343, 7260, -0.04064,  0.03973,  0.08921,  0.59887,  0.68351,  0.77163,  0.84785
20344, 7263, -0.04158,  0.03676,  0.09225,  0.59887,  0.72163,  0.77163,  0.91437
20345, 7262, -0.04054,  0.04184,  0.09294,  0.54702,  0.72163,  0.71978,  0.91437
20346, 7264, -0.04238,  0.03397,  0.0954,  0.59887,  0.76232,  0.77163,  0.98539
20347, 7262, -0.04054,  0.04184,  0.09294,  0.54702,  0.72163,  0.71978,  0.91437
20348, 7263, -0.04158,  0.03676,  0.09225,  0.59887,  0.72163,  0.77163,  0.91437
20349, 7264, -0.04238,  0.03397,  0.0954,  0.59887,  0.76232,  0.77163,  0.98539
20350, 7265, -0.04117,  0.03817,  0.09506,  0.54702,  0.76232,  0.71978,  0.98539
20351, 7262, -0.04054,  0.04184,  0.09294,  0.54702,  0.72163,  0.71978,  0.91437
20352, 7266,  0.00575,  0.0729,  0.08142,  0.63377,  0.64397,  0.73572,  0.60698
20353, 7267,  0.00164,  0.06994,  0.08478,  0.58192,  0.64397,  0.68386,  0.60698
20354, 7268,  0.00293,  0.06712,  0.08318,  0.58192,  0.60194,  0.68386,  0.55833
20355, 7266,  0.00575,  0.0729,  0.08142,  0.63377,  0.64397,  0.73572,  0.60698
20356, 7268,  0.00293,  0.06712,  0.08318,  0.58192,  0.60194,  0.68386,  0.55833
20357, 7269,  0.00697,  0.06907,  0.08017,  0.63377,  0.60194,  0.73572,  0.55833
20358, 7269,  0.00697,  0.06907,  0.08017,  0.63377,  0.60194,  0.73572,  0.55833
20359, 7268,  0.00293,  0.06712,  0.08318,  0.58192,  0.60194,  0.68386,  0.55833
20360, 7270,  0.00271,  0.06355,  0.08162,  0.58192,  0.55992,  0.68386,  0.5097
20361, 7269,  0.00697,  0.06907,  0.08017,  0.63377,  0.60194,  0.73572,  0.55833
20362, 7270,  0.00271,  0.06355,  0.08162,  0.58192,  0.55992,  0.68386,  0.5097
20363, 7271,  0.00641,  0.06422,  0.07896,  0.63377,  0.55992,  0.73572,  0.5097
20364, 7267,  0.00164,  0.06994,  0.08478,  0.58192,  0.64397,  0.68386,  0.60698
20365, 7266,  0.00575,  0.0729,  0.08142,  0.63377,  0.64397,  0.73572,  0.60698
20366, 7272,  0.00098,  0.0747,  0.08276,  0.63377,  0.68601,  0.73572,  0.65563
20367, 7267,  0.00164,  0.06994,  0.08478,  0.58192,  0.64397,  0.68386,  0.60698
20368, 7272,  0.00098,  0.0747,  0.08276,  0.63377,  0.68601,  0.73572,  0.65563
20369, 7273, -0.00266,  0.07125,  0.08646,  0.58192,  0.68601,  0.68386,  0.65563
20370, 7273, -0.00266,  0.07125,  0.08646,  0.58192,  0.68601,  0.68386,  0.65563
20371, 7272,  0.00098,  0.0747,  0.08276,  0.63377,  0.68601,  0.73572,  0.65563
20372, 7274, -0.00554,  0.07471,  0.08404,  0.63377,  0.72621,  0.73572,  0.70215
20373, 7273, -0.00266,  0.07125,  0.08646,  0.58192,  0.68601,  0.68386,  0.65563
20374, 7274, -0.00554,  0.07471,  0.08404,  0.63377,  0.72621,  0.73572,  0.70215
20375, 7275, -0.00846,  0.07108,  0.08788,  0.58192,  0.72621,  0.68386,  0.70215
20376, 7274, -0.00554,  0.07471,  0.08404,  0.63377,  0.72621,  0.73572,  0.70215
20377, 7276, -0.01427,  0.06951,  0.08868,  0.58192,  0.76272,  0.68386,  0.74441
20378, 7275, -0.00846,  0.07108,  0.08788,  0.58192,  0.72621,  0.68386,  0.70215
20379, 7274, -0.00554,  0.07471,  0.08404,  0.63377,  0.72621,  0.73572,  0.70215
20380, 7277, -0.01201,  0.07315,  0.08511,  0.63377,  0.76272,  0.73572,  0.74441
20381, 7276, -0.01427,  0.06951,  0.08868,  0.58192,  0.76272,  0.68386,  0.74441
20382, 7278, -0.01967,  0.06718,  0.08885,  0.58192,  0.79846,  0.68386,  0.78577
20383, 7276, -0.01427,  0.06951,  0.08868,  0.58192,  0.76272,  0.68386,  0.74441
20384, 7277, -0.01201,  0.07315,  0.08511,  0.63377,  0.76272,  0.73572,  0.74441
20385, 7278, -0.01967,  0.06718,  0.08885,  0.58192,  0.79846,  0.68386,  0.78577
20386, 7277, -0.01201,  0.07315,  0.08511,  0.63377,  0.76272,  0.73572,  0.74441
20387, 7279, -0.01798,  0.07063,  0.08579,  0.63377,  0.79846,  0.73572,  0.78577
20388, 7279, -0.01798,  0.07063,  0.08579,  0.63377,  0.79846,  0.73572,  0.78577
20389, 7280, -0.02426,  0.06478,  0.0884,  0.58192,  0.83633,  0.68386,  0.8296
20390, 7278, -0.01967,  0.06718,  0.08885,  0.58192,  0.79846,  0.68386,  0.78577
20391, 7279, -0.01798,  0.07063,  0.08579,  0.63377,  0.79846,  0.73572,  0.78577
20392, 7281, -0.02302,  0.06772,  0.0859,  0.63377,  0.83633,  0.73572,  0.8296
20393, 7280, -0.02426,  0.06478,  0.0884,  0.58192,  0.83633,  0.68386,  0.8296
20394, 7282, -0.0276,  0.06463,  0.08573,  0.63377,  0.87526,  0.73572,  0.87466
20395, 7280, -0.02426,  0.06478,  0.0884,  0.58192,  0.83633,  0.68386,  0.8296
20396, 7281, -0.02302,  0.06772,  0.0859,  0.63377,  0.83633,  0.73572,  0.8296
20397, 7282, -0.0276,  0.06463,  0.08573,  0.63377,  0.87526,  0.73572,  0.87466
20398, 7283, -0.02844,  0.06234,  0.08763,  0.58192,  0.87526,  0.68386,  0.87466
20399, 7280, -0.02426,  0.06478,  0.0884,  0.58192,  0.83633,  0.68386,  0.8296
20400, 7284,  0.01714,  0.07229,  0.07941,  0.30082,  0.65303,  0.73778,  0.60698
20401, 7285,  0.01055,  0.07022,  0.08119,  0.24897,  0.65303,  0.68592,  0.60698
20402, 7286,  0.01274,  0.06739,  0.0804,  0.24897,  0.611,  0.68592,  0.55833
20403, 7284,  0.01714,  0.07229,  0.07941,  0.30082,  0.65303,  0.73778,  0.60698
20404, 7286,  0.01274,  0.06739,  0.0804,  0.24897,  0.611,  0.68592,  0.55833
20405, 7287,  0.01968,  0.06828,  0.07903,  0.30082,  0.611,  0.73778,  0.55833
20406, 7287,  0.01968,  0.06828,  0.07903,  0.30082,  0.611,  0.73778,  0.55833
20407, 7286,  0.01274,  0.06739,  0.0804,  0.24897,  0.611,  0.68592,  0.55833
20408, 7288,  0.014,  0.06396,  0.07934,  0.24897,  0.56897,  0.68592,  0.5097
20409, 7287,  0.01968,  0.06828,  0.07903,  0.30082,  0.611,  0.73778,  0.55833
20410, 7288,  0.014,  0.06396,  0.07934,  0.24897,  0.56897,  0.68592,  0.5097
20411, 7289,  0.02073,  0.06334,  0.07838,  0.30082,  0.56897,  0.73778,  0.5097
20412, 7285,  0.01055,  0.07022,  0.08119,  0.24897,  0.65303,  0.68592,  0.60698
20413, 7284,  0.01714,  0.07229,  0.07941,  0.30082,  0.65303,  0.73778,  0.60698
20414, 7290,  0.01163,  0.07442,  0.07926,  0.30082,  0.69506,  0.73778,  0.65563
20415, 7285,  0.01055,  0.07022,  0.08119,  0.24897,  0.65303,  0.68592,  0.60698
20416, 7290,  0.01163,  0.07442,  0.07926,  0.30082,  0.69506,  0.73778,  0.65563
20417, 7291,  0.0065,  0.07184,  0.08144,  0.24897,  0.69506,  0.68592,  0.65563
20418, 7291,  0.0065,  0.07184,  0.08144,  0.24897,  0.69506,  0.68592,  0.65563
20419, 7290,  0.01163,  0.07442,  0.07926,  0.30082,  0.69506,  0.73778,  0.65563
20420, 7292,  0.00497,  0.07538,  0.07878,  0.30082,  0.73526,  0.73778,  0.70215
20421, 7291,  0.0065,  0.07184,  0.08144,  0.24897,  0.69506,  0.68592,  0.65563
20422, 7292,  0.00497,  0.07538,  0.07878,  0.30082,  0.73526,  0.73778,  0.70215
20423, 7293,  0.00147,  0.07292,  0.08146,  0.24897,  0.73526,  0.68592,  0.70215
20424, 7292,  0.00497,  0.07538,  0.07878,  0.30082,  0.73526,  0.73778,  0.70215
20425, 7294, -0.00365,  0.07411,  0.08156,  0.24897,  0.77178,  0.68592,  0.74441
20426, 7293,  0.00147,  0.07292,  0.08146,  0.24897,  0.73526,  0.68592,  0.70215
20427, 7292,  0.00497,  0.07538,  0.07878,  0.30082,  0.73526,  0.73778,  0.70215
20428, 7295, -0.001,  0.07589,  0.07822,  0.30082,  0.77178,  0.73778,  0.74441
20429, 7294, -0.00365,  0.07411,  0.08156,  0.24897,  0.77178,  0.68592,  0.74441
20430, 7296, -0.00895,  0.07441,  0.08164,  0.24897,  0.80265,  0.68592,  0.78014
20431, 7294, -0.00365,  0.07411,  0.08156,  0.24897,  0.77178,  0.68592,  0.74441
20432, 7295, -0.001,  0.07589,  0.07822,  0.30082,  0.77178,  0.73778,  0.74441
20433, 7296, -0.00895,  0.07441,  0.08164,  0.24897,  0.80265,  0.68592,  0.78014
20434, 7295, -0.001,  0.07589,  0.07822,  0.30082,  0.77178,  0.73778,  0.74441
20435, 7297, -0.0067,  0.07555,  0.0779,  0.30082,  0.80265,  0.73778,  0.78014
20436, 7297, -0.0067,  0.07555,  0.0779,  0.30082,  0.80265,  0.73778,  0.78014
20437, 7298, -0.01448,  0.07282,  0.08163,  0.24897,  0.82591,  0.68592,  0.80707
20438, 7296, -0.00895,  0.07441,  0.08164,  0.24897,  0.80265,  0.68592,  0.78014
20439, 7297, -0.0067,  0.07555,  0.0779,  0.30082,  0.80265,  0.73778,  0.78014
20440, 7299, -0.01253,  0.07397,  0.07817,  0.30082,  0.82591,  0.73778,  0.80707
20441, 7298, -0.01448,  0.07282,  0.08163,  0.24897,  0.82591,  0.68592,  0.80707
20442, 7300, -0.01919,  0.07063,  0.08144,  0.24897,  0.84538,  0.68592,  0.8296
20443, 7298, -0.01448,  0.07282,  0.08163,  0.24897,  0.82591,  0.68592,  0.80707
20444, 7299, -0.01253,  0.07397,  0.07817,  0.30082,  0.82591,  0.73778,  0.80707
20445, 7300, -0.01919,  0.07063,  0.08144,  0.24897,  0.84538,  0.68592,  0.8296
20446, 7299, -0.01253,  0.07397,  0.07817,  0.30082,  0.82591,  0.73778,  0.80707
20447, 7301, -0.01753,  0.0719,  0.07856,  0.30082,  0.84538,  0.73778,  0.8296
20448, 7301, -0.01753,  0.0719,  0.07856,  0.30082,  0.84538,  0.73778,  0.8296
20449, 7302, -0.02198,  0.06912,  0.08102,  0.24897,  0.86485,  0.68592,  0.85213
20450, 7300, -0.01919,  0.07063,  0.08144,  0.24897,  0.84538,  0.68592,  0.8296
20451, 7301, -0.01753,  0.0719,  0.07856,  0.30082,  0.84538,  0.73778,  0.8296
20452, 7303, -0.02072,  0.07009,  0.07859,  0.30082,  0.86485,  0.73778,  0.85213
20453, 7302, -0.02198,  0.06912,  0.08102,  0.24897,  0.86485,  0.68592,  0.85213
20454, 7304, -0.023,  0.06841,  0.07844,  0.30082,  0.88432,  0.73778,  0.87466
20455, 7302, -0.02198,  0.06912,  0.08102,  0.24897,  0.86485,  0.68592,  0.85213
20456, 7303, -0.02072,  0.07009,  0.07859,  0.30082,  0.86485,  0.73778,  0.85213
20457, 7304, -0.023,  0.06841,  0.07844,  0.30082,  0.88432,  0.73778,  0.87466
20458, 7305, -0.02382,  0.06797,  0.08048,  0.24897,  0.88432,  0.68592,  0.87466
20459, 7302, -0.02198,  0.06912,  0.08102,  0.24897,  0.86485,  0.68592,  0.85213
20460, 7306, -0.02256, -0.0678,  0.08457,  0.54306,  0.44428,  0.33978,  0.84507
20461, 7307, -0.0267, -0.06724,  0.08469,  0.62578,  0.44428,  0.4225,  0.84507
20462, 7308, -0.02517, -0.07065,  0.08193,  0.62578,  0.36574,  0.4225,  0.80414
20463, 7306, -0.02256, -0.0678,  0.08457,  0.54306,  0.44428,  0.33978,  0.84507
20464, 7308, -0.02517, -0.07065,  0.08193,  0.62578,  0.36574,  0.4225,  0.80414
20465, 7309, -0.02123, -0.07045,  0.08187,  0.54306,  0.36574,  0.33978,  0.80414
20466, 7309, -0.02123, -0.07045,  0.08187,  0.54306,  0.36574,  0.33978,  0.80414
20467, 7308, -0.02517, -0.07065,  0.08193,  0.62578,  0.36574,  0.4225,  0.80414
20468, 7310, -0.02322, -0.07318,  0.07901,  0.62578,  0.31018,  0.4225,  0.77519
20469, 7309, -0.02123, -0.07045,  0.08187,  0.54306,  0.36574,  0.33978,  0.80414
20470, 7310, -0.02322, -0.07318,  0.07901,  0.62578,  0.31018,  0.4225,  0.77519
20471, 7311, -0.01955, -0.07255,  0.0789,  0.54306,  0.31018,  0.33978,  0.77519
20472, 7310, -0.02322, -0.07318,  0.07901,  0.62578,  0.31018,  0.4225,  0.77519
20473, 7312, -0.01768, -0.07424,  0.07593,  0.54306,  0.25846,  0.33978,  0.74824
20474, 7311, -0.01955, -0.07255,  0.0789,  0.54306,  0.31018,  0.33978,  0.77519
20475, 7310, -0.02322, -0.07318,  0.07901,  0.62578,  0.31018,  0.4225,  0.77519
20476, 7313, -0.02088, -0.07516,  0.07608,  0.62578,  0.25846,  0.4225,  0.74824
20477, 7312, -0.01768, -0.07424,  0.07593,  0.54306,  0.25846,  0.33978,  0.74824
20478, 7314, -0.01557, -0.07569,  0.07277,  0.54306,  0.21424,  0.33978,  0.72519
20479, 7312, -0.01768, -0.07424,  0.07593,  0.54306,  0.25846,  0.33978,  0.74824
20480, 7313, -0.02088, -0.07516,  0.07608,  0.62578,  0.25846,  0.4225,  0.74824
20481, 7314, -0.01557, -0.07569,  0.07277,  0.54306,  0.21424,  0.33978,  0.72519
20482, 7313, -0.02088, -0.07516,  0.07608,  0.62578,  0.25846,  0.4225,  0.74824
20483, 7315, -0.01818, -0.07684,  0.07303,  0.62578,  0.21424,  0.4225,  0.72519
20484, 7315, -0.01818, -0.07684,  0.07303,  0.62578,  0.21424,  0.4225,  0.72519
20485, 7316, -0.01314, -0.07709,  0.06924,  0.54306,  0.18114,  0.33978,  0.70794
20486, 7314, -0.01557, -0.07569,  0.07277,  0.54306,  0.21424,  0.33978,  0.72519
20487, 7315, -0.01818, -0.07684,  0.07303,  0.62578,  0.21424,  0.4225,  0.72519
20488, 7317, -0.01516, -0.07848,  0.06973,  0.62578,  0.18114,  0.4225,  0.70794
20489, 7316, -0.01314, -0.07709,  0.06924,  0.54306,  0.18114,  0.33978,  0.70794
20490, 7318, -0.0119, -0.08009,  0.0667,  0.62578,  0.14155,  0.4225,  0.6885
20491, 7316, -0.01314, -0.07709,  0.06924,  0.54306,  0.18114,  0.33978,  0.70794
20492, 7317, -0.01516, -0.07848,  0.06973,  0.62578,  0.18114,  0.4225,  0.70794
20493, 7318, -0.0119, -0.08009,  0.0667,  0.62578,  0.14155,  0.4225,  0.6885
20494, 7319, -0.01045, -0.07845,  0.0659,  0.54306,  0.14155,  0.33978,  0.6885
20495, 7316, -0.01314, -0.07709,  0.06924,  0.54306,  0.18114,  0.33978,  0.70794
20496, 7319, -0.01045, -0.07845,  0.0659,  0.54306,  0.14155,  0.33978,  0.6885
20497, 7318, -0.0119, -0.08009,  0.0667,  0.62578,  0.14155,  0.4225,  0.6885
20498, 7320, -0.00853, -0.08167,  0.06448,  0.62578,  0.07782,  0.4225,  0.65887
20499, 7319, -0.01045, -0.07845,  0.0659,  0.54306,  0.14155,  0.33978,  0.6885
20500, 7320, -0.00853, -0.08167,  0.06448,  0.62578,  0.07782,  0.4225,  0.65887
20501, 7321, -0.00754, -0.07976,  0.06334,  0.54306,  0.07782,  0.33978,  0.65887
20502, 7322, -0.00454, -0.08106,  0.06116,  0.54306,  0.00202,  0.33978,  0.62415
20503, 7321, -0.00754, -0.07976,  0.06334,  0.54306,  0.07782,  0.33978,  0.65887
20504, 7320, -0.00853, -0.08167,  0.06448,  0.62578,  0.07782,  0.4225,  0.65887
20505, 7322, -0.00454, -0.08106,  0.06116,  0.54306,  0.00202,  0.33978,  0.62415
20506, 7320, -0.00853, -0.08167,  0.06448,  0.62578,  0.07782,  0.4225,  0.65887
20507, 7323, -0.00509, -0.08324,  0.06266,  0.62578,  0.00202,  0.4225,  0.62415
20508, 7324, -0.0287, -0.0575,  0.08934,  0.62578,  0.7066,  0.4225,  0.98178
20509, 7325, -0.02781, -0.06267,  0.0871,  0.62578,  0.56491,  0.4225,  0.90794
20510, 7326, -0.0234, -0.06448,  0.08676,  0.54306,  0.56491,  0.33978,  0.90794
20511, 7324, -0.0287, -0.0575,  0.08934,  0.62578,  0.7066,  0.4225,  0.98178
20512, 7326, -0.0234, -0.06448,  0.08676,  0.54306,  0.56491,  0.33978,  0.90794
20513, 7327, -0.02399, -0.06083,  0.0887,  0.54306,  0.7066,  0.33978,  0.98178
20514, 7307, -0.0267, -0.06724,  0.08469,  0.62578,  0.44428,  0.4225,  0.84507
20515, 7326, -0.0234, -0.06448,  0.08676,  0.54306,  0.56491,  0.33978,  0.90794
20516, 7325, -0.02781, -0.06267,  0.0871,  0.62578,  0.56491,  0.4225,  0.90794
20517, 7307, -0.0267, -0.06724,  0.08469,  0.62578,  0.44428,  0.4225,  0.84507
20518, 7306, -0.02256, -0.0678,  0.08457,  0.54306,  0.44428,  0.33978,  0.84507
20519, 7326, -0.0234, -0.06448,  0.08676,  0.54306,  0.56491,  0.33978,  0.90794
20520, 7328, -0.02092, -0.056,  0.08657,  0.63587,  0.49887,  0.53247,  0.55054
20521, 7329, -0.02384, -0.05326,  0.08878,  0.54492,  0.49887,  0.44151,  0.55054
20522, 7330, -0.02278, -0.05344,  0.09079,  0.54492,  0.51579,  0.44151,  0.57535
20523, 7328, -0.02092, -0.056,  0.08657,  0.63587,  0.49887,  0.53247,  0.55054
20524, 7330, -0.02278, -0.05344,  0.09079,  0.54492,  0.51579,  0.44151,  0.57535
20525, 7331, -0.01977, -0.05791,  0.08843,  0.63587,  0.51579,  0.53247,  0.57535
20526, 7331, -0.01977, -0.05791,  0.08843,  0.63587,  0.51579,  0.53247,  0.57535
20527, 7330, -0.02278, -0.05344,  0.09079,  0.54492,  0.51579,  0.44151,  0.57535
20528, 7332, -0.0222, -0.05347,  0.09249,  0.54492,  0.53439,  0.44151,  0.60263
20529, 7331, -0.01977, -0.05791,  0.08843,  0.63587,  0.51579,  0.53247,  0.57535
20530, 7332, -0.0222, -0.05347,  0.09249,  0.54492,  0.53439,  0.44151,  0.60263
20531, 7333, -0.01931, -0.05942,  0.09002,  0.63587,  0.53439,  0.53247,  0.60263
20532, 7332, -0.0222, -0.05347,  0.09249,  0.54492,  0.53439,  0.44151,  0.60263
20533, 7334, -0.0202, -0.06013,  0.09106,  0.63587,  0.55635,  0.53247,  0.63484
20534, 7333, -0.01931, -0.05942,  0.09002,  0.63587,  0.53439,  0.53247,  0.60263
20535, 7332, -0.0222, -0.05347,  0.09249,  0.54492,  0.53439,  0.44151,  0.60263
20536, 7335, -0.02257, -0.05318,  0.09359,  0.54492,  0.55635,  0.44151,  0.63484
20537, 7334, -0.0202, -0.06013,  0.09106,  0.63587,  0.55635,  0.53247,  0.63484
20538, 7336, -0.02381, -0.05265,  0.09459,  0.54492,  0.58057,  0.44151,  0.67038
20539, 7334, -0.0202, -0.06013,  0.09106,  0.63587,  0.55635,  0.53247,  0.63484
20540, 7335, -0.02257, -0.05318,  0.09359,  0.54492,  0.55635,  0.44151,  0.63484
20541, 7336, -0.02381, -0.05265,  0.09459,  0.54492,  0.58057,  0.44151,  0.67038
20542, 7337, -0.02233, -0.05993,  0.09214,  0.63587,  0.58057,  0.53247,  0.67038
20543, 7334, -0.0202, -0.06013,  0.09106,  0.63587,  0.55635,  0.53247,  0.63484
20544, 7337, -0.02233, -0.05993,  0.09214,  0.63587,  0.58057,  0.53247,  0.67038
20545, 7336, -0.02381, -0.05265,  0.09459,  0.54492,  0.58057,  0.44151,  0.67038
20546, 7338, -0.02585, -0.05197,  0.09601,  0.54492,  0.60597,  0.44151,  0.70764
20547, 7337, -0.02233, -0.05993,  0.09214,  0.63587,  0.58057,  0.53247,  0.67038
20548, 7338, -0.02585, -0.05197,  0.09601,  0.54492,  0.60597,  0.44151,  0.70764
20549, 7339, -0.02559, -0.05871,  0.09387,  0.63587,  0.60597,  0.53247,  0.70764
20550, 7340, -0.02928, -0.05656,  0.09563,  0.63587,  0.63198,  0.53247,  0.74578
20551, 7339, -0.02559, -0.05871,  0.09387,  0.63587,  0.60597,  0.53247,  0.70764
20552, 7338, -0.02585, -0.05197,  0.09601,  0.54492,  0.60597,  0.44151,  0.70764
20553, 7340, -0.02928, -0.05656,  0.09563,  0.63587,  0.63198,  0.53247,  0.74578
20554, 7338, -0.02585, -0.05197,  0.09601,  0.54492,  0.60597,  0.44151,  0.70764
20555, 7341, -0.02853, -0.05081,  0.09748,  0.54492,  0.63198,  0.44151,  0.74578
20556, 7340, -0.02928, -0.05656,  0.09563,  0.63587,  0.63198,  0.53247,  0.74578
20557, 7341, -0.02853, -0.05081,  0.09748,  0.54492,  0.63198,  0.44151,  0.74578
20558, 7342, -0.03168, -0.04888,  0.09863,  0.54492,  0.65804,  0.44151,  0.784
20559, 7340, -0.02928, -0.05656,  0.09563,  0.63587,  0.63198,  0.53247,  0.74578
20560, 7342, -0.03168, -0.04888,  0.09863,  0.54492,  0.65804,  0.44151,  0.784
20561, 7343, -0.03271, -0.05359,  0.09681,  0.63587,  0.65804,  0.53247,  0.784
20562, 7344, -0.03575, -0.04992,  0.09733,  0.63587,  0.68359,  0.53247,  0.82148
20563, 7343, -0.03271, -0.05359,  0.09681,  0.63587,  0.65804,  0.53247,  0.784
20564, 7342, -0.03168, -0.04888,  0.09863,  0.54492,  0.65804,  0.44151,  0.784
20565, 7344, -0.03575, -0.04992,  0.09733,  0.63587,  0.68359,  0.53247,  0.82148
20566, 7342, -0.03168, -0.04888,  0.09863,  0.54492,  0.65804,  0.44151,  0.784
20567, 7345, -0.03477, -0.04626,  0.09924,  0.54492,  0.68359,  0.44151,  0.82148
20568, 7345, -0.03477, -0.04626,  0.09924,  0.54492,  0.68359,  0.44151,  0.82148
20569, 7346, -0.03825, -0.04566,  0.09713,  0.63587,  0.70809,  0.53247,  0.85741
20570, 7344, -0.03575, -0.04992,  0.09733,  0.63587,  0.68359,  0.53247,  0.82148
20571, 7345, -0.03477, -0.04626,  0.09924,  0.54492,  0.68359,  0.44151,  0.82148
20572, 7347, -0.03728, -0.04305,  0.09912,  0.54492,  0.70809,  0.44151,  0.85741
20573, 7346, -0.03825, -0.04566,  0.09713,  0.63587,  0.70809,  0.53247,  0.85741
20574, 7348, -0.03902, -0.03988,  0.09859,  0.54492,  0.73245,  0.44151,  0.89315
20575, 7346, -0.03825, -0.04566,  0.09713,  0.63587,  0.70809,  0.53247,  0.85741
20576, 7347, -0.03728, -0.04305,  0.09912,  0.54492,  0.70809,  0.44151,  0.85741
20577, 7348, -0.03902, -0.03988,  0.09859,  0.54492,  0.73245,  0.44151,  0.89315
20578, 7349, -0.03992, -0.04181,  0.09652,  0.63587,  0.73245,  0.53247,  0.89315
20579, 7346, -0.03825, -0.04566,  0.09713,  0.63587,  0.70809,  0.53247,  0.85741
20580, 7348, -0.03902, -0.03988,  0.09859,  0.54492,  0.73245,  0.44151,  0.89315
20581, 7350, -0.04048, -0.03937,  0.09585,  0.63587,  0.7576,  0.53247,  0.93004
20582, 7349, -0.03992, -0.04181,  0.09652,  0.63587,  0.73245,  0.53247,  0.89315
20583, 7348, -0.03902, -0.03988,  0.09859,  0.54492,  0.73245,  0.44151,  0.89315
20584, 7351, -0.03983, -0.03741,  0.09794,  0.54492,  0.7576,  0.44151,  0.93004
20585, 7350, -0.04048, -0.03937,  0.09585,  0.63587,  0.7576,  0.53247,  0.93004
20586, 7352, -0.04016, -0.03528,  0.09725,  0.54492,  0.78314,  0.44151,  0.96751
20587, 7350, -0.04048, -0.03937,  0.09585,  0.63587,  0.7576,  0.53247,  0.93004
20588, 7351, -0.03983, -0.03741,  0.09794,  0.54492,  0.7576,  0.44151,  0.93004
20589, 7352, -0.04016, -0.03528,  0.09725,  0.54492,  0.78314,  0.44151,  0.96751
20590, 7353, -0.04049, -0.03764,  0.09515,  0.63587,  0.78314,  0.53247,  0.96751
20591, 7350, -0.04048, -0.03937,  0.09585,  0.63587,  0.7576,  0.53247,  0.93004
20592, 7354, -0.03337, -0.05728,  0.07913,  0.59887,  0.55704,  0.63124,  0.60722
20593, 7355, -0.03007, -0.05816,  0.07798,  0.59887,  0.52754,  0.63124,  0.55275
20594, 7356, -0.02852, -0.06144,  0.0798,  0.54702,  0.52754,  0.72101,  0.55275
20595, 7354, -0.03337, -0.05728,  0.07913,  0.59887,  0.55704,  0.63124,  0.60722
20596, 7356, -0.02852, -0.06144,  0.0798,  0.54702,  0.52754,  0.72101,  0.55275
20597, 7357, -0.03251, -0.06108,  0.08158,  0.54702,  0.55704,  0.72101,  0.60722
20598, 7358, -0.02639, -0.05776,  0.0771,  0.59887,  0.49887,  0.63124,  0.49981
20599, 7356, -0.02852, -0.06144,  0.0798,  0.54702,  0.52754,  0.72101,  0.55275
20600, 7355, -0.03007, -0.05816,  0.07798,  0.59887,  0.52754,  0.63124,  0.55275
20601, 7358, -0.02639, -0.05776,  0.0771,  0.59887,  0.49887,  0.63124,  0.49981
20602, 7359, -0.024, -0.06074,  0.07818,  0.54702,  0.49887,  0.72101,  0.49981
20603, 7356, -0.02852, -0.06144,  0.0798,  0.54702,  0.52754,  0.72101,  0.55275
20604, 7357, -0.03251, -0.06108,  0.08158,  0.54702,  0.55704,  0.72101,  0.60722
20605, 7360, -0.03589, -0.05384,  0.08079,  0.59887,  0.58819,  0.63124,  0.66474
20606, 7354, -0.03337, -0.05728,  0.07913,  0.59887,  0.55704,  0.63124,  0.60722
20607, 7357, -0.03251, -0.06108,  0.08158,  0.54702,  0.55704,  0.72101,  0.60722
20608, 7361, -0.03546, -0.05857,  0.08369,  0.54702,  0.58819,  0.72101,  0.66474
20609, 7360, -0.03589, -0.05384,  0.08079,  0.59887,  0.58819,  0.63124,  0.66474
20610, 7362, -0.03749, -0.05481,  0.08588,  0.54702,  0.61977,  0.72101,  0.72305
20611, 7360, -0.03589, -0.05384,  0.08079,  0.59887,  0.58819,  0.63124,  0.66474
20612, 7361, -0.03546, -0.05857,  0.08369,  0.54702,  0.58819,  0.72101,  0.66474
20613, 7362, -0.03749, -0.05481,  0.08588,  0.54702,  0.61977,  0.72101,  0.72305
20614, 7363, -0.03782, -0.04924,  0.0829,  0.59887,  0.61977,  0.63124,  0.72305
20615, 7360, -0.03589, -0.05384,  0.08079,  0.59887,  0.58819,  0.63124,  0.66474
20616, 7363, -0.03782, -0.04924,  0.0829,  0.59887,  0.61977,  0.63124,  0.72305
20617, 7362, -0.03749, -0.05481,  0.08588,  0.54702,  0.61977,  0.72101,  0.72305
20618, 7364, -0.03875, -0.05071,  0.08789,  0.54702,  0.65055,  0.72101,  0.77989
20619, 7363, -0.03782, -0.04924,  0.0829,  0.59887,  0.61977,  0.63124,  0.72305
20620, 7364, -0.03875, -0.05071,  0.08789,  0.54702,  0.65055,  0.72101,  0.77989
20621, 7365, -0.03932, -0.0449,  0.08541,  0.59887,  0.65055,  0.63124,  0.77989
20622, 7365, -0.03932, -0.0449,  0.08541,  0.59887,  0.65055,  0.63124,  0.77989
20623, 7364, -0.03875, -0.05071,  0.08789,  0.54702,  0.65055,  0.72101,  0.77989
20624, 7366, -0.03958, -0.04646,  0.08984,  0.54702,  0.68351,  0.72101,  0.84074
20625, 7365, -0.03932, -0.0449,  0.08541,  0.59887,  0.65055,  0.63124,  0.77989
20626, 7366, -0.03958, -0.04646,  0.08984,  0.54702,  0.68351,  0.72101,  0.84074
20627, 7367, -0.04057, -0.04088,  0.0882,  0.59887,  0.68351,  0.63124,  0.84074
20628, 7367, -0.04057, -0.04088,  0.0882,  0.59887,  0.68351,  0.63124,  0.84074
20629, 7366, -0.03958, -0.04646,  0.08984,  0.54702,  0.68351,  0.72101,  0.84074
20630, 7368, -0.04032, -0.04223,  0.09186,  0.54702,  0.72163,  0.72101,  0.91112
20631, 7367, -0.04057, -0.04088,  0.0882,  0.59887,  0.68351,  0.63124,  0.84074
20632, 7368, -0.04032, -0.04223,  0.09186,  0.54702,  0.72163,  0.72101,  0.91112
20633, 7369, -0.04175, -0.03724,  0.09117,  0.59887,  0.72163,  0.63124,  0.91112
20634, 7369, -0.04175, -0.03724,  0.09117,  0.59887,  0.72163,  0.63124,  0.91112
20635, 7368, -0.04032, -0.04223,  0.09186,  0.54702,  0.72163,  0.72101,  0.91112
20636, 7370, -0.041, -0.03802,  0.09391,  0.54702,  0.76232,  0.72101,  0.98626
20637, 7369, -0.04175, -0.03724,  0.09117,  0.59887,  0.72163,  0.63124,  0.91112
20638, 7370, -0.041, -0.03802,  0.09391,  0.54702,  0.76232,  0.72101,  0.98626
20639, 7371, -0.0429, -0.03378,  0.09424,  0.59887,  0.76232,  0.63124,  0.98626
20640, 7372,  0.00636, -0.07339,  0.07949,  0.60093,  0.65201,  0.54246,  0.68027
20641, 7373,  0.00751, -0.06968,  0.07831,  0.60093,  0.60194,  0.54246,  0.63357
20642, 7374,  0.00365, -0.06775,  0.08142,  0.54907,  0.60194,  0.45492,  0.63357
20643, 7372,  0.00636, -0.07339,  0.07949,  0.60093,  0.65201,  0.54246,  0.68027
20644, 7374,  0.00365, -0.06775,  0.08142,  0.54907,  0.60194,  0.45492,  0.63357
20645, 7375,  0.0024, -0.0703,  0.08297,  0.54907,  0.65201,  0.45492,  0.68027
20646, 7376,  0.00697, -0.06489,  0.07717,  0.60093,  0.55992,  0.54246,  0.58688
20647, 7374,  0.00365, -0.06775,  0.08142,  0.54907,  0.60194,  0.45492,  0.63357
20648, 7373,  0.00751, -0.06968,  0.07831,  0.60093,  0.60194,  0.54246,  0.63357
20649, 7376,  0.00697, -0.06489,  0.07717,  0.60093,  0.55992,  0.54246,  0.58688
20650, 7377,  0.00346, -0.06433,  0.07989,  0.54907,  0.55992,  0.45492,  0.58688
20651, 7374,  0.00365, -0.06775,  0.08142,  0.54907,  0.60194,  0.45492,  0.63357
20652, 7375,  0.0024, -0.0703,  0.08297,  0.54907,  0.65201,  0.45492,  0.68027
20653, 7378,  0.00183, -0.07494,  0.08075,  0.60093,  0.71816,  0.54246,  0.72698
20654, 7372,  0.00636, -0.07339,  0.07949,  0.60093,  0.65201,  0.54246,  0.68027
20655, 7375,  0.0024, -0.0703,  0.08297,  0.54907,  0.65201,  0.45492,  0.68027
20656, 7379, -0.00172, -0.0711,  0.08455,  0.54907,  0.71816,  0.45492,  0.72698
20657, 7378,  0.00183, -0.07494,  0.08075,  0.60093,  0.71816,  0.54246,  0.72698
20658, 7380, -0.00728, -0.07046,  0.08592,  0.54907,  0.79084,  0.45492,  0.77165
20659, 7378,  0.00183, -0.07494,  0.08075,  0.60093,  0.71816,  0.54246,  0.72698
20660, 7379, -0.00172, -0.0711,  0.08455,  0.54907,  0.71816,  0.45492,  0.72698
20661, 7380, -0.00728, -0.07046,  0.08592,  0.54907,  0.79084,  0.45492,  0.77165
20662, 7381, -0.00438, -0.0747,  0.08196,  0.60093,  0.79084,  0.54246,  0.77165
20663, 7378,  0.00183, -0.07494,  0.08075,  0.60093,  0.71816,  0.54246,  0.72698
20664, 7380, -0.00728, -0.07046,  0.08592,  0.54907,  0.79084,  0.45492,  0.77165
20665, 7382, -0.01059, -0.07304,  0.08296,  0.60093,  0.86051,  0.54246,  0.81222
20666, 7381, -0.00438, -0.0747,  0.08196,  0.60093,  0.79084,  0.54246,  0.77165
20667, 7380, -0.00728, -0.07046,  0.08592,  0.54907,  0.79084,  0.45492,  0.77165
20668, 7383, -0.01289, -0.06869,  0.08683,  0.54907,  0.86051,  0.45492,  0.81222
20669, 7382, -0.01059, -0.07304,  0.08296,  0.60093,  0.86051,  0.54246,  0.81222
20670, 7384, -0.01814, -0.06658,  0.08713,  0.54907,  0.92014,  0.45492,  0.85193
20671, 7382, -0.01059, -0.07304,  0.08296,  0.60093,  0.86051,  0.54246,  0.81222
20672, 7383, -0.01289, -0.06869,  0.08683,  0.54907,  0.86051,  0.45492,  0.81222
20673, 7384, -0.01814, -0.06658,  0.08713,  0.54907,  0.92014,  0.45492,  0.85193
20674, 7385, -0.01637, -0.0707,  0.08364,  0.60093,  0.92014,  0.54246,  0.85193
20675, 7382, -0.01059, -0.07304,  0.08296,  0.60093,  0.86051,  0.54246,  0.81222
20676, 7385, -0.01637, -0.0707,  0.08364,  0.60093,  0.92014,  0.54246,  0.85193
20677, 7384, -0.01814, -0.06658,  0.08713,  0.54907,  0.92014,  0.45492,  0.85193
20678, 7386, -0.02266, -0.06491,  0.08667,  0.54907,  0.96273,  0.45492,  0.89401
20679, 7385, -0.01637, -0.0707,  0.08364,  0.60093,  0.92014,  0.54246,  0.85193
20680, 7386, -0.02266, -0.06491,  0.08667,  0.54907,  0.96273,  0.45492,  0.89401
20681, 7387, -0.02129, -0.06844,  0.08386,  0.60093,  0.96273,  0.54246,  0.89401
20682, 7387, -0.02129, -0.06844,  0.08386,  0.60093,  0.96273,  0.54246,  0.89401
20683, 7386, -0.02266, -0.06491,  0.08667,  0.54907,  0.96273,  0.45492,  0.89401
20684, 7388, -0.0268, -0.06347,  0.08583,  0.54907,  0.99679,  0.45492,  0.93727
20685, 7387, -0.02129, -0.06844,  0.08386,  0.60093,  0.96273,  0.54246,  0.89401
20686, 7388, -0.0268, -0.06347,  0.08583,  0.54907,  0.99679,  0.45492,  0.93727
20687, 7389, -0.02578, -0.06622,  0.08385,  0.60093,  0.99679,  0.54246,  0.93727
20688, 7390,  0.01676, -0.07355,  0.078,  0.61416,  0.64397,  0.53287,  0.70149
20689, 7391,  0.01931, -0.06949,  0.07742,  0.61416,  0.60194,  0.53287,  0.66657
20690, 7392,  0.01257, -0.06807,  0.07924,  0.55956,  0.60194,  0.48101,  0.66657
20691, 7390,  0.01676, -0.07355,  0.078,  0.61416,  0.64397,  0.53287,  0.70149
20692, 7392,  0.01257, -0.06807,  0.07924,  0.55956,  0.60194,  0.48101,  0.66657
20693, 7393,  0.01033, -0.0711,  0.08055,  0.55956,  0.64397,  0.48101,  0.70149
20694, 7394,  0.02061, -0.06471,  0.0767,  0.61416,  0.55992,  0.53287,  0.63165
20695, 7392,  0.01257, -0.06807,  0.07924,  0.55956,  0.60194,  0.48101,  0.66657
20696, 7391,  0.01931, -0.06949,  0.07742,  0.61416,  0.60194,  0.53287,  0.66657
20697, 7394,  0.02061, -0.06471,  0.0767,  0.61416,  0.55992,  0.53287,  0.63165
20698, 7395,  0.01412, -0.06468,  0.07754,  0.55956,  0.55992,  0.48101,  0.63165
20699, 7392,  0.01257, -0.06807,  0.07924,  0.55956,  0.60194,  0.48101,  0.66657
20700, 7393,  0.01033, -0.0711,  0.08055,  0.55956,  0.64397,  0.48101,  0.70149
20701, 7396,  0.01174, -0.07618,  0.07827,  0.61416,  0.68601,  0.53287,  0.73642
20702, 7390,  0.01676, -0.07355,  0.078,  0.61416,  0.64397,  0.53287,  0.70149
20703, 7393,  0.01033, -0.0711,  0.08055,  0.55956,  0.64397,  0.48101,  0.70149
20704, 7397,  0.00673, -0.07337,  0.08103,  0.55956,  0.68601,  0.48101,  0.73642
20705, 7396,  0.01174, -0.07618,  0.07827,  0.61416,  0.68601,  0.53287,  0.73642
20706, 7398,  0.00229, -0.07483,  0.08097,  0.55956,  0.72621,  0.48101,  0.76982
20707, 7396,  0.01174, -0.07618,  0.07827,  0.61416,  0.68601,  0.53287,  0.73642
20708, 7397,  0.00673, -0.07337,  0.08103,  0.55956,  0.68601,  0.48101,  0.73642
20709, 7398,  0.00229, -0.07483,  0.08097,  0.55956,  0.72621,  0.48101,  0.76982
20710, 7399,  0.00577, -0.07759,  0.07815,  0.61416,  0.72621,  0.53287,  0.76982
20711, 7396,  0.01174, -0.07618,  0.07827,  0.61416,  0.68601,  0.53287,  0.73642
20712, 7398,  0.00229, -0.07483,  0.08097,  0.55956,  0.72621,  0.48101,  0.76982
20713, 7400,  0.0004, -0.07798,  0.07755,  0.61416,  0.76272,  0.53287,  0.80016
20714, 7399,  0.00577, -0.07759,  0.07815,  0.61416,  0.72621,  0.53287,  0.76982
20715, 7398,  0.00229, -0.07483,  0.08097,  0.55956,  0.72621,  0.48101,  0.76982
20716, 7401, -0.00245, -0.07543,  0.08064,  0.55956,  0.76272,  0.48101,  0.80016
20717, 7400,  0.0004, -0.07798,  0.07755,  0.61416,  0.76272,  0.53287,  0.80016
20718, 7402, -0.0073, -0.07513,  0.07999,  0.55956,  0.79359,  0.48101,  0.82581
20719, 7400,  0.0004, -0.07798,  0.07755,  0.61416,  0.76272,  0.53287,  0.80016
20720, 7401, -0.00245, -0.07543,  0.08064,  0.55956,  0.76272,  0.48101,  0.80016
20721, 7402, -0.0073, -0.07513,  0.07999,  0.55956,  0.79359,  0.48101,  0.82581
20722, 7403, -0.00474, -0.07731,  0.07664,  0.61416,  0.79359,  0.53287,  0.82581
20723, 7400,  0.0004, -0.07798,  0.07755,  0.61416,  0.76272,  0.53287,  0.80016
20724, 7404, -0.00474, -0.07731,  0.07664,  0.61416,  0.79359,  0.53287,  0.82581
20725, 7402, -0.0073, -0.07513,  0.07999,  0.55956,  0.79359,  0.48101,  0.82581
20726, 7405, -0.0121, -0.07389,  0.07902,  0.55956,  0.81686,  0.48101,  0.84514
20727, 7404, -0.00474, -0.07731,  0.07664,  0.61416,  0.79359,  0.53287,  0.82581
20728, 7405, -0.0121, -0.07389,  0.07902,  0.55956,  0.81686,  0.48101,  0.84514
20729, 7406, -0.00998, -0.07551,  0.07563,  0.61416,  0.81686,  0.53287,  0.84514
20730, 7406, -0.00998, -0.07551,  0.07563,  0.61416,  0.81686,  0.53287,  0.84514
20731, 7405, -0.0121, -0.07389,  0.07902,  0.55956,  0.81686,  0.48101,  0.84514
20732, 7407, -0.01627, -0.07236,  0.07824,  0.55956,  0.83633,  0.48101,  0.86132
20733, 7406, -0.00998, -0.07551,  0.07563,  0.61416,  0.81686,  0.53287,  0.84514
20734, 7407, -0.01627, -0.07236,  0.07824,  0.55956,  0.83633,  0.48101,  0.86132
20735, 7408, -0.01463, -0.07345,  0.07506,  0.61416,  0.83633,  0.53287,  0.86132
20736, 7409, -0.01463, -0.07345,  0.07506,  0.61416,  0.83633,  0.53287,  0.86132
20737, 7410, -0.01627, -0.07236,  0.07824,  0.55956,  0.83633,  0.48101,  0.86132
20738, 7411, -0.01922, -0.0712,  0.0782,  0.55956,  0.85579,  0.48101,  0.87749
20739, 7409, -0.01463, -0.07345,  0.07506,  0.61416,  0.83633,  0.53287,  0.86132
20740, 7411, -0.01922, -0.0712,  0.0782,  0.55956,  0.85579,  0.48101,  0.87749
20741, 7412, -0.01799, -0.07202,  0.07549,  0.61416,  0.85579,  0.53287,  0.87749
20742, 7412, -0.01799, -0.07202,  0.07549,  0.61416,  0.85579,  0.53287,  0.87749
20743, 7411, -0.01922, -0.0712,  0.0782,  0.55956,  0.85579,  0.48101,  0.87749
20744, 7413, -0.02157, -0.07022,  0.07852,  0.55956,  0.87526,  0.48101,  0.89367
20745, 7412, -0.01799, -0.07202,  0.07549,  0.61416,  0.85579,  0.53287,  0.87749
20746, 7413, -0.02157, -0.07022,  0.07852,  0.55956,  0.87526,  0.48101,  0.89367
20747, 7414, -0.0207, -0.07091,  0.07642,  0.61416,  0.87526,  0.53287,  0.89367
20748, 7415, -0.08515,  0.0046,  0.10884,  0.49425,  0.6474,  0.36711,  0.28284
20749, 7416, -0.08471,  0.01362,  0.11069,  0.59553,  0.64586,  0.43052,  0.28372
20750, 7417, -0.08499,  0.0166,  0.10485,  0.59553,  0.6076,  0.43052,  0.30573
20751, 7415, -0.08515,  0.0046,  0.10884,  0.49425,  0.6474,  0.36711,  0.28284
20752, 7417, -0.08499,  0.0166,  0.10485,  0.59553,  0.6076,  0.43052,  0.30573
20753, 7418, -0.08523,  0.00706,  0.10299,  0.49425,  0.60744,  0.36711,  0.30582
20754, 7418, -0.08523,  0.00706,  0.10299,  0.49425,  0.60744,  0.36711,  0.30582
20755, 7417, -0.08499,  0.0166,  0.10485,  0.59553,  0.6076,  0.43052,  0.30573
20756, 7419, -0.08483,  0.01952,  0.09923,  0.59553,  0.56739,  0.43052,  0.32886
20757, 7418, -0.08523,  0.00706,  0.10299,  0.49425,  0.60744,  0.36711,  0.30582
20758, 7419, -0.08483,  0.01952,  0.09923,  0.59553,  0.56739,  0.43052,  0.32886
20759, 7420, -0.08484,  0.00943,  0.09732,  0.49425,  0.56559,  0.36711,  0.32989
20760, 7421,  0.1054, -0.02222,  0.09093,  0.53908,  0.61394,  0.76353,  0.7453
20761, 7422,  0.10859, -0.014,  0.0872,  0.62846,  0.61394,  0.67416,  0.7453
20762, 7423,  0.10667, -0.0121,  0.09343,  0.62846,  0.64419,  0.67416,  0.78962
20763, 7421,  0.1054, -0.02222,  0.09093,  0.53908,  0.61394,  0.76353,  0.7453
20764, 7423,  0.10667, -0.0121,  0.09343,  0.62846,  0.64419,  0.67416,  0.78962
20765, 7424,  0.10404, -0.02041,  0.09699,  0.53908,  0.64419,  0.76353,  0.78962
20766, 7424,  0.10404, -0.02041,  0.09699,  0.53908,  0.64419,  0.76353,  0.78962
20767, 7423,  0.10667, -0.0121,  0.09343,  0.62846,  0.64419,  0.67416,  0.78962
20768, 7425,  0.10391, -0.01069,  0.09943,  0.62846,  0.67592,  0.67416,  0.82835
20769, 7424,  0.10404, -0.02041,  0.09699,  0.53908,  0.64419,  0.76353,  0.78962
20770, 7425,  0.10391, -0.01069,  0.09943,  0.62846,  0.67592,  0.67416,  0.82835
20771, 7426,  0.10187, -0.01881,  0.10248,  0.53908,  0.67592,  0.76353,  0.82835
20772, 7422,  0.10859, -0.014,  0.0872,  0.62846,  0.61394,  0.67416,  0.7453
20773, 7421,  0.1054, -0.02222,  0.09093,  0.53908,  0.61394,  0.76353,  0.7453
20774, 7427,  0.10589, -0.02423,  0.08472,  0.53908,  0.5859,  0.76353,  0.68758
20775, 7422,  0.10859, -0.014,  0.0872,  0.62846,  0.61394,  0.67416,  0.7453
20776, 7427,  0.10589, -0.02423,  0.08472,  0.53908,  0.5859,  0.76353,  0.68758
20777, 7428,  0.10957, -0.0164,  0.08085,  0.62846,  0.5859,  0.67416,  0.68758
20778, 7429,  0.10962, -0.01928,  0.0747,  0.62846,  0.5595,  0.67416,  0.63267
20779, 7428,  0.10957, -0.0164,  0.08085,  0.62846,  0.5859,  0.67416,  0.68758
20780, 7427,  0.10589, -0.02423,  0.08472,  0.53908,  0.5859,  0.76353,  0.68758
20781, 7429,  0.10962, -0.01928,  0.0747,  0.62846,  0.5595,  0.67416,  0.63267
20782, 7427,  0.10589, -0.02423,  0.08472,  0.53908,  0.5859,  0.76353,  0.68758
20783, 7430,  0.10555, -0.02642,  0.07862,  0.53908,  0.5595,  0.76353,  0.63267
20784, 7430,  0.10555, -0.02642,  0.07862,  0.53908,  0.5595,  0.76353,  0.63267
20785, 7431,  0.10873, -0.02259,  0.06911,  0.62846,  0.5342,  0.67416,  0.59674
20786, 7429,  0.10962, -0.01928,  0.0747,  0.62846,  0.5595,  0.67416,  0.63267
20787, 7430,  0.10555, -0.02642,  0.07862,  0.53908,  0.5595,  0.76353,  0.63267
20788, 7432,  0.10439, -0.02879,  0.07292,  0.53908,  0.5342,  0.76353,  0.59674
20789, 7431,  0.10873, -0.02259,  0.06911,  0.62846,  0.5342,  0.67416,  0.59674
20790, 7433,  0.10255, -0.0316,  0.06768,  0.53908,  0.50972,  0.76353,  0.57062
20791, 7431,  0.10873, -0.02259,  0.06911,  0.62846,  0.5342,  0.67416,  0.59674
20792, 7432,  0.10439, -0.02879,  0.07292,  0.53908,  0.5342,  0.76353,  0.59674
20793, 7433,  0.10255, -0.0316,  0.06768,  0.53908,  0.50972,  0.76353,  0.57062
20794, 7434,  0.10711, -0.02632,  0.06408,  0.62846,  0.50972,  0.67416,  0.57062
20795, 7431,  0.10873, -0.02259,  0.06911,  0.62846,  0.5342,  0.67416,  0.59674
20796, 7435,  0.10016, -0.0351,  0.06297,  0.53908,  0.48584,  0.76353,  0.54513
20797, 7434,  0.10711, -0.02632,  0.06408,  0.62846,  0.50972,  0.67416,  0.57062
20798, 7433,  0.10255, -0.0316,  0.06768,  0.53908,  0.50972,  0.76353,  0.57062
20799, 7435,  0.10016, -0.0351,  0.06297,  0.53908,  0.48584,  0.76353,  0.54513
20800, 7436,  0.10495, -0.03046,  0.05962,  0.62846,  0.48584,  0.67416,  0.54513
20801, 7434,  0.10711, -0.02632,  0.06408,  0.62846,  0.50972,  0.67416,  0.57062
20802, 7437,  0.09718, -0.03894,  0.05864,  0.53908,  0.46195,  0.76353,  0.51963
20803, 7436,  0.10495, -0.03046,  0.05962,  0.62846,  0.48584,  0.67416,  0.54513
20804, 7435,  0.10016, -0.0351,  0.06297,  0.53908,  0.48584,  0.76353,  0.54513
20805, 7437,  0.09718, -0.03894,  0.05864,  0.53908,  0.46195,  0.76353,  0.51963
20806, 7438,  0.10205, -0.03488,  0.05561,  0.62846,  0.46195,  0.67416,  0.51963
20807, 7436,  0.10495, -0.03046,  0.05962,  0.62846,  0.48584,  0.67416,  0.54513
20808, 7438,  0.10205, -0.03488,  0.05561,  0.62846,  0.46195,  0.67416,  0.51963
20809, 7437,  0.09718, -0.03894,  0.05864,  0.53908,  0.46195,  0.76353,  0.51963
20810, 7439,  0.09357, -0.04278,  0.05459,  0.53908,  0.43747,  0.76353,  0.4935
20811, 7438,  0.10205, -0.03488,  0.05561,  0.62846,  0.46195,  0.67416,  0.51963
20812, 7439,  0.09357, -0.04278,  0.05459,  0.53908,  0.43747,  0.76353,  0.4935
20813, 7440,  0.09818, -0.03941,  0.05193,  0.62846,  0.43747,  0.67416,  0.4935
20814, 7441,  0.09371, -0.04338,  0.04841,  0.62846,  0.41234,  0.67416,  0.46667
20815, 7440,  0.09818, -0.03941,  0.05193,  0.62846,  0.43747,  0.67416,  0.4935
20816, 7439,  0.09357, -0.04278,  0.05459,  0.53908,  0.43747,  0.76353,  0.4935
20817, 7441,  0.09371, -0.04338,  0.04841,  0.62846,  0.41234,  0.67416,  0.46667
20818, 7439,  0.09357, -0.04278,  0.05459,  0.53908,  0.43747,  0.76353,  0.4935
20819, 7442,  0.08921, -0.04603,  0.05068,  0.53908,  0.41234,  0.76353,  0.46667
20820, 7442,  0.08921, -0.04603,  0.05068,  0.53908,  0.41234,  0.76353,  0.46667
20821, 7443,  0.089, -0.04612,  0.04487,  0.62846,  0.38649,  0.67416,  0.43908
20822, 7441,  0.09371, -0.04338,  0.04841,  0.62846,  0.41234,  0.67416,  0.46667
20823, 7442,  0.08921, -0.04603,  0.05068,  0.53908,  0.41234,  0.76353,  0.46667
20824, 7444,  0.08395, -0.04814,  0.0468,  0.53908,  0.38649,  0.76353,  0.43908
20825, 7443,  0.089, -0.04612,  0.04487,  0.62846,  0.38649,  0.67416,  0.43908
20826, 7445,  0.07856, -0.0496,  0.04288,  0.53908,  0.35968,  0.76353,  0.41381
20827, 7443,  0.089, -0.04612,  0.04487,  0.62846,  0.38649,  0.67416,  0.43908
20828, 7444,  0.08395, -0.04814,  0.0468,  0.53908,  0.38649,  0.76353,  0.43908
20829, 7445,  0.07856, -0.0496,  0.04288,  0.53908,  0.35968,  0.76353,  0.41381
20830, 7446,  0.08423, -0.04794,  0.04127,  0.62846,  0.35968,  0.67416,  0.41381
20831, 7443,  0.089, -0.04612,  0.04487,  0.62846,  0.38649,  0.67416,  0.43908
20832, 7445,  0.07856, -0.0496,  0.04288,  0.53908,  0.35968,  0.76353,  0.41381
20833, 7447,  0.07956, -0.04912,  0.03754,  0.62846,  0.33165,  0.67416,  0.39394
20834, 7446,  0.08423, -0.04794,  0.04127,  0.62846,  0.35968,  0.67416,  0.41381
20835, 7445,  0.07856, -0.0496,  0.04288,  0.53908,  0.35968,  0.76353,  0.41381
20836, 7448,  0.07383, -0.0509,  0.03881,  0.53908,  0.33165,  0.76353,  0.39394
20837, 7447,  0.07956, -0.04912,  0.03754,  0.62846,  0.33165,  0.67416,  0.39394
20838, 7449,  0.06994, -0.05198,  0.03454,  0.53908,  0.30367,  0.76353,  0.37412
20839, 7447,  0.07956, -0.04912,  0.03754,  0.62846,  0.33165,  0.67416,  0.39394
20840, 7448,  0.07383, -0.0509,  0.03881,  0.53908,  0.33165,  0.76353,  0.39394
20841, 7449,  0.06994, -0.05198,  0.03454,  0.53908,  0.30367,  0.76353,  0.37412
20842, 7450,  0.07548, -0.04983,  0.03363,  0.62846,  0.30367,  0.67416,  0.37412
20843, 7447,  0.07956, -0.04912,  0.03754,  0.62846,  0.33165,  0.67416,  0.39394
20844, 7449,  0.06994, -0.05198,  0.03454,  0.53908,  0.30367,  0.76353,  0.37412
20845, 7451,  0.07247, -0.05027,  0.02944,  0.62846,  0.27698,  0.67416,  0.34897
20846, 7450,  0.07548, -0.04983,  0.03363,  0.62846,  0.30367,  0.67416,  0.37412
20847, 7449,  0.06994, -0.05198,  0.03454,  0.53908,  0.30367,  0.76353,  0.37412
20848, 7452,  0.06709, -0.05277,  0.02999,  0.53908,  0.27698,  0.76353,  0.34897
20849, 7451,  0.07247, -0.05027,  0.02944,  0.62846,  0.27698,  0.67416,  0.34897
20850, 7453,  0.06532, -0.05315,  0.02541,  0.53908,  0.25336,  0.76353,  0.32376
20851, 7451,  0.07247, -0.05027,  0.02944,  0.62846,  0.27698,  0.67416,  0.34897
20852, 7452,  0.06709, -0.05277,  0.02999,  0.53908,  0.27698,  0.76353,  0.34897
20853, 7453,  0.06532, -0.05315,  0.02541,  0.53908,  0.25336,  0.76353,  0.32376
20854, 7454,  0.07051, -0.05043,  0.02527,  0.62846,  0.25336,  0.67416,  0.32376
20855, 7451,  0.07247, -0.05027,  0.02944,  0.62846,  0.27698,  0.67416,  0.34897
20856, 7453,  0.06532, -0.05315,  0.02541,  0.53908,  0.25336,  0.76353,  0.32376
20857, 7455,  0.06962, -0.05031,  0.02137,  0.62846,  0.2346,  0.67416,  0.30373
20858, 7454,  0.07051, -0.05043,  0.02527,  0.62846,  0.25336,  0.67416,  0.32376
20859, 7453,  0.06532, -0.05315,  0.02541,  0.53908,  0.25336,  0.76353,  0.32376
20860, 7456,  0.06471, -0.05302,  0.02104,  0.53908,  0.2346,  0.76353,  0.30373
20861, 7455,  0.06962, -0.05031,  0.02137,  0.62846,  0.2346,  0.67416,  0.30373
20862, 7457,  0.06489, -0.05234,  0.01682,  0.53908,  0.21826,  0.76353,  0.2863
20863, 7455,  0.06962, -0.05031,  0.02137,  0.62846,  0.2346,  0.67416,  0.30373
20864, 7456,  0.06471, -0.05302,  0.02104,  0.53908,  0.2346,  0.76353,  0.30373
20865, 7457,  0.06489, -0.05234,  0.01682,  0.53908,  0.21826,  0.76353,  0.2863
20866, 7458,  0.06947, -0.04984,  0.01763,  0.62846,  0.21826,  0.67416,  0.2863
20867, 7455,  0.06962, -0.05031,  0.02137,  0.62846,  0.2346,  0.67416,  0.30373
20868, 7457,  0.06489, -0.05234,  0.01682,  0.53908,  0.21826,  0.76353,  0.2863
20869, 7459,  0.06976, -0.04896,  0.01391,  0.62846,  0.20193,  0.67416,  0.26887
20870, 7458,  0.06947, -0.04984,  0.01763,  0.62846,  0.21826,  0.67416,  0.2863
20871, 7457,  0.06489, -0.05234,  0.01682,  0.53908,  0.21826,  0.76353,  0.2863
20872, 7460,  0.06552, -0.05112,  0.0127,  0.53908,  0.20193,  0.76353,  0.26887
20873, 7459,  0.06976, -0.04896,  0.01391,  0.62846,  0.20193,  0.67416,  0.26887
20874, 7461,  0.07044, -0.04765,  0.01029,  0.62846,  0.16673,  0.67416,  0.2467
20875, 7459,  0.06976, -0.04896,  0.01391,  0.62846,  0.20193,  0.67416,  0.26887
20876, 7460,  0.06552, -0.05112,  0.0127,  0.53908,  0.20193,  0.76353,  0.26887
20877, 7461,  0.07044, -0.04765,  0.01029,  0.62846,  0.16673,  0.67416,  0.2467
20878, 7460,  0.06552, -0.05112,  0.0127,  0.53908,  0.20193,  0.76353,  0.26887
20879, 7462,  0.06654, -0.04933,  0.00875,  0.53908,  0.16673,  0.76353,  0.2467
20880, 7462,  0.06654, -0.04933,  0.00875,  0.53908,  0.16673,  0.76353,  0.2467
20881, 7463,  0.07142, -0.04592,  0.00683,  0.62846,  0.09381,  0.67416,  0.21506
20882, 7461,  0.07044, -0.04765,  0.01029,  0.62846,  0.16673,  0.67416,  0.2467
20883, 7462,  0.06654, -0.04933,  0.00875,  0.53908,  0.16673,  0.76353,  0.2467
20884, 7464,  0.06793, -0.04694,  0.00504,  0.53908,  0.09381,  0.76353,  0.21506
20885, 7463,  0.07142, -0.04592,  0.00683,  0.62846,  0.09381,  0.67416,  0.21506
20886, 7465,  0.0695, -0.04427,  0.00146,  0.53908,  0.00202,  0.76353,  0.17868
20887, 7463,  0.07142, -0.04592,  0.00683,  0.62846,  0.09381,  0.67416,  0.21506
20888, 7464,  0.06793, -0.04694,  0.00504,  0.53908,  0.09381,  0.76353,  0.21506
20889, 7465,  0.0695, -0.04427,  0.00146,  0.53908,  0.00202,  0.76353,  0.17868
20890, 7466,  0.07256, -0.04397,  0.00345,  0.62846,  0.00202,  0.67416,  0.17868
20891, 7463,  0.07142, -0.04592,  0.00683,  0.62846,  0.09381,  0.67416,  0.21506
20892, 7467,  0.07534, -0.0088,  0.12381,  0.62846,  0.82564,  0.67416,  0.97592
20893, 7468,  0.06954, -0.00877,  0.12546,  0.62846,  0.84733,  0.67416,  0.98432
20894, 7469,  0.06987, -0.01273,  0.12536,  0.53908,  0.84733,  0.76353,  0.98432
20895, 7467,  0.07534, -0.0088,  0.12381,  0.62846,  0.82564,  0.67416,  0.97592
20896, 7469,  0.06987, -0.01273,  0.12536,  0.53908,  0.84733,  0.76353,  0.98432
20897, 7470,  0.07556, -0.0133,  0.12374,  0.53908,  0.82564,  0.76353,  0.97592
20898, 7471,  0.0637, -0.0087,  0.12679,  0.62846,  0.87011,  0.67416,  0.99093
20899, 7469,  0.06987, -0.01273,  0.12536,  0.53908,  0.84733,  0.76353,  0.98432
20900, 7468,  0.06954, -0.00877,  0.12546,  0.62846,  0.84733,  0.67416,  0.98432
20901, 7471,  0.0637, -0.0087,  0.12679,  0.62846,  0.87011,  0.67416,  0.99093
20902, 7472,  0.06409, -0.01215,  0.12663,  0.53908,  0.87011,  0.76353,  0.99093
20903, 7469,  0.06987, -0.01273,  0.12536,  0.53908,  0.84733,  0.76353,  0.98432
20904, 7470,  0.07556, -0.0133,  0.12374,  0.53908,  0.82564,  0.76353,  0.97592
20905, 7473,  0.08105, -0.00876,  0.12151,  0.62846,  0.80612,  0.67416,  0.96393
20906, 7467,  0.07534, -0.0088,  0.12381,  0.62846,  0.82564,  0.67416,  0.97592
20907, 7470,  0.07556, -0.0133,  0.12374,  0.53908,  0.82564,  0.76353,  0.97592
20908, 7474,  0.0811, -0.01389,  0.12142,  0.53908,  0.80612,  0.76353,  0.96393
20909, 7473,  0.08105, -0.00876,  0.12151,  0.62846,  0.80612,  0.67416,  0.96393
20910, 7475,  0.08633, -0.01455,  0.11845,  0.53908,  0.78647,  0.76353,  0.94874
20911, 7473,  0.08105, -0.00876,  0.12151,  0.62846,  0.80612,  0.67416,  0.96393
20912, 7474,  0.0811, -0.01389,  0.12142,  0.53908,  0.80612,  0.76353,  0.96393
20913, 7475,  0.08633, -0.01455,  0.11845,  0.53908,  0.78647,  0.76353,  0.94874
20914, 7476,  0.08651, -0.00875,  0.1185,  0.62846,  0.78647,  0.67416,  0.94874
20915, 7473,  0.08105, -0.00876,  0.12151,  0.62846,  0.80612,  0.67416,  0.96393
20916, 7476,  0.08651, -0.00875,  0.1185,  0.62846,  0.78647,  0.67416,  0.94874
20917, 7475,  0.08633, -0.01455,  0.11845,  0.53908,  0.78647,  0.76353,  0.94874
20918, 7477,  0.0911, -0.01533,  0.1149,  0.53908,  0.76442,  0.76353,  0.93074
20919, 7476,  0.08651, -0.00875,  0.1185,  0.62846,  0.78647,  0.67416,  0.94874
20920, 7477,  0.0911, -0.01533,  0.1149,  0.53908,  0.76442,  0.76353,  0.93074
20921, 7478,  0.0916, -0.00884,  0.1147,  0.62846,  0.76442,  0.67416,  0.93074
20922, 7478,  0.0916, -0.00884,  0.1147,  0.62846,  0.76442,  0.67416,  0.93074
20923, 7477,  0.0911, -0.01533,  0.1149,  0.53908,  0.76442,  0.76353,  0.93074
20924, 7479,  0.09534, -0.01627,  0.11101,  0.53908,  0.73878,  0.76353,  0.90568
20925, 7478,  0.0916, -0.00884,  0.1147,  0.62846,  0.76442,  0.67416,  0.93074
20926, 7479,  0.09534, -0.01627,  0.11101,  0.53908,  0.73878,  0.76353,  0.90568
20927, 7480,  0.09624, -0.00914,  0.1102,  0.62846,  0.73878,  0.67416,  0.90568
20928, 7480,  0.09624, -0.00914,  0.1102,  0.62846,  0.73878,  0.67416,  0.90568
20929, 7479,  0.09534, -0.01627,  0.11101,  0.53908,  0.73878,  0.76353,  0.90568
20930, 7481,  0.09895, -0.01743,  0.10701,  0.53908,  0.70836,  0.76353,  0.86929
20931, 7480,  0.09624, -0.00914,  0.1102,  0.62846,  0.73878,  0.67416,  0.90568
20932, 7481,  0.09895, -0.01743,  0.10701,  0.53908,  0.70836,  0.76353,  0.86929
20933, 7482,  0.10039, -0.00973,  0.10506,  0.62846,  0.70836,  0.67416,  0.86929
20934, 7425,  0.10391, -0.01069,  0.09943,  0.62846,  0.67592,  0.67416,  0.82835
20935, 7482,  0.10039, -0.00973,  0.10506,  0.62846,  0.70836,  0.67416,  0.86929
20936, 7481,  0.09895, -0.01743,  0.10701,  0.53908,  0.70836,  0.76353,  0.86929
20937, 7425,  0.10391, -0.01069,  0.09943,  0.62846,  0.67592,  0.67416,  0.82835
20938, 7481,  0.09895, -0.01743,  0.10701,  0.53908,  0.70836,  0.76353,  0.86929
20939, 7426,  0.10187, -0.01881,  0.10248,  0.53908,  0.67592,  0.76353,  0.82835
20940, 2284, -0.02428, -0.01115, -0.01755,  0.28913,  0.94351,  0.86626,  0.91863
20941, 2287, -0.02551,  0.00384, -0.02016,  0.17213,  0.94351,  0.74926,  0.91863
20942, 7483, -0.02118,  0.00621, -0.02233,  0.17213,  0.96955,  0.74926,  0.95098
20943, 2284, -0.02428, -0.01115, -0.01755,  0.28913,  0.94351,  0.86626,  0.91863
20944, 7483, -0.02118,  0.00621, -0.02233,  0.17213,  0.96955,  0.74926,  0.95098
20945, 7484, -0.02074, -0.00832, -0.02062,  0.28913,  0.96955,  0.86626,  0.95098
20946, 7484, -0.02074, -0.00832, -0.02062,  0.28913,  0.96955,  0.86626,  0.95098
20947, 7483, -0.02118,  0.00621, -0.02233,  0.17213,  0.96955,  0.74926,  0.95098
20948, 7485, -0.01743,  0.00766, -0.02323,  0.17213,  0.99469,  0.74926,  0.97917
20949, 7484, -0.02074, -0.00832, -0.02062,  0.28913,  0.96955,  0.86626,  0.95098
20950, 7485, -0.01743,  0.00766, -0.02323,  0.17213,  0.99469,  0.74926,  0.97917
20951, 7486, -0.01793, -0.00676, -0.02208,  0.28913,  0.99469,  0.86626,  0.97917
20952, 7487, -0.04316,  0.03658,  0.099,  0.31303,  0.7315,  0.75817,  0.71151
20953, 7488, -0.04394,  0.03497,  0.10123,  0.31303,  0.77735,  0.75817,  0.75736
20954, 7489, -0.03937,  0.03697,  0.10066,  0.21968,  0.77735,  0.67135,  0.75736
20955, 7487, -0.04316,  0.03658,  0.099,  0.31303,  0.7315,  0.75817,  0.71151
20956, 7489, -0.03937,  0.03697,  0.10066,  0.21968,  0.77735,  0.67135,  0.75736
20957, 7490, -0.03911,  0.03826,  0.09858,  0.21968,  0.72995,  0.67135,  0.70997
20958, 7491, -0.0443,  0.03333,  0.10352,  0.31303,  0.82319,  0.75817,  0.80321
20959, 7489, -0.03937,  0.03697,  0.10066,  0.21968,  0.77735,  0.67135,  0.75736
20960, 7488, -0.04394,  0.03497,  0.10123,  0.31303,  0.77735,  0.75817,  0.75736
20961, 7491, -0.0443,  0.03333,  0.10352,  0.31303,  0.82319,  0.75817,  0.80321
20962, 7492, -0.03949,  0.03576,  0.10269,  0.21968,  0.82074,  0.67135,  0.80075
20963, 7489, -0.03937,  0.03697,  0.10066,  0.21968,  0.77735,  0.67135,  0.75736
20964, 7487, -0.04316,  0.03658,  0.099,  0.31303,  0.7315,  0.75817,  0.71151
20965, 7490, -0.03911,  0.03826,  0.09858,  0.21968,  0.72995,  0.67135,  0.70997
20966, 7493, -0.03841,  0.03981,  0.09636,  0.21968,  0.67947,  0.67135,  0.65948
20967, 7487, -0.04316,  0.03658,  0.099,  0.31303,  0.7315,  0.75817,  0.71151
20968, 7493, -0.03841,  0.03981,  0.09636,  0.21968,  0.67947,  0.67135,  0.65948
20969, 7494, -0.04187,  0.03812,  0.09686,  0.31303,  0.67947,  0.75817,  0.65948
20970, 7495, -0.04043,  0.03933,  0.09497,  0.31303,  0.62743,  0.75817,  0.60745
20971, 7494, -0.04187,  0.03812,  0.09686,  0.31303,  0.67947,  0.75817,  0.65948
20972, 7493, -0.03841,  0.03981,  0.09636,  0.21968,  0.67947,  0.67135,  0.65948
20973, 7495, -0.04043,  0.03933,  0.09497,  0.31303,  0.62743,  0.75817,  0.60745
20974, 7493, -0.03841,  0.03981,  0.09636,  0.21968,  0.67947,  0.67135,  0.65948
20975, 7496, -0.03772,  0.04121,  0.09447,  0.21968,  0.62687,  0.67135,  0.60688
20976, 7496, -0.03772,  0.04121,  0.09447,  0.21968,  0.62687,  0.67135,  0.60688
20977, 7497, -0.03918,  0.03992,  0.09351,  0.31303,  0.57314,  0.75817,  0.55316
20978, 7495, -0.04043,  0.03933,  0.09497,  0.31303,  0.62743,  0.75817,  0.60745
20979, 7496, -0.03772,  0.04121,  0.09447,  0.21968,  0.62687,  0.67135,  0.60688
20980, 7498, -0.0375,  0.04204,  0.09337,  0.21968,  0.57314,  0.67135,  0.55316
20981, 7497, -0.03918,  0.03992,  0.09351,  0.31303,  0.57314,  0.75817,  0.55316
20982, 7499, -0.03753,  0.04259,  0.09267,  0.21968,  0.51886,  0.67135,  0.49887
20983, 7497, -0.03918,  0.03992,  0.09351,  0.31303,  0.57314,  0.75817,  0.55316
20984, 7498, -0.0375,  0.04204,  0.09337,  0.21968,  0.57314,  0.67135,  0.55316
20985, 7499, -0.03753,  0.04259,  0.09267,  0.21968,  0.51886,  0.67135,  0.49887
20986, 7500, -0.03802,  0.04021,  0.09226,  0.31303,  0.51886,  0.75817,  0.49887
20987, 7497, -0.03918,  0.03992,  0.09351,  0.31303,  0.57314,  0.75817,  0.55316
20988, 7491, -0.0443,  0.03333,  0.10352,  0.31303,  0.82319,  0.75817,  0.80321
20989, 7501, -0.03978,  0.0344,  0.1048,  0.21968,  0.85922,  0.67135,  0.83924
20990, 7492, -0.03949,  0.03576,  0.10269,  0.21968,  0.82074,  0.67135,  0.80075
20991, 7491, -0.0443,  0.03333,  0.10352,  0.31303,  0.82319,  0.75817,  0.80321
20992, 7502, -0.04433,  0.0317,  0.10587,  0.31303,  0.85922,  0.75817,  0.83924
20993, 7501, -0.03978,  0.0344,  0.1048,  0.21968,  0.85922,  0.67135,  0.83924
20994, 7503, -0.04419,  0.03008,  0.10824,  0.31303,  0.89525,  0.75817,  0.87526
20995, 7501, -0.03978,  0.0344,  0.1048,  0.21968,  0.85922,  0.67135,  0.83924
20996, 7502, -0.04433,  0.0317,  0.10587,  0.31303,  0.85922,  0.75817,  0.83924
20997, 7503, -0.04419,  0.03008,  0.10824,  0.31303,  0.89525,  0.75817,  0.87526
20998, 7504, -0.04015,  0.03298,  0.10694,  0.21968,  0.89525,  0.67135,  0.87526
20999, 7501, -0.03978,  0.0344,  0.1048,  0.21968,  0.85922,  0.67135,  0.83924
21000, 7505, -0.03802,  0.04021,  0.09226,  0.21968,  0.51886,  0.66978,  0.49887
21001, 7506, -0.03823,  0.03743,  0.09196,  0.31303,  0.51886,  0.7566,  0.49887
21002, 7507, -0.04008,  0.03615,  0.09298,  0.31303,  0.57314,  0.7566,  0.55316
21003, 7505, -0.03802,  0.04021,  0.09226,  0.21968,  0.51886,  0.66978,  0.49887
21004, 7507, -0.04008,  0.03615,  0.09298,  0.31303,  0.57314,  0.7566,  0.55316
21005, 7508, -0.03918,  0.03992,  0.09351,  0.21968,  0.57314,  0.66978,  0.55316
21006, 7508, -0.03918,  0.03992,  0.09351,  0.21968,  0.57314,  0.66978,  0.55316
21007, 7507, -0.04008,  0.03615,  0.09298,  0.31303,  0.57314,  0.7566,  0.55316
21008, 7509, -0.04186,  0.03478,  0.09422,  0.31303,  0.62743,  0.7566,  0.60745
21009, 7508, -0.03918,  0.03992,  0.09351,  0.21968,  0.57314,  0.66978,  0.55316
21010, 7509, -0.04186,  0.03478,  0.09422,  0.31303,  0.62743,  0.7566,  0.60745
21011, 7510, -0.04043,  0.03933,  0.09497,  0.21968,  0.62743,  0.66978,  0.60745
21012, 7509, -0.04186,  0.03478,  0.09422,  0.31303,  0.62743,  0.7566,  0.60745
21013, 7511, -0.04187,  0.03812,  0.09686,  0.21968,  0.67947,  0.66978,  0.65948
21014, 7510, -0.04043,  0.03933,  0.09497,  0.21968,  0.62743,  0.66978,  0.60745
21015, 7509, -0.04186,  0.03478,  0.09422,  0.31303,  0.62743,  0.7566,  0.60745
21016, 7512, -0.04351,  0.03324,  0.09588,  0.31303,  0.67947,  0.7566,  0.65948
21017, 7511, -0.04187,  0.03812,  0.09686,  0.21968,  0.67947,  0.66978,  0.65948
21018, 7513, -0.04316,  0.03658,  0.099,  0.21968,  0.7315,  0.66978,  0.71151
21019, 7511, -0.04187,  0.03812,  0.09686,  0.21968,  0.67947,  0.66978,  0.65948
21020, 7512, -0.04351,  0.03324,  0.09588,  0.31303,  0.67947,  0.7566,  0.65948
21021, 7513, -0.04316,  0.03658,  0.099,  0.21968,  0.7315,  0.66978,  0.71151
21022, 7512, -0.04351,  0.03324,  0.09588,  0.31303,  0.67947,  0.7566,  0.65948
21023, 7514, -0.0449,  0.03163,  0.09807,  0.31303,  0.7315,  0.7566,  0.71151
21024, 7513, -0.04316,  0.03658,  0.099,  0.21968,  0.7315,  0.66978,  0.71151
21025, 7514, -0.0449,  0.03163,  0.09807,  0.31303,  0.7315,  0.7566,  0.71151
21026, 7515, -0.04593,  0.03003,  0.10089,  0.31303,  0.77735,  0.7566,  0.75736
21027, 7513, -0.04316,  0.03658,  0.099,  0.21968,  0.7315,  0.66978,  0.71151
21028, 7515, -0.04593,  0.03003,  0.10089,  0.31303,  0.77735,  0.7566,  0.75736
21029, 7516, -0.04394,  0.03497,  0.10123,  0.21968,  0.77735,  0.66978,  0.75736
21030, 7517, -0.0443,  0.03333,  0.10352,  0.21968,  0.82319,  0.66978,  0.80321
21031, 7516, -0.04394,  0.03497,  0.10123,  0.21968,  0.77735,  0.66978,  0.75736
21032, 7515, -0.04593,  0.03003,  0.10089,  0.31303,  0.77735,  0.7566,  0.75736
21033, 7517, -0.0443,  0.03333,  0.10352,  0.21968,  0.82319,  0.66978,  0.80321
21034, 7515, -0.04593,  0.03003,  0.10089,  0.31303,  0.77735,  0.7566,  0.75736
21035, 7518, -0.04646,  0.0285,  0.1038,  0.31303,  0.82319,  0.7566,  0.80321
21036, 7518, -0.04646,  0.0285,  0.1038,  0.31303,  0.82319,  0.7566,  0.80321
21037, 7519, -0.04433,  0.0317,  0.10587,  0.21968,  0.85922,  0.66978,  0.83924
21038, 7517, -0.0443,  0.03333,  0.10352,  0.21968,  0.82319,  0.66978,  0.80321
21039, 7518, -0.04646,  0.0285,  0.1038,  0.31303,  0.82319,  0.7566,  0.80321
21040, 7520, -0.04636,  0.0271,  0.10625,  0.31303,  0.85922,  0.7566,  0.83924
21041, 7519, -0.04433,  0.0317,  0.10587,  0.21968,  0.85922,  0.66978,  0.83924
21042, 7521, -0.04593,  0.02575,  0.10848,  0.31303,  0.89525,  0.7566,  0.87526
21043, 7519, -0.04433,  0.0317,  0.10587,  0.21968,  0.85922,  0.66978,  0.83924
21044, 7520, -0.04636,  0.0271,  0.10625,  0.31303,  0.85922,  0.7566,  0.83924
21045, 7521, -0.04593,  0.02575,  0.10848,  0.31303,  0.89525,  0.7566,  0.87526
21046, 7522, -0.04419,  0.03008,  0.10824,  0.21968,  0.89525,  0.66978,  0.87526
21047, 7519, -0.04433,  0.0317,  0.10587,  0.21968,  0.85922,  0.66978,  0.83924
21048, 7523, -0.03977,  0.02947,  0.09439,  0.31303,  0.62687,  0.75817,  0.60688
21049, 7524, -0.04186,  0.03478,  0.09422,  0.21968,  0.62743,  0.67135,  0.60745
21050, 7525, -0.04008,  0.03615,  0.09298,  0.21968,  0.57314,  0.67135,  0.55316
21051, 7523, -0.03977,  0.02947,  0.09439,  0.31303,  0.62687,  0.75817,  0.60688
21052, 7525, -0.04008,  0.03615,  0.09298,  0.21968,  0.57314,  0.67135,  0.55316
21053, 7526, -0.03856,  0.03208,  0.09332,  0.31303,  0.57314,  0.75817,  0.55316
21054, 7526, -0.03856,  0.03208,  0.09332,  0.31303,  0.57314,  0.75817,  0.55316
21055, 7525, -0.04008,  0.03615,  0.09298,  0.21968,  0.57314,  0.67135,  0.55316
21056, 7527, -0.03823,  0.03743,  0.09196,  0.21968,  0.51886,  0.67135,  0.49887
21057, 7526, -0.03856,  0.03208,  0.09332,  0.31303,  0.57314,  0.75817,  0.55316
21058, 7527, -0.03823,  0.03743,  0.09196,  0.21968,  0.51886,  0.67135,  0.49887
21059, 7528, -0.03733,  0.03478,  0.09236,  0.31303,  0.51886,  0.75817,  0.49887
21060, 7524, -0.04186,  0.03478,  0.09422,  0.21968,  0.62743,  0.67135,  0.60745
21061, 7523, -0.03977,  0.02947,  0.09439,  0.31303,  0.62687,  0.75817,  0.60688
21062, 7529, -0.04094,  0.02704,  0.09566,  0.31303,  0.67947,  0.75817,  0.65948
21063, 7524, -0.04186,  0.03478,  0.09422,  0.21968,  0.62743,  0.67135,  0.60745
21064, 7529, -0.04094,  0.02704,  0.09566,  0.31303,  0.67947,  0.75817,  0.65948
21065, 7530, -0.04351,  0.03324,  0.09588,  0.21968,  0.67947,  0.67135,  0.65948
21066, 7530, -0.04351,  0.03324,  0.09588,  0.21968,  0.67947,  0.67135,  0.65948
21067, 7529, -0.04094,  0.02704,  0.09566,  0.31303,  0.67947,  0.75817,  0.65948
21068, 7531, -0.0421,  0.0249,  0.09741,  0.31303,  0.72995,  0.75817,  0.70997
21069, 7530, -0.04351,  0.03324,  0.09588,  0.21968,  0.67947,  0.67135,  0.65948
21070, 7531, -0.0421,  0.0249,  0.09741,  0.31303,  0.72995,  0.75817,  0.70997
21071, 7532, -0.0449,  0.03163,  0.09807,  0.21968,  0.7315,  0.67135,  0.71151
21072, 7532, -0.0449,  0.03163,  0.09807,  0.21968,  0.7315,  0.67135,  0.71151
21073, 7531, -0.0421,  0.0249,  0.09741,  0.31303,  0.72995,  0.75817,  0.70997
21074, 7533, -0.04325,  0.02313,  0.09989,  0.31303,  0.77735,  0.75817,  0.75736
21075, 7532, -0.0449,  0.03163,  0.09807,  0.21968,  0.7315,  0.67135,  0.71151
21076, 7533, -0.04325,  0.02313,  0.09989,  0.31303,  0.77735,  0.75817,  0.75736
21077, 7534, -0.04593,  0.03003,  0.10089,  0.21968,  0.77735,  0.67135,  0.75736
21078, 7534, -0.04593,  0.03003,  0.10089,  0.21968,  0.77735,  0.67135,  0.75736
21079, 7533, -0.04325,  0.02313,  0.09989,  0.31303,  0.77735,  0.75817,  0.75736
21080, 7535, -0.04416,  0.02177,  0.10258,  0.31303,  0.82074,  0.75817,  0.80075
21081, 7534, -0.04593,  0.03003,  0.10089,  0.21968,  0.77735,  0.67135,  0.75736
21082, 7535, -0.04416,  0.02177,  0.10258,  0.31303,  0.82074,  0.75817,  0.80075
21083, 7536, -0.04646,  0.0285,  0.1038,  0.21968,  0.82319,  0.67135,  0.80321
21084, 7536, -0.04646,  0.0285,  0.1038,  0.21968,  0.82319,  0.67135,  0.80321
21085, 7535, -0.04416,  0.02177,  0.10258,  0.31303,  0.82074,  0.75817,  0.80075
21086, 7537, -0.04459,  0.02085,  0.10496,  0.31303,  0.85922,  0.75817,  0.83924
21087, 7536, -0.04646,  0.0285,  0.1038,  0.21968,  0.82319,  0.67135,  0.80321
21088, 7537, -0.04459,  0.02085,  0.10496,  0.31303,  0.85922,  0.75817,  0.83924
21089, 7538, -0.04636,  0.0271,  0.10625,  0.21968,  0.85922,  0.67135,  0.83924
21090, 7538, -0.04636,  0.0271,  0.10625,  0.21968,  0.85922,  0.67135,  0.83924
21091, 7537, -0.04459,  0.02085,  0.10496,  0.31303,  0.85922,  0.75817,  0.83924
21092, 7539, -0.04478,  0.02015,  0.10718,  0.31303,  0.89525,  0.75817,  0.87526
21093, 7538, -0.04636,  0.0271,  0.10625,  0.21968,  0.85922,  0.67135,  0.83924
21094, 7539, -0.04478,  0.02015,  0.10718,  0.31303,  0.89525,  0.75817,  0.87526
21095, 7540, -0.04593,  0.02575,  0.10848,  0.21968,  0.89525,  0.67135,  0.87526
21096, 7541, -0.03726,  0.04394,  0.0982,  0.27029,  0.65641,  0.7692,  0.71818
21097, 7542, -0.03846,  0.04105,  0.09882,  0.27029,  0.68305,  0.7692,  0.76049
21098, 7543, -0.03808,  0.04259,  0.10267,  0.21844,  0.68305,  0.69672,  0.76049
21099, 7541, -0.03726,  0.04394,  0.0982,  0.27029,  0.65641,  0.7692,  0.71818
21100, 7543, -0.03808,  0.04259,  0.10267,  0.21844,  0.68305,  0.69672,  0.76049
21101, 7544, -0.03625,  0.04431,  0.10143,  0.21844,  0.65626,  0.69672,  0.71794
21102, 7545, -0.03996,  0.03752,  0.09985,  0.27029,  0.7095,  0.7692,  0.80249
21103, 7543, -0.03808,  0.04259,  0.10267,  0.21844,  0.68305,  0.69672,  0.76049
21104, 7542, -0.03846,  0.04105,  0.09882,  0.27029,  0.68305,  0.7692,  0.76049
21105, 7545, -0.03996,  0.03752,  0.09985,  0.27029,  0.7095,  0.7692,  0.80249
21106, 7546, -0.04029,  0.03983,  0.10396,  0.21844,  0.70984,  0.69672,  0.80303
21107, 7543, -0.03808,  0.04259,  0.10267,  0.21844,  0.68305,  0.69672,  0.76049
21108, 7541, -0.03726,  0.04394,  0.0982,  0.27029,  0.65641,  0.7692,  0.71818
21109, 7544, -0.03625,  0.04431,  0.10143,  0.21844,  0.65626,  0.69672,  0.71794
21110, 7547, -0.03495,  0.04451,  0.09994,  0.21844,  0.63006,  0.69672,  0.67633
21111, 7541, -0.03726,  0.04394,  0.0982,  0.27029,  0.65641,  0.7692,  0.71818
21112, 7547, -0.03495,  0.04451,  0.09994,  0.21844,  0.63006,  0.69672,  0.67633
21113, 7548, -0.03614,  0.04503,  0.09755,  0.27029,  0.63006,  0.7692,  0.67633
21114, 7548, -0.03614,  0.04503,  0.09755,  0.27029,  0.63006,  0.7692,  0.67633
21115, 7547, -0.03495,  0.04451,  0.09994,  0.21844,  0.63006,  0.69672,  0.67633
21116, 7549, -0.03407,  0.04389,  0.09819,  0.21844,  0.60385,  0.69672,  0.63472
21117, 7548, -0.03614,  0.04503,  0.09755,  0.27029,  0.63006,  0.7692,  0.67633
21118, 7549, -0.03407,  0.04389,  0.09819,  0.21844,  0.60385,  0.69672,  0.63472
21119, 7550, -0.03525,  0.04506,  0.09661,  0.27029,  0.59978,  0.7692,  0.62825
21120, 7550, -0.03525,  0.04506,  0.09661,  0.27029,  0.59978,  0.7692,  0.62825
21121, 7549, -0.03407,  0.04389,  0.09819,  0.21844,  0.60385,  0.69672,  0.63472
21122, 7551, -0.03351,  0.04315,  0.09617,  0.21844,  0.56136,  0.69672,  0.56723
21123, 7550, -0.03525,  0.04506,  0.09661,  0.27029,  0.59978,  0.7692,  0.62825
21124, 7551, -0.03351,  0.04315,  0.09617,  0.21844,  0.56136,  0.69672,  0.56723
21125, 7552, -0.03475,  0.04478,  0.09518,  0.27029,  0.56136,  0.7692,  0.56723
21126, 7552, -0.03475,  0.04478,  0.09518,  0.27029,  0.56136,  0.7692,  0.56723
21127, 7551, -0.03351,  0.04315,  0.09617,  0.21844,  0.56136,  0.69672,  0.56723
21128, 7553, -0.03311,  0.04236,  0.09402,  0.21844,  0.51886,  0.69672,  0.49973
21129, 7552, -0.03475,  0.04478,  0.09518,  0.27029,  0.56136,  0.7692,  0.56723
21130, 7553, -0.03311,  0.04236,  0.09402,  0.21844,  0.51886,  0.69672,  0.49973
21131, 7554, -0.03445,  0.04436,  0.09349,  0.27029,  0.51886,  0.7692,  0.49973
21132, 7545, -0.03996,  0.03752,  0.09985,  0.27029,  0.7095,  0.7692,  0.80249
21133, 7555, -0.04273,  0.03651,  0.10563,  0.21844,  0.73528,  0.69672,  0.84343
21134, 7546, -0.04029,  0.03983,  0.10396,  0.21844,  0.70984,  0.69672,  0.80303
21135, 7545, -0.03996,  0.03752,  0.09985,  0.27029,  0.7095,  0.7692,  0.80249
21136, 7556, -0.04195,  0.03455,  0.10177,  0.27029,  0.73528,  0.7692,  0.84343
21137, 7555, -0.04273,  0.03651,  0.10563,  0.21844,  0.73528,  0.69672,  0.84343
21138, 7557, -0.0446,  0.03318,  0.10713,  0.21844,  0.76071,  0.69672,  0.88382
21139, 7555, -0.04273,  0.03651,  0.10563,  0.21844,  0.73528,  0.69672,  0.84343
21140, 7556, -0.04195,  0.03455,  0.10177,  0.27029,  0.73528,  0.7692,  0.84343
21141, 7557, -0.0446,  0.03318,  0.10713,  0.21844,  0.76071,  0.69672,  0.88382
21142, 7556, -0.04195,  0.03455,  0.10177,  0.27029,  0.73528,  0.7692,  0.84343
21143, 7558, -0.04372,  0.03212,  0.10384,  0.27029,  0.76195,  0.7692,  0.88579
21144, 7558, -0.04372,  0.03212,  0.10384,  0.27029,  0.76195,  0.7692,  0.88579
21145, 7559, -0.0451,  0.03037,  0.10792,  0.21844,  0.7911,  0.69672,  0.93209
21146, 7557, -0.0446,  0.03318,  0.10713,  0.21844,  0.76071,  0.69672,  0.88382
21147, 7558, -0.04372,  0.03212,  0.10384,  0.27029,  0.76195,  0.7692,  0.88579
21148, 7560, -0.04457,  0.03024,  0.10534,  0.27029,  0.7911,  0.7692,  0.93209
21149, 7559, -0.0451,  0.03037,  0.10792,  0.21844,  0.7911,  0.69672,  0.93209
21150, 7561, -0.04493,  0.02782,  0.10836,  0.21844,  0.8215,  0.69672,  0.98035
21151, 7559, -0.0451,  0.03037,  0.10792,  0.21844,  0.7911,  0.69672,  0.93209
21152, 7560, -0.04457,  0.03024,  0.10534,  0.27029,  0.7911,  0.7692,  0.93209
21153, 7561, -0.04493,  0.02782,  0.10836,  0.21844,  0.8215,  0.69672,  0.98035
21154, 7560, -0.04457,  0.03024,  0.10534,  0.27029,  0.7911,  0.7692,  0.93209
21155, 7562, -0.04494,  0.02863,  0.10654,  0.27029,  0.8215,  0.7692,  0.98035
21156, 7563, -0.03241,  0.03999,  0.09434,  0.21844,  0.51886,  0.65729,  0.49973
21157, 7564, -0.03311,  0.04236,  0.09402,  0.27029,  0.51886,  0.70915,  0.49973
21158, 7565, -0.03351,  0.04315,  0.09617,  0.27029,  0.56136,  0.70915,  0.56723
21159, 7563, -0.03241,  0.03999,  0.09434,  0.21844,  0.51886,  0.65729,  0.49973
21160, 7565, -0.03351,  0.04315,  0.09617,  0.27029,  0.56136,  0.70915,  0.56723
21161, 7566, -0.03268,  0.04031,  0.09732,  0.21844,  0.56136,  0.65729,  0.56723
21162, 7566, -0.03268,  0.04031,  0.09732,  0.21844,  0.56136,  0.65729,  0.56723
21163, 7565, -0.03351,  0.04315,  0.09617,  0.27029,  0.56136,  0.70915,  0.56723
21164, 7567, -0.03407,  0.04389,  0.09819,  0.27029,  0.60385,  0.70915,  0.63472
21165, 7566, -0.03268,  0.04031,  0.09732,  0.21844,  0.56136,  0.65729,  0.56723
21166, 7567, -0.03407,  0.04389,  0.09819,  0.27029,  0.60385,  0.70915,  0.63472
21167, 7568, -0.03321,  0.04069,  0.10001,  0.21844,  0.59978,  0.65729,  0.62825
21168, 7567, -0.03407,  0.04389,  0.09819,  0.27029,  0.60385,  0.70915,  0.63472
21169, 7569, -0.03426,  0.0412,  0.1021,  0.21844,  0.63006,  0.65729,  0.67633
21170, 7568, -0.03321,  0.04069,  0.10001,  0.21844,  0.59978,  0.65729,  0.62825
21171, 7567, -0.03407,  0.04389,  0.09819,  0.27029,  0.60385,  0.70915,  0.63472
21172, 7570, -0.03495,  0.04451,  0.09994,  0.27029,  0.63006,  0.70915,  0.67633
21173, 7569, -0.03426,  0.0412,  0.1021,  0.21844,  0.63006,  0.65729,  0.67633
21174, 7571, -0.03625,  0.04431,  0.10143,  0.27029,  0.65626,  0.70915,  0.71794
21175, 7569, -0.03426,  0.0412,  0.1021,  0.21844,  0.63006,  0.65729,  0.67633
21176, 7570, -0.03495,  0.04451,  0.09994,  0.27029,  0.63006,  0.70915,  0.67633
21177, 7571, -0.03625,  0.04431,  0.10143,  0.27029,  0.65626,  0.70915,  0.71794
21178, 7572, -0.03562,  0.04128,  0.10379,  0.21844,  0.65641,  0.65729,  0.71818
21179, 7569, -0.03426,  0.0412,  0.1021,  0.21844,  0.63006,  0.65729,  0.67633
21180, 7571, -0.03625,  0.04431,  0.10143,  0.27029,  0.65626,  0.70915,  0.71794
21181, 7573, -0.03713,  0.04039,  0.10527,  0.21844,  0.68305,  0.65729,  0.76049
21182, 7572, -0.03562,  0.04128,  0.10379,  0.21844,  0.65641,  0.65729,  0.71818
21183, 7571, -0.03625,  0.04431,  0.10143,  0.27029,  0.65626,  0.70915,  0.71794
21184, 7574, -0.03808,  0.04259,  0.10267,  0.27029,  0.68305,  0.70915,  0.76049
21185, 7573, -0.03713,  0.04039,  0.10527,  0.21844,  0.68305,  0.65729,  0.76049
21186, 7575, -0.04029,  0.03983,  0.10396,  0.27029,  0.70984,  0.70915,  0.80303
21187, 7573, -0.03713,  0.04039,  0.10527,  0.21844,  0.68305,  0.65729,  0.76049
21188, 7574, -0.03808,  0.04259,  0.10267,  0.27029,  0.68305,  0.70915,  0.76049
21189, 7575, -0.04029,  0.03983,  0.10396,  0.27029,  0.70984,  0.70915,  0.80303
21190, 7576, -0.03899,  0.03837,  0.10666,  0.21844,  0.7095,  0.65729,  0.80249
21191, 7573, -0.03713,  0.04039,  0.10527,  0.21844,  0.68305,  0.65729,  0.76049
21192, 7576, -0.03899,  0.03837,  0.10666,  0.21844,  0.7095,  0.65729,  0.80249
21193, 7575, -0.04029,  0.03983,  0.10396,  0.27029,  0.70984,  0.70915,  0.80303
21194, 7577, -0.04273,  0.03651,  0.10563,  0.27029,  0.73528,  0.70915,  0.84343
21195, 7576, -0.03899,  0.03837,  0.10666,  0.21844,  0.7095,  0.65729,  0.80249
21196, 7577, -0.04273,  0.03651,  0.10563,  0.27029,  0.73528,  0.70915,  0.84343
21197, 7578, -0.04143,  0.0351,  0.10809,  0.21844,  0.73528,  0.65729,  0.84343
21198, 7579, -0.04341,  0.03157,  0.10915,  0.21844,  0.76195,  0.65729,  0.88579
21199, 7578, -0.04143,  0.0351,  0.10809,  0.21844,  0.73528,  0.65729,  0.84343
21200, 7577, -0.04273,  0.03651,  0.10563,  0.27029,  0.73528,  0.70915,  0.84343
21201, 7579, -0.04341,  0.03157,  0.10915,  0.21844,  0.76195,  0.65729,  0.88579
21202, 7577, -0.04273,  0.03651,  0.10563,  0.27029,  0.73528,  0.70915,  0.84343
21203, 7580, -0.0446,  0.03318,  0.10713,  0.27029,  0.76071,  0.70915,  0.88382
21204, 7580, -0.0446,  0.03318,  0.10713,  0.27029,  0.76071,  0.70915,  0.88382
21205, 7581, -0.04389,  0.02879,  0.10943,  0.21844,  0.7911,  0.65729,  0.93209
21206, 7579, -0.04341,  0.03157,  0.10915,  0.21844,  0.76195,  0.65729,  0.88579
21207, 7580, -0.0446,  0.03318,  0.10713,  0.27029,  0.76071,  0.70915,  0.88382
21208, 7582, -0.0451,  0.03037,  0.10792,  0.27029,  0.7911,  0.70915,  0.93209
21209, 7581, -0.04389,  0.02879,  0.10943,  0.21844,  0.7911,  0.65729,  0.93209
21210, 7583, -0.04493,  0.02782,  0.10836,  0.27029,  0.8215,  0.70915,  0.98035
21211, 7581, -0.04389,  0.02879,  0.10943,  0.21844,  0.7911,  0.65729,  0.93209
21212, 7582, -0.0451,  0.03037,  0.10792,  0.27029,  0.7911,  0.70915,  0.93209
21213, 7583, -0.04493,  0.02782,  0.10836,  0.27029,  0.8215,  0.70915,  0.98035
21214, 7584, -0.04363,  0.02639,  0.10932,  0.21844,  0.8215,  0.65729,  0.98035
21215, 7581, -0.04389,  0.02879,  0.10943,  0.21844,  0.7911,  0.65729,  0.93209
21216, 7585, -0.0269,  0.06449,  0.08554,  0.23838,  0.79334,  0.65635,  0.82879
21217, 7586, -0.025,  0.06696,  0.0826,  0.23838,  0.76643,  0.65635,  0.79892
21218, 7587, -0.0288,  0.06492,  0.08186,  0.29024,  0.76643,  0.70821,  0.79892
21219, 7585, -0.0269,  0.06449,  0.08554,  0.23838,  0.79334,  0.65635,  0.82879
21220, 7587, -0.0288,  0.06492,  0.08186,  0.29024,  0.76643,  0.70821,  0.79892
21221, 7588, -0.0302,  0.06203,  0.08504,  0.29024,  0.79567,  0.70821,  0.83138
21222, 7589, -0.02297,  0.06842,  0.07985,  0.23838,  0.73759,  0.65635,  0.76691
21223, 7587, -0.0288,  0.06492,  0.08186,  0.29024,  0.76643,  0.70821,  0.79892
21224, 7586, -0.025,  0.06696,  0.0826,  0.23838,  0.76643,  0.65635,  0.79892
21225, 7589, -0.02297,  0.06842,  0.07985,  0.23838,  0.73759,  0.65635,  0.76691
21226, 7590, -0.02716,  0.06681,  0.07879,  0.29024,  0.73718,  0.70821,  0.76646
21227, 7587, -0.0288,  0.06492,  0.08186,  0.29024,  0.76643,  0.70821,  0.79892
21228, 7589, -0.02297,  0.06842,  0.07985,  0.23838,  0.73759,  0.65635,  0.76691
21229, 7591, -0.02506,  0.06828,  0.07567,  0.29024,  0.70955,  0.70821,  0.73579
21230, 7590, -0.02716,  0.06681,  0.07879,  0.29024,  0.73718,  0.70821,  0.76646
21231, 7589, -0.02297,  0.06842,  0.07985,  0.23838,  0.73759,  0.65635,  0.76691
21232, 7592, -0.02062,  0.06949,  0.07721,  0.23838,  0.70955,  0.65635,  0.73579
21233, 7591, -0.02506,  0.06828,  0.07567,  0.29024,  0.70955,  0.70821,  0.73579
21234, 7593, -0.01823,  0.07009,  0.07495,  0.23838,  0.68195,  0.65635,  0.70515
21235, 7591, -0.02506,  0.06828,  0.07567,  0.29024,  0.70955,  0.70821,  0.73579
21236, 7592, -0.02062,  0.06949,  0.07721,  0.23838,  0.70955,  0.65635,  0.73579
21237, 7593, -0.01823,  0.07009,  0.07495,  0.23838,  0.68195,  0.65635,  0.70515
21238, 7594, -0.02252,  0.06926,  0.0726,  0.29024,  0.68192,  0.70821,  0.70512
21239, 7591, -0.02506,  0.06828,  0.07567,  0.29024,  0.70955,  0.70821,  0.73579
21240, 7594, -0.02252,  0.06926,  0.0726,  0.29024,  0.68192,  0.70821,  0.70512
21241, 7593, -0.01823,  0.07009,  0.07495,  0.23838,  0.68195,  0.65635,  0.70515
21242, 7595, -0.01606,  0.07011,  0.07335,  0.23838,  0.6544,  0.65635,  0.67457
21243, 7594, -0.02252,  0.06926,  0.0726,  0.29024,  0.68192,  0.70821,  0.70512
21244, 7595, -0.01606,  0.07011,  0.07335,  0.23838,  0.6544,  0.65635,  0.67457
21245, 7596, -0.01955,  0.06968,  0.06972,  0.29024,  0.6544,  0.70821,  0.67457
21246, 7597, -0.01586,  0.06936,  0.06743,  0.29024,  0.62687,  0.70821,  0.64402
21247, 7596, -0.01955,  0.06968,  0.06972,  0.29024,  0.6544,  0.70821,  0.67457
21248, 7595, -0.01606,  0.07011,  0.07335,  0.23838,  0.6544,  0.65635,  0.67457
21249, 7597, -0.01586,  0.06936,  0.06743,  0.29024,  0.62687,  0.70821,  0.64402
21250, 7595, -0.01606,  0.07011,  0.07335,  0.23838,  0.6544,  0.65635,  0.67457
21251, 7598, -0.01341,  0.06953,  0.07192,  0.23838,  0.62631,  0.65635,  0.6434
21252, 7599, -0.00958,  0.06832,  0.07015,  0.23838,  0.59713,  0.65635,  0.611
21253, 7597, -0.01586,  0.06936,  0.06743,  0.29024,  0.62687,  0.70821,  0.64402
21254, 7598, -0.01341,  0.06953,  0.07192,  0.23838,  0.62631,  0.65635,  0.6434
21255, 7599, -0.00958,  0.06832,  0.07015,  0.23838,  0.59713,  0.65635,  0.611
21256, 7600, -0.01114,  0.0681,  0.06616,  0.29024,  0.59713,  0.70821,  0.611
21257, 7597, -0.01586,  0.06936,  0.06743,  0.29024,  0.62687,  0.70821,  0.64402
21258, 7601, -0.00515,  0.06679,  0.06822,  0.23838,  0.56738,  0.65635,  0.57799
21259, 7600, -0.01114,  0.0681,  0.06616,  0.29024,  0.59713,  0.70821,  0.611
21260, 7599, -0.00958,  0.06832,  0.07015,  0.23838,  0.59713,  0.65635,  0.611
21261, 7601, -0.00515,  0.06679,  0.06822,  0.23838,  0.56738,  0.65635,  0.57799
21262, 7602, -0.00591,  0.06636,  0.0654,  0.29024,  0.56738,  0.70821,  0.57799
21263, 7600, -0.01114,  0.0681,  0.06616,  0.29024,  0.59713,  0.70821,  0.611
21264, 7588, -0.0302,  0.06203,  0.08504,  0.29024,  0.79567,  0.70821,  0.83138
21265, 7603, -0.03156,  0.0576,  0.08853,  0.29024,  0.81557,  0.70821,  0.85347
21266, 7604, -0.02889,  0.06039,  0.08874,  0.23838,  0.81557,  0.65635,  0.85347
21267, 7605, -0.03291,  0.05239,  0.09216,  0.29024,  0.83547,  0.70821,  0.87555
21268, 7604, -0.02889,  0.06039,  0.08874,  0.23838,  0.81557,  0.65635,  0.85347
21269, 7603, -0.03156,  0.0576,  0.08853,  0.29024,  0.81557,  0.70821,  0.85347
21270, 7605, -0.03291,  0.05239,  0.09216,  0.29024,  0.83547,  0.70821,  0.87555
21271, 7606, -0.03092,  0.05548,  0.09207,  0.23838,  0.83547,  0.65635,  0.87555
21272, 7604, -0.02889,  0.06039,  0.08874,  0.23838,  0.81557,  0.65635,  0.85347
21273, 7588, -0.0302,  0.06203,  0.08504,  0.29024,  0.79567,  0.70821,  0.83138
21274, 7604, -0.02889,  0.06039,  0.08874,  0.23838,  0.81557,  0.65635,  0.85347
21275, 7585, -0.0269,  0.06449,  0.08554,  0.23838,  0.79334,  0.65635,  0.82879
21276, 7607, -0.00591,  0.06636,  0.0654,  0.23838,  0.56738,  0.67627,  0.5789
21277, 7608, -0.00845,  0.06473,  0.06348,  0.29024,  0.56738,  0.72812,  0.5789
21278, 7609, -0.01315,  0.06567,  0.06445,  0.29024,  0.59713,  0.72812,  0.61191
21279, 7607, -0.00591,  0.06636,  0.0654,  0.23838,  0.56738,  0.67627,  0.5789
21280, 7609, -0.01315,  0.06567,  0.06445,  0.29024,  0.59713,  0.72812,  0.61191
21281, 7610, -0.01114,  0.0681,  0.06616,  0.23838,  0.59713,  0.67627,  0.61191
21282, 7610, -0.01114,  0.0681,  0.06616,  0.23838,  0.59713,  0.67627,  0.61191
21283, 7609, -0.01315,  0.06567,  0.06445,  0.29024,  0.59713,  0.72812,  0.61191
21284, 7611, -0.01752,  0.06619,  0.06593,  0.29024,  0.62687,  0.72812,  0.64492
21285, 7610, -0.01114,  0.0681,  0.06616,  0.23838,  0.59713,  0.67627,  0.61191
21286, 7611, -0.01752,  0.06619,  0.06593,  0.29024,  0.62687,  0.72812,  0.64492
21287, 7612, -0.01586,  0.06936,  0.06743,  0.23838,  0.62687,  0.67627,  0.64492
21288, 7612, -0.01586,  0.06936,  0.06743,  0.23838,  0.62687,  0.67627,  0.64492
21289, 7611, -0.01752,  0.06619,  0.06593,  0.29024,  0.62687,  0.72812,  0.64492
21290, 7613, -0.02122,  0.0659,  0.06846,  0.29024,  0.6544,  0.72812,  0.67548
21291, 7612, -0.01586,  0.06936,  0.06743,  0.23838,  0.62687,  0.67627,  0.64492
21292, 7613, -0.02122,  0.0659,  0.06846,  0.29024,  0.6544,  0.72812,  0.67548
21293, 7614, -0.01955,  0.06968,  0.06972,  0.23838,  0.6544,  0.67627,  0.67548
21294, 7615, -0.02252,  0.06926,  0.0726,  0.23838,  0.68192,  0.67627,  0.70603
21295, 7614, -0.01955,  0.06968,  0.06972,  0.23838,  0.6544,  0.67627,  0.67548
21296, 7613, -0.02122,  0.0659,  0.06846,  0.29024,  0.6544,  0.72812,  0.67548
21297, 7615, -0.02252,  0.06926,  0.0726,  0.23838,  0.68192,  0.67627,  0.70603
21298, 7613, -0.02122,  0.0659,  0.06846,  0.29024,  0.6544,  0.72812,  0.67548
21299, 7616, -0.02424,  0.06501,  0.07151,  0.29024,  0.68192,  0.72812,  0.70603
21300, 7615, -0.02252,  0.06926,  0.0726,  0.23838,  0.68192,  0.67627,  0.70603
21301, 7616, -0.02424,  0.06501,  0.07151,  0.29024,  0.68192,  0.72812,  0.70603
21302, 7617, -0.02658,  0.06374,  0.07457,  0.29024,  0.70955,  0.72812,  0.7367
21303, 7615, -0.02252,  0.06926,  0.0726,  0.23838,  0.68192,  0.67627,  0.70603
21304, 7617, -0.02658,  0.06374,  0.07457,  0.29024,  0.70955,  0.72812,  0.7367
21305, 7618, -0.02506,  0.06828,  0.07567,  0.23838,  0.70955,  0.67627,  0.7367
21306, 7619, -0.02716,  0.06681,  0.07879,  0.23838,  0.73718,  0.67627,  0.76737
21307, 7618, -0.02506,  0.06828,  0.07567,  0.23838,  0.70955,  0.67627,  0.7367
21308, 7617, -0.02658,  0.06374,  0.07457,  0.29024,  0.70955,  0.72812,  0.7367
21309, 7619, -0.02716,  0.06681,  0.07879,  0.23838,  0.73718,  0.67627,  0.76737
21310, 7617, -0.02658,  0.06374,  0.07457,  0.29024,  0.70955,  0.72812,  0.7367
21311, 7620, -0.02842,  0.06216,  0.07767,  0.29024,  0.73718,  0.72812,  0.76737
21312, 7619, -0.02716,  0.06681,  0.07879,  0.23838,  0.73718,  0.67627,  0.76737
21313, 7620, -0.02842,  0.06216,  0.07767,  0.29024,  0.73718,  0.72812,  0.76737
21314, 7621, -0.0299,  0.06035,  0.08081,  0.29024,  0.76643,  0.72812,  0.79983
21315, 7619, -0.02716,  0.06681,  0.07879,  0.23838,  0.73718,  0.67627,  0.76737
21316, 7621, -0.0299,  0.06035,  0.08081,  0.29024,  0.76643,  0.72812,  0.79983
21317, 7622, -0.0288,  0.06492,  0.08186,  0.23838,  0.76643,  0.67627,  0.79983
21318, 7622, -0.0288,  0.06492,  0.08186,  0.23838,  0.76643,  0.67627,  0.79983
21319, 7621, -0.0299,  0.06035,  0.08081,  0.29024,  0.76643,  0.72812,  0.79983
21320, 7623, -0.03127,  0.05786,  0.08421,  0.29024,  0.79567,  0.72812,  0.83229
21321, 7622, -0.0288,  0.06492,  0.08186,  0.23838,  0.76643,  0.67627,  0.79983
21322, 7623, -0.03127,  0.05786,  0.08421,  0.29024,  0.79567,  0.72812,  0.83229
21323, 7624, -0.0302,  0.06203,  0.08504,  0.23838,  0.79567,  0.67627,  0.83229
21324, 7623, -0.03127,  0.05786,  0.08421,  0.29024,  0.79567,  0.72812,  0.83229
21325, 7625, -0.03156,  0.0576,  0.08853,  0.23838,  0.81557,  0.67627,  0.85438
21326, 7624, -0.0302,  0.06203,  0.08504,  0.23838,  0.79567,  0.67627,  0.83229
21327, 7623, -0.03127,  0.05786,  0.08421,  0.29024,  0.79567,  0.72812,  0.83229
21328, 7626, -0.03275,  0.0542,  0.0881,  0.29,  0.81561,  0.72841,  0.85487
21329, 7625, -0.03156,  0.0576,  0.08853,  0.23838,  0.81557,  0.67627,  0.85438
21330, 7627, -0.03429,  0.04996,  0.09222,  0.28976,  0.83554,  0.72869,  0.87744
21331, 7625, -0.03156,  0.0576,  0.08853,  0.23838,  0.81557,  0.67627,  0.85438
21332, 7626, -0.03275,  0.0542,  0.0881,  0.29,  0.81561,  0.72841,  0.85487
21333, 7627, -0.03429,  0.04996,  0.09222,  0.28976,  0.83554,  0.72869,  0.87744
21334, 7628, -0.03291,  0.05239,  0.09216,  0.23838,  0.83547,  0.67627,  0.87646
21335, 7625, -0.03156,  0.0576,  0.08853,  0.23838,  0.81557,  0.67627,  0.85438
21336, 7629, -0.01752,  0.06619,  0.06593,  0.23838,  0.62687,  0.70945,  0.64492
21337, 7630, -0.01315,  0.06567,  0.06445,  0.23838,  0.59713,  0.70945,  0.61191
21338, 7631, -0.0133,  0.06113,  0.06474,  0.29024,  0.59713,  0.6576,  0.61191
21339, 7629, -0.01752,  0.06619,  0.06593,  0.23838,  0.62687,  0.70945,  0.64492
21340, 7631, -0.0133,  0.06113,  0.06474,  0.29024,  0.59713,  0.6576,  0.61191
21341, 7632, -0.01668,  0.06112,  0.06605,  0.29024,  0.62631,  0.6576,  0.64431
21342, 7633, -0.00845,  0.06473,  0.06348,  0.23838,  0.56738,  0.70945,  0.5789
21343, 7631, -0.0133,  0.06113,  0.06474,  0.29024,  0.59713,  0.6576,  0.61191
21344, 7630, -0.01315,  0.06567,  0.06445,  0.23838,  0.59713,  0.70945,  0.61191
21345, 7633, -0.00845,  0.06473,  0.06348,  0.23838,  0.56738,  0.70945,  0.5789
21346, 7634, -0.00957,  0.06069,  0.0639,  0.29024,  0.56738,  0.6576,  0.5789
21347, 7631, -0.0133,  0.06113,  0.06474,  0.29024,  0.59713,  0.6576,  0.61191
21348, 7632, -0.01668,  0.06112,  0.06605,  0.29024,  0.62631,  0.6576,  0.64431
21349, 7635, -0.02122,  0.0659,  0.06846,  0.23838,  0.6544,  0.70945,  0.67548
21350, 7629, -0.01752,  0.06619,  0.06593,  0.23838,  0.62687,  0.70945,  0.64492
21351, 7632, -0.01668,  0.06112,  0.06605,  0.29024,  0.62631,  0.6576,  0.64431
21352, 7636, -0.01938,  0.06022,  0.0683,  0.29024,  0.6544,  0.6576,  0.67548
21353, 7635, -0.02122,  0.0659,  0.06846,  0.23838,  0.6544,  0.70945,  0.67548
21354, 7637, -0.02424,  0.06501,  0.07151,  0.23838,  0.68192,  0.70945,  0.70603
21355, 7635, -0.02122,  0.0659,  0.06846,  0.23838,  0.6544,  0.70945,  0.67548
21356, 7636, -0.01938,  0.06022,  0.0683,  0.29024,  0.6544,  0.6576,  0.67548
21357, 7637, -0.02424,  0.06501,  0.07151,  0.23838,  0.68192,  0.70945,  0.70603
21358, 7636, -0.01938,  0.06022,  0.0683,  0.29024,  0.6544,  0.6576,  0.67548
21359, 7638, -0.0216,  0.05857,  0.07093,  0.29024,  0.68195,  0.6576,  0.70606
21360, 7637, -0.02424,  0.06501,  0.07151,  0.23838,  0.68192,  0.70945,  0.70603
21361, 7638, -0.0216,  0.05857,  0.07093,  0.29024,  0.68195,  0.6576,  0.70606
21362, 7639, -0.02357,  0.05632,  0.07339,  0.29024,  0.70955,  0.6576,  0.7367
21363, 7637, -0.02424,  0.06501,  0.07151,  0.23838,  0.68192,  0.70945,  0.70603
21364, 7639, -0.02357,  0.05632,  0.07339,  0.29024,  0.70955,  0.6576,  0.7367
21365, 7640, -0.02658,  0.06374,  0.07457,  0.23838,  0.70955,  0.70945,  0.7367
21366, 7640, -0.02658,  0.06374,  0.07457,  0.23838,  0.70955,  0.70945,  0.7367
21367, 7639, -0.02357,  0.05632,  0.07339,  0.29024,  0.70955,  0.6576,  0.7367
21368, 7641, -0.0256,  0.05402,  0.07607,  0.29024,  0.73759,  0.6576,  0.76782
21369, 7640, -0.02658,  0.06374,  0.07457,  0.23838,  0.70955,  0.70945,  0.7367
21370, 7641, -0.0256,  0.05402,  0.07607,  0.29024,  0.73759,  0.6576,  0.76782
21371, 7642, -0.02842,  0.06216,  0.07767,  0.23838,  0.73718,  0.70945,  0.76737
21372, 7641, -0.0256,  0.05402,  0.07607,  0.29024,  0.73759,  0.6576,  0.76782
21373, 7643, -0.0299,  0.06035,  0.08081,  0.23838,  0.76643,  0.70945,  0.79983
21374, 7642, -0.02842,  0.06216,  0.07767,  0.23838,  0.73718,  0.70945,  0.76737
21375, 7641, -0.0256,  0.05402,  0.07607,  0.29024,  0.73759,  0.6576,  0.76782
21376, 7644, -0.02798,  0.0522,  0.07939,  0.29024,  0.76643,  0.6576,  0.79983
21377, 7643, -0.0299,  0.06035,  0.08081,  0.23838,  0.76643,  0.70945,  0.79983
21378, 7645, -0.03035,  0.05054,  0.0832,  0.29024,  0.79334,  0.6576,  0.8297
21379, 7643, -0.0299,  0.06035,  0.08081,  0.23838,  0.76643,  0.70945,  0.79983
21380, 7644, -0.02798,  0.0522,  0.07939,  0.29024,  0.76643,  0.6576,  0.79983
21381, 7645, -0.03035,  0.05054,  0.0832,  0.29024,  0.79334,  0.6576,  0.8297
21382, 7646, -0.03127,  0.05786,  0.08421,  0.23838,  0.79567,  0.70945,  0.83229
21383, 7643, -0.0299,  0.06035,  0.08081,  0.23838,  0.76643,  0.70945,  0.79983
21384, 7645, -0.03035,  0.05054,  0.0832,  0.29024,  0.79334,  0.6576,  0.8297
21385, 7647, -0.03275,  0.0542,  0.0881,  0.23838,  0.81557,  0.70945,  0.85438
21386, 7646, -0.03127,  0.05786,  0.08421,  0.23838,  0.79567,  0.70945,  0.83229
21387, 7645, -0.03035,  0.05054,  0.0832,  0.29024,  0.79334,  0.6576,  0.8297
21388, 7648, -0.03231,  0.04872,  0.08738,  0.29024,  0.81557,  0.6576,  0.85438
21389, 7647, -0.03275,  0.0542,  0.0881,  0.23838,  0.81557,  0.70945,  0.85438
21390, 7649, -0.03429,  0.04996,  0.09222,  0.23838,  0.83547,  0.70945,  0.87646
21391, 7647, -0.03275,  0.0542,  0.0881,  0.23838,  0.81557,  0.70945,  0.85438
21392, 7648, -0.03231,  0.04872,  0.08738,  0.29024,  0.81557,  0.6576,  0.85438
21393, 7649, -0.03429,  0.04996,  0.09222,  0.23838,  0.83547,  0.70945,  0.87646
21394, 7648, -0.03231,  0.04872,  0.08738,  0.29024,  0.81557,  0.6576,  0.85438
21395, 7650, -0.03407,  0.04681,  0.09174,  0.29024,  0.83547,  0.6576,  0.87646
21396, 7651, -0.029,  0.05641,  0.08596,  0.20421,  0.57702,  0.6536,  0.59728
21397, 7652, -0.03155,  0.04676,  0.08075,  0.37731,  0.57879,  0.87422,  0.59943
21398, 7653, -0.03346,  0.04462,  0.08248,  0.38234,  0.60974,  0.88064,  0.63713
21399, 7651, -0.029,  0.05641,  0.08596,  0.20421,  0.57702,  0.6536,  0.59728
21400, 7653, -0.03346,  0.04462,  0.08248,  0.38234,  0.60974,  0.88064,  0.63713
21401, 7654, -0.0311,  0.05531,  0.08756,  0.20421,  0.60818,  0.6536,  0.63522
21402, 7655, -0.03499,  0.04227,  0.08466,  0.37615,  0.65471,  0.87274,  0.69189
21403, 7656, -0.03265,  0.0536,  0.08901,  0.20421,  0.63976,  0.6536,  0.67369
21404, 7657, -0.0311,  0.05531,  0.08756,  0.20421,  0.60818,  0.6536,  0.63522
21405, 7655, -0.03499,  0.04227,  0.08466,  0.37615,  0.65471,  0.87274,  0.69189
21406, 7657, -0.0311,  0.05531,  0.08756,  0.20421,  0.60818,  0.6536,  0.63522
21407, 7658, -0.03346,  0.04462,  0.08248,  0.37887,  0.62188,  0.87621,  0.65192
21408, 7659, -0.02378,  0.05565,  0.08231,  0.18402,  0.51203,  0.65267,  0.51813
21409, 7660, -0.02587,  0.05139,  0.07842,  0.27283,  0.51886,  0.76587,  0.52644
21410, 7661, -0.02889,  0.04904,  0.07947,  0.27283,  0.54753,  0.76587,  0.56135
21411, 7659, -0.02378,  0.05565,  0.08231,  0.18402,  0.51203,  0.65267,  0.51813
21412, 7661, -0.02889,  0.04904,  0.07947,  0.27283,  0.54753,  0.76587,  0.56135
21413, 7662, -0.02649,  0.05633,  0.08418,  0.17162,  0.53457,  0.63687,  0.54557
21414, 7663, -0.02649,  0.05633,  0.08418,  0.17828,  0.53643,  0.64536,  0.54784
21415, 7661, -0.02889,  0.04904,  0.07947,  0.27283,  0.54753,  0.76587,  0.56135
21416, 7664, -0.03155,  0.04676,  0.08075,  0.27283,  0.57702,  0.76587,  0.59728
21417, 7663, -0.02649,  0.05633,  0.08418,  0.17828,  0.53643,  0.64536,  0.54784
21418, 7664, -0.03155,  0.04676,  0.08075,  0.27283,  0.57702,  0.76587,  0.59728
21419, 7665, -0.029,  0.05641,  0.08596,  0.17104,  0.56001,  0.63613,  0.57656
21420, 7666, -0.03435,  0.04953,  0.09183,  0.20421,  0.7035,  0.6536,  0.75131
21421, 7667, -0.03787,  0.0364,  0.09008,  0.34072,  0.71998,  0.82759,  0.77139
21422, 7668, -0.0391,  0.03406,  0.09274,  0.32928,  0.76306,  0.81301,  0.82386
21423, 7666, -0.03435,  0.04953,  0.09183,  0.20421,  0.7035,  0.6536,  0.75131
21424, 7668, -0.0391,  0.03406,  0.09274,  0.32928,  0.76306,  0.81301,  0.82386
21425, 7669, -0.03572,  0.046,  0.09361,  0.20421,  0.74161,  0.6536,  0.79773
21426, 7670, -0.03737,  0.04208,  0.09585,  0.20421,  0.78053,  0.6536,  0.84513
21427, 7671, -0.03572,  0.046,  0.09361,  0.20421,  0.74161,  0.6536,  0.79773
21428, 7672, -0.0391,  0.03406,  0.09274,  0.34472,  0.75583,  0.83269,  0.81505
21429, 7670, -0.03737,  0.04208,  0.09585,  0.20421,  0.78053,  0.6536,  0.84513
21430, 7672, -0.0391,  0.03406,  0.09274,  0.34472,  0.75583,  0.83269,  0.81505
21431, 7673, -0.04036,  0.03222,  0.09546,  0.33287,  0.79488,  0.81758,  0.86261
21432, 7674, -0.03353,  0.05187,  0.09037,  0.16373,  0.662,  0.62681,  0.70078
21433, 7675, -0.03265,  0.0536,  0.08901,  0.16503,  0.64312,  0.62847,  0.67778
21434, 7676, -0.03499,  0.04227,  0.08466,  0.27283,  0.63976,  0.76587,  0.67369
21435, 7674, -0.03353,  0.05187,  0.09037,  0.16373,  0.662,  0.62681,  0.70078
21436, 7676, -0.03499,  0.04227,  0.08466,  0.27283,  0.63976,  0.76587,  0.67369
21437, 7677, -0.03648,  0.03933,  0.08729,  0.27283,  0.67054,  0.76587,  0.71117
21438, 7678, -0.03353,  0.05187,  0.09037,  0.15991,  0.66796,  0.62195,  0.70804
21439, 7679, -0.03648,  0.03933,  0.08729,  0.27283,  0.67054,  0.76587,  0.71117
21440, 7680, -0.03787,  0.0364,  0.09008,  0.27283,  0.7035,  0.76587,  0.75131
21441, 7678, -0.03353,  0.05187,  0.09037,  0.15991,  0.66796,  0.62195,  0.70804
21442, 7680, -0.03787,  0.0364,  0.09008,  0.27283,  0.7035,  0.76587,  0.75131
21443, 7681, -0.03435,  0.04953,  0.09183,  0.16012,  0.68885,  0.62221,  0.73347
21444, 7682, -0.04337,  0.02957,  0.10149,  0.27283,  0.84949,  0.76587,  0.92912
21445, 7683, -0.0406,  0.03534,  0.10187,  0.15907,  0.83654,  0.62087,  0.91336
21446, 7684, -0.03899,  0.0386,  0.09871,  0.13705,  0.80488,  0.59281,  0.87479
21447, 7682, -0.04337,  0.02957,  0.10149,  0.27283,  0.84949,  0.76587,  0.92912
21448, 7684, -0.03899,  0.0386,  0.09871,  0.13705,  0.80488,  0.59281,  0.87479
21449, 7685, -0.04181,  0.03079,  0.09841,  0.27283,  0.8159,  0.76587,  0.88821
21450, 7686, -0.04181,  0.03079,  0.09841,  0.27283,  0.8159,  0.76587,  0.88821
21451, 7687, -0.03899,  0.0386,  0.09871,  0.15012,  0.80758,  0.60947,  0.87808
21452, 7688, -0.03737,  0.04208,  0.09585,  0.13103,  0.77696,  0.58513,  0.84078
21453, 7686, -0.04181,  0.03079,  0.09841,  0.27283,  0.8159,  0.76587,  0.88821
21454, 7688, -0.03737,  0.04208,  0.09585,  0.13103,  0.77696,  0.58513,  0.84078
21455, 7689, -0.04036,  0.03222,  0.09546,  0.27283,  0.78053,  0.76587,  0.84513
21456, 7690,  0.0183,  0.06818,  0.04839,  0.28183,  0.61076,  0.7307,  0.91172
21457, 7691,  0.0136,  0.06885,  0.04965,  0.28183,  0.65648,  0.7307,  0.81533
21458, 7692,  0.01639,  0.07173,  0.05522,  0.20724,  0.65648,  0.64524,  0.81533
21459, 7690,  0.0183,  0.06818,  0.04839,  0.28183,  0.61076,  0.7307,  0.91172
21460, 7692,  0.01639,  0.07173,  0.05522,  0.20724,  0.65648,  0.64524,  0.81533
21461, 7693,  0.02079,  0.0711,  0.0531,  0.20724,  0.6107,  0.64524,  0.89729
21462, 7694,  0.00826,  0.06948,  0.05187,  0.28183,  0.7022,  0.7307,  0.71895
21463, 7692,  0.01639,  0.07173,  0.05522,  0.20724,  0.65648,  0.64524,  0.81533
21464, 7691,  0.0136,  0.06885,  0.04965,  0.28183,  0.65648,  0.7307,  0.81533
21465, 7694,  0.00826,  0.06948,  0.05187,  0.28183,  0.7022,  0.7307,  0.71895
21466, 7695,  0.01201,  0.07217,  0.05777,  0.20724,  0.70147,  0.64524,  0.73066
21467, 7692,  0.01639,  0.07173,  0.05522,  0.20724,  0.65648,  0.64524,  0.81533
21468, 7695,  0.01201,  0.07217,  0.05777,  0.20724,  0.70147,  0.64524,  0.73066
21469, 7694,  0.00826,  0.06948,  0.05187,  0.28183,  0.7022,  0.7307,  0.71895
21470, 7696,  0.00192,  0.07001,  0.05508,  0.28183,  0.74499,  0.7307,  0.66943
21471, 7695,  0.01201,  0.07217,  0.05777,  0.20724,  0.70147,  0.64524,  0.73066
21472, 7696,  0.00192,  0.07001,  0.05508,  0.28183,  0.74499,  0.7307,  0.66943
21473, 7697,  0.00766,  0.07239,  0.0605,  0.20724,  0.74499,  0.64524,  0.66943
21474, 7698,  0.00269,  0.07235,  0.06409,  0.20724,  0.78578,  0.64524,  0.62884
21475, 7697,  0.00766,  0.07239,  0.0605,  0.20724,  0.74499,  0.64524,  0.66943
21476, 7696,  0.00192,  0.07001,  0.05508,  0.28183,  0.74499,  0.7307,  0.66943
21477, 7698,  0.00269,  0.07235,  0.06409,  0.20724,  0.78578,  0.64524,  0.62884
21478, 7696,  0.00192,  0.07001,  0.05508,  0.28183,  0.74499,  0.7307,  0.66943
21479, 7699, -0.00448,  0.07017,  0.05948,  0.28183,  0.78778,  0.7307,  0.61992
21480, 7698,  0.00269,  0.07235,  0.06409,  0.20724,  0.78578,  0.64524,  0.62884
21481, 7699, -0.00448,  0.07017,  0.05948,  0.28183,  0.78778,  0.7307,  0.61992
21482, 7700, -0.01003,  0.06965,  0.06526,  0.28183,  0.82256,  0.7307,  0.60608
21483, 7698,  0.00269,  0.07235,  0.06409,  0.20724,  0.78578,  0.64524,  0.62884
21484, 7700, -0.01003,  0.06965,  0.06526,  0.28183,  0.82256,  0.7307,  0.60608
21485, 7701, -0.00355,  0.07201,  0.06923,  0.20724,  0.82256,  0.64524,  0.60608
21486, 7702, -0.01044,  0.07151,  0.07514,  0.20724,  0.85733,  0.64524,  0.59224
21487, 7701, -0.00355,  0.07201,  0.06923,  0.20724,  0.82256,  0.64524,  0.60608
21488, 7700, -0.01003,  0.06965,  0.06526,  0.28183,  0.82256,  0.7307,  0.60608
21489, 7702, -0.01044,  0.07151,  0.07514,  0.20724,  0.85733,  0.64524,  0.59224
21490, 7700, -0.01003,  0.06965,  0.06526,  0.28183,  0.82256,  0.7307,  0.60608
21491, 7703, -0.01515,  0.06879,  0.07173,  0.28183,  0.85733,  0.7307,  0.59224
21492, 7693,  0.02079,  0.0711,  0.0531,  0.20724,  0.6107,  0.64524,  0.89729
21493, 7704,  0.02269,  0.06752,  0.04806,  0.28183,  0.56481,  0.7307,  0.95038
21494, 7690,  0.0183,  0.06818,  0.04839,  0.28183,  0.61076,  0.7307,  0.91172
21495, 7693,  0.02079,  0.0711,  0.0531,  0.20724,  0.6107,  0.64524,  0.89729
21496, 7705,  0.0252,  0.07033,  0.05168,  0.20724,  0.56481,  0.64524,  0.95038
21497, 7704,  0.02269,  0.06752,  0.04806,  0.28183,  0.56481,  0.7307,  0.95038
21498, 7706,  0.02692,  0.06685,  0.04818,  0.28183,  0.51886,  0.7307,  0.98904
21499, 7704,  0.02269,  0.06752,  0.04806,  0.28183,  0.56481,  0.7307,  0.95038
21500, 7705,  0.0252,  0.07033,  0.05168,  0.20724,  0.56481,  0.64524,  0.95038
21501, 7706,  0.02692,  0.06685,  0.04818,  0.28183,  0.51886,  0.7307,  0.98904
21502, 7705,  0.0252,  0.07033,  0.05168,  0.20724,  0.56481,  0.64524,  0.95038
21503, 7707,  0.02961,  0.06948,  0.05062,  0.20724,  0.51886,  0.64524,  0.98904
21504, 7708,  0.0183,  0.06818,  0.04839,  0.21321,  0.61076,  0.7307,  0.91172
21505, 7709,  0.02269,  0.06752,  0.04806,  0.21419,  0.5658,  0.72958,  0.94955
21506, 7710,  0.0176,  0.06418,  0.04955,  0.2878,  0.56481,  0.64524,  0.95038
21507, 7708,  0.0183,  0.06818,  0.04839,  0.21321,  0.61076,  0.7307,  0.91172
21508, 7710,  0.0176,  0.06418,  0.04955,  0.2878,  0.56481,  0.64524,  0.95038
21509, 7711,  0.01351,  0.06409,  0.04978,  0.2878,  0.6107,  0.64524,  0.89729
21510, 7712,  0.02692,  0.06685,  0.04818,  0.21516,  0.52084,  0.72846,  0.98738
21511, 7710,  0.0176,  0.06418,  0.04955,  0.2878,  0.56481,  0.64524,  0.95038
21512, 7709,  0.02269,  0.06752,  0.04806,  0.21419,  0.5658,  0.72958,  0.94955
21513, 7712,  0.02692,  0.06685,  0.04818,  0.21516,  0.52084,  0.72846,  0.98738
21514, 7713,  0.0218,  0.06431,  0.04949,  0.2878,  0.51886,  0.64524,  0.98904
21515, 7710,  0.0176,  0.06418,  0.04955,  0.2878,  0.56481,  0.64524,  0.95038
21516, 7708,  0.0183,  0.06818,  0.04839,  0.21321,  0.61076,  0.7307,  0.91172
21517, 7711,  0.01351,  0.06409,  0.04978,  0.2878,  0.6107,  0.64524,  0.89729
21518, 7714,  0.00964,  0.06407,  0.05033,  0.2878,  0.65648,  0.64524,  0.81533
21519, 7708,  0.0183,  0.06818,  0.04839,  0.21321,  0.61076,  0.7307,  0.91172
21520, 7714,  0.00964,  0.06407,  0.05033,  0.2878,  0.65648,  0.64524,  0.81533
21521, 7715,  0.0136,  0.06885,  0.04965,  0.21321,  0.65648,  0.7307,  0.81533
21522, 7715,  0.0136,  0.06885,  0.04965,  0.21321,  0.65648,  0.7307,  0.81533
21523, 7714,  0.00964,  0.06407,  0.05033,  0.2878,  0.65648,  0.64524,  0.81533
21524, 7716,  0.00508,  0.06399,  0.05163,  0.2878,  0.70147,  0.64524,  0.73066
21525, 7715,  0.0136,  0.06885,  0.04965,  0.21321,  0.65648,  0.7307,  0.81533
21526, 7716,  0.00508,  0.06399,  0.05163,  0.2878,  0.70147,  0.64524,  0.73066
21527, 7717,  0.00826,  0.06948,  0.05187,  0.21321,  0.7022,  0.7307,  0.71895
21528, 7716,  0.00508,  0.06399,  0.05163,  0.2878,  0.70147,  0.64524,  0.73066
21529, 7718,  0.00192,  0.07001,  0.05508,  0.21321,  0.74499,  0.7307,  0.66943
21530, 7717,  0.00826,  0.06948,  0.05187,  0.21321,  0.7022,  0.7307,  0.71895
21531, 7716,  0.00508,  0.06399,  0.05163,  0.2878,  0.70147,  0.64524,  0.73066
21532, 7719, -0.00112,  0.0637,  0.0541,  0.2878,  0.74499,  0.64524,  0.66943
21533, 7718,  0.00192,  0.07001,  0.05508,  0.21321,  0.74499,  0.7307,  0.66943
21534, 7720, -0.00759,  0.06326,  0.05774,  0.2878,  0.78578,  0.64524,  0.62884
21535, 7718,  0.00192,  0.07001,  0.05508,  0.21321,  0.74499,  0.7307,  0.66943
21536, 7719, -0.00112,  0.0637,  0.0541,  0.2878,  0.74499,  0.64524,  0.66943
21537, 7720, -0.00759,  0.06326,  0.05774,  0.2878,  0.78578,  0.64524,  0.62884
21538, 7721, -0.00448,  0.07017,  0.05948,  0.21321,  0.78778,  0.7307,  0.61992
21539, 7718,  0.00192,  0.07001,  0.05508,  0.21321,  0.74499,  0.7307,  0.66943
21540, 7720, -0.00759,  0.06326,  0.05774,  0.2878,  0.78578,  0.64524,  0.62884
21541, 7722, -0.01003,  0.06965,  0.06526,  0.21321,  0.82256,  0.7307,  0.60608
21542, 7721, -0.00448,  0.07017,  0.05948,  0.21321,  0.78778,  0.7307,  0.61992
21543, 7720, -0.00759,  0.06326,  0.05774,  0.2878,  0.78578,  0.64524,  0.62884
21544, 7723, -0.01295,  0.06271,  0.06255,  0.2878,  0.82256,  0.64524,  0.60608
21545, 7722, -0.01003,  0.06965,  0.06526,  0.21321,  0.82256,  0.7307,  0.60608
21546, 7724, -0.01777,  0.0621,  0.06796,  0.2878,  0.85733,  0.64524,  0.59224
21547, 7722, -0.01003,  0.06965,  0.06526,  0.21321,  0.82256,  0.7307,  0.60608
21548, 7723, -0.01295,  0.06271,  0.06255,  0.2878,  0.82256,  0.64524,  0.60608
21549, 7724, -0.01777,  0.0621,  0.06796,  0.2878,  0.85733,  0.64524,  0.59224
21550, 7725, -0.01515,  0.06879,  0.07173,  0.21321,  0.85733,  0.7307,  0.59224
21551, 7722, -0.01003,  0.06965,  0.06526,  0.21321,  0.82256,  0.7307,  0.60608
21552, 7726,  0.02913,  0.0731,  0.0639,  0.34573,  0.7672,  0.75251,  0.80524
21553, 7727,  0.02649,  0.07471,  0.0711,  0.25851,  0.76563,  0.67197,  0.80468
21554, 7728,  0.03451,  0.07348,  0.07391,  0.25851,  0.81437,  0.67197,  0.86277
21555, 7726,  0.02913,  0.0731,  0.0639,  0.34573,  0.7672,  0.75251,  0.80524
21556, 7728,  0.03451,  0.07348,  0.07391,  0.25851,  0.81437,  0.67197,  0.86277
21557, 7729,  0.03649,  0.07248,  0.06713,  0.34573,  0.81437,  0.75251,  0.86277
21558, 7729,  0.03649,  0.07248,  0.06713,  0.34573,  0.81437,  0.75251,  0.86277
21559, 7728,  0.03451,  0.07348,  0.07391,  0.25851,  0.81437,  0.67197,  0.86277
21560, 7730,  0.04295,  0.06997,  0.07737,  0.25851,  0.86311,  0.67197,  0.92086
21561, 7729,  0.03649,  0.07248,  0.06713,  0.34573,  0.81437,  0.75251,  0.86277
21562, 7730,  0.04295,  0.06997,  0.07737,  0.25851,  0.86311,  0.67197,  0.92086
21563, 7731,  0.044,  0.06987,  0.07116,  0.34573,  0.86771,  0.75251,  0.91486
21564, 7730,  0.04295,  0.06997,  0.07737,  0.25851,  0.86311,  0.67197,  0.92086
21565, 7732,  0.05269,  0.06369,  0.0756,  0.34573,  0.93025,  0.75251,  0.95495
21566, 7731,  0.044,  0.06987,  0.07116,  0.34573,  0.86771,  0.75251,  0.91486
21567, 7730,  0.04295,  0.06997,  0.07737,  0.25851,  0.86311,  0.67197,  0.92086
21568, 7733,  0.05246,  0.06318,  0.08143,  0.25851,  0.93025,  0.67197,  0.95495
21569, 7732,  0.05269,  0.06369,  0.0756,  0.34573,  0.93025,  0.75251,  0.95495
21570, 7734,  0.06251,  0.05475,  0.08579,  0.25851,  0.99739,  0.67197,  0.98904
21571, 7732,  0.05269,  0.06369,  0.0756,  0.34573,  0.93025,  0.75251,  0.95495
21572, 7733,  0.05246,  0.06318,  0.08143,  0.25851,  0.93025,  0.67197,  0.95495
21573, 7734,  0.06251,  0.05475,  0.08579,  0.25851,  0.99739,  0.67197,  0.98904
21574, 7735,  0.06198,  0.05572,  0.08025,  0.34573,  0.99739,  0.75251,  0.98904
21575, 7732,  0.05269,  0.06369,  0.0756,  0.34573,  0.93025,  0.75251,  0.95495
21576, 7726,  0.02913,  0.0731,  0.0639,  0.34573,  0.7672,  0.75251,  0.80524
21577, 7736,  0.01821,  0.07468,  0.06899,  0.25851,  0.72317,  0.67197,  0.74883
21578, 7727,  0.02649,  0.07471,  0.0711,  0.25851,  0.76563,  0.67197,  0.80468
21579, 7726,  0.02913,  0.0731,  0.0639,  0.34573,  0.7672,  0.75251,  0.80524
21580, 7737,  0.02088,  0.07329,  0.06188,  0.34573,  0.72317,  0.75251,  0.74883
21581, 7736,  0.01821,  0.07468,  0.06899,  0.25851,  0.72317,  0.67197,  0.74883
21582, 7738,  0.01238,  0.07281,  0.06089,  0.34573,  0.68205,  0.75251,  0.69036
21583, 7736,  0.01821,  0.07468,  0.06899,  0.25851,  0.72317,  0.67197,  0.74883
21584, 7737,  0.02088,  0.07329,  0.06188,  0.34573,  0.72317,  0.75251,  0.74883
21585, 7738,  0.01238,  0.07281,  0.06089,  0.34573,  0.68205,  0.75251,  0.69036
21586, 7739,  0.01007,  0.07377,  0.06757,  0.25851,  0.68072,  0.67197,  0.69297
21587, 7736,  0.01821,  0.07468,  0.06899,  0.25851,  0.72317,  0.67197,  0.74883
21588, 7738,  0.01238,  0.07281,  0.06089,  0.34573,  0.68205,  0.75251,  0.69036
21589, 7740,  0.00243,  0.07241,  0.06679,  0.25851,  0.6436,  0.67197,  0.62666
21590, 7739,  0.01007,  0.07377,  0.06757,  0.25851,  0.68072,  0.67197,  0.69297
21591, 7738,  0.01238,  0.07281,  0.06089,  0.34573,  0.68205,  0.75251,  0.69036
21592, 7741,  0.00426,  0.07138,  0.06078,  0.34573,  0.6436,  0.75251,  0.62666
21593, 7740,  0.00243,  0.07241,  0.06679,  0.25851,  0.6436,  0.67197,  0.62666
21594, 7742, -0.00496,  0.07081,  0.06634,  0.25851,  0.60649,  0.67197,  0.56035
21595, 7740,  0.00243,  0.07241,  0.06679,  0.25851,  0.6436,  0.67197,  0.62666
21596, 7741,  0.00426,  0.07138,  0.06078,  0.34573,  0.6436,  0.75251,  0.62666
21597, 7742, -0.00496,  0.07081,  0.06634,  0.25851,  0.60649,  0.67197,  0.56035
21598, 7741,  0.00426,  0.07138,  0.06078,  0.34573,  0.6436,  0.75251,  0.62666
21599, 7743, -0.00366,  0.06949,  0.0611,  0.34573,  0.60649,  0.75251,  0.56035
21600, 7744,  0.04295,  0.06997,  0.07737,  0.34573,  0.86311,  0.75251,  0.92086
21601, 7745,  0.04121,  0.06809,  0.08176,  0.25851,  0.86771,  0.67197,  0.91486
21602, 7746,  0.05137,  0.0618,  0.0861,  0.25851,  0.93025,  0.67197,  0.95495
21603, 7744,  0.04295,  0.06997,  0.07737,  0.34573,  0.86311,  0.75251,  0.92086
21604, 7746,  0.05137,  0.0618,  0.0861,  0.25851,  0.93025,  0.67197,  0.95495
21605, 7747,  0.05246,  0.06318,  0.08143,  0.34573,  0.93025,  0.75251,  0.95495
21606, 7747,  0.05246,  0.06318,  0.08143,  0.34573,  0.93025,  0.75251,  0.95495
21607, 7746,  0.05137,  0.0618,  0.0861,  0.25851,  0.93025,  0.67197,  0.95495
21608, 7748,  0.06216,  0.05364,  0.09096,  0.25851,  0.99739,  0.67197,  0.98904
21609, 7747,  0.05246,  0.06318,  0.08143,  0.34573,  0.93025,  0.75251,  0.95495
21610, 7748,  0.06216,  0.05364,  0.09096,  0.25851,  0.99739,  0.67197,  0.98904
21611, 7749,  0.06251,  0.05475,  0.08579,  0.34573,  0.99739,  0.75251,  0.98904
21612, 7745,  0.04121,  0.06809,  0.08176,  0.25851,  0.86771,  0.67197,  0.91486
21613, 7744,  0.04295,  0.06997,  0.07737,  0.34573,  0.86311,  0.75251,  0.92086
21614, 7750,  0.03451,  0.07348,  0.07391,  0.34573,  0.81437,  0.75251,  0.86277
21615, 7745,  0.04121,  0.06809,  0.08176,  0.25851,  0.86771,  0.67197,  0.91486
21616, 7750,  0.03451,  0.07348,  0.07391,  0.34573,  0.81437,  0.75251,  0.86277
21617, 7751,  0.03231,  0.07065,  0.07843,  0.25851,  0.81437,  0.67197,  0.86277
21618, 7751,  0.03231,  0.07065,  0.07843,  0.25851,  0.81437,  0.67197,  0.86277
21619, 7750,  0.03451,  0.07348,  0.07391,  0.34573,  0.81437,  0.75251,  0.86277
21620, 7752,  0.02649,  0.07471,  0.0711,  0.34573,  0.76563,  0.75251,  0.80468
21621, 7751,  0.03231,  0.07065,  0.07843,  0.25851,  0.81437,  0.67197,  0.86277
21622, 7752,  0.02649,  0.07471,  0.0711,  0.34573,  0.76563,  0.75251,  0.80468
21623, 7753,  0.0242,  0.07136,  0.07587,  0.25851,  0.7672,  0.67197,  0.80524
21624, 7752,  0.02649,  0.07471,  0.0711,  0.34573,  0.76563,  0.75251,  0.80468
21625, 7754,  0.01644,  0.07211,  0.07384,  0.25851,  0.72317,  0.67197,  0.74883
21626, 7753,  0.0242,  0.07136,  0.07587,  0.25851,  0.7672,  0.67197,  0.80524
21627, 7752,  0.02649,  0.07471,  0.0711,  0.34573,  0.76563,  0.75251,  0.80468
21628, 7755,  0.01821,  0.07468,  0.06899,  0.34573,  0.72317,  0.75251,  0.74883
21629, 7754,  0.01644,  0.07211,  0.07384,  0.25851,  0.72317,  0.67197,  0.74883
21630, 7756,  0.00883,  0.07257,  0.07256,  0.25851,  0.68205,  0.67197,  0.69036
21631, 7754,  0.01644,  0.07211,  0.07384,  0.25851,  0.72317,  0.67197,  0.74883
21632, 7755,  0.01821,  0.07468,  0.06899,  0.34573,  0.72317,  0.75251,  0.74883
21633, 7756,  0.00883,  0.07257,  0.07256,  0.25851,  0.68205,  0.67197,  0.69036
21634, 7755,  0.01821,  0.07468,  0.06899,  0.34573,  0.72317,  0.75251,  0.74883
21635, 7757,  0.01007,  0.07377,  0.06757,  0.34573,  0.68072,  0.75251,  0.69297
21636, 7757,  0.01007,  0.07377,  0.06757,  0.34573,  0.68072,  0.75251,  0.69297
21637, 7758,  0.00116,  0.0724,  0.07224,  0.25851,  0.6436,  0.67197,  0.62666
21638, 7756,  0.00883,  0.07257,  0.07256,  0.25851,  0.68205,  0.67197,  0.69036
21639, 7757,  0.01007,  0.07377,  0.06757,  0.34573,  0.68072,  0.75251,  0.69297
21640, 7759,  0.00243,  0.07241,  0.06679,  0.34573,  0.6436,  0.75251,  0.62666
21641, 7758,  0.00116,  0.0724,  0.07224,  0.25851,  0.6436,  0.67197,  0.62666
21642, 7760, -0.00652,  0.07191,  0.0724,  0.25851,  0.60649,  0.67197,  0.56035
21643, 7758,  0.00116,  0.0724,  0.07224,  0.25851,  0.6436,  0.67197,  0.62666
21644, 7759,  0.00243,  0.07241,  0.06679,  0.34573,  0.6436,  0.75251,  0.62666
21645, 7760, -0.00652,  0.07191,  0.0724,  0.25851,  0.60649,  0.67197,  0.56035
21646, 7759,  0.00243,  0.07241,  0.06679,  0.34573,  0.6436,  0.75251,  0.62666
21647, 7761, -0.00496,  0.07081,  0.06634,  0.34573,  0.60649,  0.75251,  0.56035
21648, 7762, -0.00435,  0.07105,  0.07691,  0.30792,  0.73443,  0.76199,  0.71227
21649, 7763, -0.00762,  0.07339,  0.08141,  0.23213,  0.73626,  0.70095,  0.71459
21650, 7764, -0.00168,  0.07289,  0.08085,  0.23213,  0.70483,  0.70095,  0.65642
21651, 7762, -0.00435,  0.07105,  0.07691,  0.30792,  0.73443,  0.76199,  0.71227
21652, 7764, -0.00168,  0.07289,  0.08085,  0.23213,  0.70483,  0.70095,  0.65642
21653, 7765,  0.00214,  0.07035,  0.07658,  0.30792,  0.70483,  0.76199,  0.65642
21654, 7765,  0.00214,  0.07035,  0.07658,  0.30792,  0.70483,  0.76199,  0.65642
21655, 7764, -0.00168,  0.07289,  0.08085,  0.23213,  0.70483,  0.70095,  0.65642
21656, 7766,  0.00371,  0.07117,  0.08054,  0.23213,  0.67341,  0.70095,  0.59825
21657, 7765,  0.00214,  0.07035,  0.07658,  0.30792,  0.70483,  0.76199,  0.65642
21658, 7766,  0.00371,  0.07117,  0.08054,  0.23213,  0.67341,  0.70095,  0.59825
21659, 7767,  0.00741,  0.06933,  0.07654,  0.30792,  0.67076,  0.76199,  0.60116
21660, 7766,  0.00371,  0.07117,  0.08054,  0.23213,  0.67341,  0.70095,  0.59825
21661, 7768,  0.01089,  0.06858,  0.07655,  0.30792,  0.63138,  0.76199,  0.55173
21662, 7767,  0.00741,  0.06933,  0.07654,  0.30792,  0.67076,  0.76199,  0.60116
21663, 7766,  0.00371,  0.07117,  0.08054,  0.23213,  0.67341,  0.70095,  0.59825
21664, 7769,  0.00798,  0.06848,  0.08033,  0.23213,  0.63138,  0.70095,  0.55173
21665, 7768,  0.01089,  0.06858,  0.07655,  0.30792,  0.63138,  0.76199,  0.55173
21666, 7770,  0.01168,  0.06531,  0.08018,  0.23213,  0.58936,  0.70095,  0.50521
21667, 7768,  0.01089,  0.06858,  0.07655,  0.30792,  0.63138,  0.76199,  0.55173
21668, 7769,  0.00798,  0.06848,  0.08033,  0.23213,  0.63138,  0.70095,  0.55173
21669, 7770,  0.01168,  0.06531,  0.08018,  0.23213,  0.58936,  0.70095,  0.50521
21670, 7771,  0.01346,  0.06796,  0.0766,  0.30792,  0.58936,  0.76199,  0.50521
21671, 7768,  0.01089,  0.06858,  0.07655,  0.30792,  0.63138,  0.76199,  0.55173
21672, 7763, -0.00762,  0.07339,  0.08141,  0.23213,  0.73626,  0.70095,  0.71459
21673, 7762, -0.00435,  0.07105,  0.07691,  0.30792,  0.73443,  0.76199,  0.71227
21674, 7772, -0.0115,  0.07086,  0.07776,  0.30792,  0.76035,  0.76199,  0.76347
21675, 7763, -0.00762,  0.07339,  0.08141,  0.23213,  0.73626,  0.70095,  0.71459
21676, 7772, -0.0115,  0.07086,  0.07776,  0.30792,  0.76035,  0.76199,  0.76347
21677, 7773, -0.0135,  0.07243,  0.08235,  0.23213,  0.76035,  0.70095,  0.76347
21678, 7774, -0.01889,  0.0704,  0.08338,  0.23213,  0.78444,  0.70095,  0.81234
21679, 7773, -0.0135,  0.07243,  0.08235,  0.23213,  0.76035,  0.70095,  0.76347
21680, 7772, -0.0115,  0.07086,  0.07776,  0.30792,  0.76035,  0.76199,  0.76347
21681, 7774, -0.01889,  0.0704,  0.08338,  0.23213,  0.78444,  0.70095,  0.81234
21682, 7772, -0.0115,  0.07086,  0.07776,  0.30792,  0.76035,  0.76199,  0.76347
21683, 7775, -0.01781,  0.07001,  0.0786,  0.30792,  0.78518,  0.76199,  0.81345
21684, 7775, -0.01781,  0.07001,  0.0786,  0.30792,  0.78518,  0.76199,  0.81345
21685, 7776, -0.02335,  0.06769,  0.08419,  0.23213,  0.8115,  0.70095,  0.86567
21686, 7774, -0.01889,  0.0704,  0.08338,  0.23213,  0.78444,  0.70095,  0.81234
21687, 7775, -0.01781,  0.07001,  0.0786,  0.30792,  0.78518,  0.76199,  0.81345
21688, 7777, -0.0218,  0.06877,  0.07893,  0.30792,  0.8115,  0.76199,  0.86567
21689, 7776, -0.02335,  0.06769,  0.08419,  0.23213,  0.8115,  0.70095,  0.86567
21690, 7778, -0.02463,  0.06733,  0.079,  0.30792,  0.83855,  0.76199,  0.91901
21691, 7776, -0.02335,  0.06769,  0.08419,  0.23213,  0.8115,  0.70095,  0.86567
21692, 7777, -0.0218,  0.06877,  0.07893,  0.30792,  0.8115,  0.76199,  0.86567
21693, 7778, -0.02463,  0.06733,  0.079,  0.30792,  0.83855,  0.76199,  0.91901
21694, 7779, -0.02735,  0.06463,  0.08488,  0.23213,  0.83855,  0.70095,  0.91901
21695, 7776, -0.02335,  0.06769,  0.08419,  0.23213,  0.8115,  0.70095,  0.86567
21696, 7780,  0.00371,  0.07117,  0.08054,  0.31303,  0.66395,  0.70654,  0.59825
21697, 7781, -0.0006,  0.06938,  0.08415,  0.21968,  0.66396,  0.76405,  0.60116
21698, 7782,  0.00278,  0.06744,  0.08324,  0.21968,  0.62193,  0.76405,  0.55173
21699, 7780,  0.00371,  0.07117,  0.08054,  0.31303,  0.66395,  0.70654,  0.59825
21700, 7782,  0.00278,  0.06744,  0.08324,  0.21968,  0.62193,  0.76405,  0.55173
21701, 7783,  0.00798,  0.06848,  0.08033,  0.31303,  0.62193,  0.70654,  0.55173
21702, 7783,  0.00798,  0.06848,  0.08033,  0.31303,  0.62193,  0.70654,  0.55173
21703, 7782,  0.00278,  0.06744,  0.08324,  0.21968,  0.62193,  0.76405,  0.55173
21704, 7784,  0.00545,  0.06485,  0.08227,  0.21968,  0.5799,  0.76405,  0.50521
21705, 7783,  0.00798,  0.06848,  0.08033,  0.31303,  0.62193,  0.70654,  0.55173
21706, 7784,  0.00545,  0.06485,  0.08227,  0.21968,  0.5799,  0.76405,  0.50521
21707, 7785,  0.01168,  0.06531,  0.08018,  0.31303,  0.5799,  0.70654,  0.50521
21708, 7780,  0.00371,  0.07117,  0.08054,  0.31303,  0.66395,  0.70654,  0.59825
21709, 7786, -0.00539,  0.07001,  0.08496,  0.21968,  0.70599,  0.76405,  0.65642
21710, 7781, -0.0006,  0.06938,  0.08415,  0.21968,  0.66396,  0.76405,  0.60116
21711, 7780,  0.00371,  0.07117,  0.08054,  0.31303,  0.66395,  0.70654,  0.59825
21712, 7787, -0.00168,  0.07289,  0.08085,  0.31303,  0.70599,  0.70654,  0.65642
21713, 7786, -0.00539,  0.07001,  0.08496,  0.21968,  0.70599,  0.76405,  0.65642
21714, 7788, -0.01074,  0.06967,  0.08568,  0.21968,  0.74619,  0.76405,  0.71227
21715, 7786, -0.00539,  0.07001,  0.08496,  0.21968,  0.70599,  0.76405,  0.65642
21716, 7787, -0.00168,  0.07289,  0.08085,  0.31303,  0.70599,  0.70654,  0.65642
21717, 7788, -0.01074,  0.06967,  0.08568,  0.21968,  0.74619,  0.76405,  0.71227
21718, 7787, -0.00168,  0.07289,  0.08085,  0.31303,  0.70599,  0.70654,  0.65642
21719, 7789, -0.00762,  0.07339,  0.08141,  0.31303,  0.74804,  0.70654,  0.71459
21720, 7788, -0.01074,  0.06967,  0.08568,  0.21968,  0.74619,  0.76405,  0.71227
21721, 7789, -0.00762,  0.07339,  0.08141,  0.31303,  0.74804,  0.70654,  0.71459
21722, 7790, -0.0135,  0.07243,  0.08235,  0.31303,  0.78271,  0.70654,  0.76347
21723, 7788, -0.01074,  0.06967,  0.08568,  0.21968,  0.74619,  0.76405,  0.71227
21724, 7790, -0.0135,  0.07243,  0.08235,  0.31303,  0.78271,  0.70654,  0.76347
21725, 7791, -0.01583,  0.06868,  0.08632,  0.21968,  0.78271,  0.76405,  0.76347
21726, 7792, -0.02049,  0.06699,  0.08687,  0.21968,  0.81844,  0.76405,  0.81345
21727, 7791, -0.01583,  0.06868,  0.08632,  0.21968,  0.78271,  0.76405,  0.76347
21728, 7790, -0.0135,  0.07243,  0.08235,  0.31303,  0.78271,  0.70654,  0.76347
21729, 7792, -0.02049,  0.06699,  0.08687,  0.21968,  0.81844,  0.76405,  0.81345
21730, 7790, -0.0135,  0.07243,  0.08235,  0.31303,  0.78271,  0.70654,  0.76347
21731, 7793, -0.01889,  0.0704,  0.08338,  0.31303,  0.81738,  0.70654,  0.81234
21732, 7793, -0.01889,  0.0704,  0.08338,  0.31303,  0.81738,  0.70654,  0.81234
21733, 7794, -0.02456,  0.06456,  0.0873,  0.21968,  0.85631,  0.76405,  0.86567
21734, 7792, -0.02049,  0.06699,  0.08687,  0.21968,  0.81844,  0.76405,  0.81345
21735, 7793, -0.01889,  0.0704,  0.08338,  0.31303,  0.81738,  0.70654,  0.81234
21736, 7795, -0.02335,  0.06769,  0.08419,  0.31303,  0.85631,  0.70654,  0.86567
21737, 7794, -0.02456,  0.06456,  0.0873,  0.21968,  0.85631,  0.76405,  0.86567
21738, 7796, -0.02735,  0.06463,  0.08488,  0.31303,  0.89525,  0.70654,  0.91901
21739, 7794, -0.02456,  0.06456,  0.0873,  0.21968,  0.85631,  0.76405,  0.86567
21740, 7795, -0.02335,  0.06769,  0.08419,  0.31303,  0.85631,  0.70654,  0.86567
21741, 7796, -0.02735,  0.06463,  0.08488,  0.31303,  0.89525,  0.70654,  0.91901
21742, 7797, -0.02832,  0.06176,  0.08766,  0.21968,  0.89525,  0.76405,  0.91901
21743, 7794, -0.02456,  0.06456,  0.0873,  0.21968,  0.85631,  0.76405,  0.86567
21744, 7798,  0.03907,  0.06449,  0.0479,  0.34563,  0.83391,  0.20033,  0.65803
21745, 7799,  0.04235,  0.0652,  0.05606,  0.25228,  0.84248,  0.14847,  0.64982
21746, 7800,  0.04973,  0.06074,  0.05604,  0.25228,  0.91565,  0.14847,  0.57845
21747, 7798,  0.03907,  0.06449,  0.0479,  0.34563,  0.83391,  0.20033,  0.65803
21748, 7800,  0.04973,  0.06074,  0.05604,  0.25228,  0.91565,  0.14847,  0.57845
21749, 7801,  0.04531,  0.05968,  0.04652,  0.34563,  0.91565,  0.19892,  0.57754
21750, 7801,  0.04531,  0.05968,  0.04652,  0.34563,  0.91565,  0.19892,  0.57754
21751, 7800,  0.04973,  0.06074,  0.05604,  0.25228,  0.91565,  0.14847,  0.57845
21752, 7802,  0.05782,  0.05581,  0.05608,  0.25228,  0.99739,  0.14847,  0.49887
21753, 7801,  0.04531,  0.05968,  0.04652,  0.34563,  0.91565,  0.19892,  0.57754
21754, 7802,  0.05782,  0.05581,  0.05608,  0.25228,  0.99739,  0.14847,  0.49887
21755, 7803,  0.05217,  0.05426,  0.04532,  0.34563,  0.99739,  0.19994,  0.49796
21756, 7799,  0.04235,  0.0652,  0.05606,  0.25228,  0.84248,  0.14847,  0.64982
21757, 7798,  0.03907,  0.06449,  0.0479,  0.34563,  0.83391,  0.20033,  0.65803
21758, 7804,  0.03406,  0.06808,  0.04965,  0.34563,  0.78646,  0.20033,  0.70477
21759, 7799,  0.04235,  0.0652,  0.05606,  0.25228,  0.84248,  0.14847,  0.64982
21760, 7804,  0.03406,  0.06808,  0.04965,  0.34563,  0.78646,  0.20033,  0.70477
21761, 7805,  0.03639,  0.06872,  0.05619,  0.25228,  0.78646,  0.14847,  0.70477
21762, 7805,  0.03639,  0.06872,  0.05619,  0.25228,  0.78646,  0.14847,  0.70477
21763, 7804,  0.03406,  0.06808,  0.04965,  0.34563,  0.78646,  0.20033,  0.70477
21764, 7806,  0.02978,  0.07044,  0.05149,  0.34563,  0.73901,  0.20033,  0.75151
21765, 7805,  0.03639,  0.06872,  0.05619,  0.25228,  0.78646,  0.14847,  0.70477
21766, 7806,  0.02978,  0.07044,  0.05149,  0.34563,  0.73901,  0.20033,  0.75151
21767, 7807,  0.03151,  0.07102,  0.05659,  0.25228,  0.74444,  0.14847,  0.74616
21768, 7806,  0.02978,  0.07044,  0.05149,  0.34563,  0.73901,  0.20033,  0.75151
21769, 7808,  0.02738,  0.07183,  0.05743,  0.25228,  0.7133,  0.14847,  0.77683
21770, 7807,  0.03151,  0.07102,  0.05659,  0.25228,  0.74444,  0.14847,  0.74616
21771, 7806,  0.02978,  0.07044,  0.05149,  0.34563,  0.73901,  0.20033,  0.75151
21772, 7809,  0.0257,  0.07153,  0.05318,  0.34563,  0.7133,  0.20033,  0.77683
21773, 7808,  0.02738,  0.07183,  0.05743,  0.25228,  0.7133,  0.14847,  0.77683
21774, 7810,  0.02145,  0.072,  0.05507,  0.34563,  0.68759,  0.20033,  0.80215
21775, 7808,  0.02738,  0.07183,  0.05743,  0.25228,  0.7133,  0.14847,  0.77683
21776, 7809,  0.0257,  0.07153,  0.05318,  0.34563,  0.7133,  0.20033,  0.77683
21777, 7810,  0.02145,  0.072,  0.05507,  0.34563,  0.68759,  0.20033,  0.80215
21778, 7811,  0.02342,  0.07201,  0.05871,  0.25228,  0.68388,  0.14847,  0.80496
21779, 7808,  0.02738,  0.07183,  0.05743,  0.25228,  0.7133,  0.14847,  0.77683
21780, 7811,  0.02342,  0.07201,  0.05871,  0.25228,  0.68388,  0.14847,  0.80496
21781, 7810,  0.02145,  0.072,  0.05507,  0.34563,  0.68759,  0.20033,  0.80215
21782, 7812,  0.01668,  0.07249,  0.05753,  0.34563,  0.64704,  0.20033,  0.83871
21783, 7811,  0.02342,  0.07201,  0.05871,  0.25228,  0.68388,  0.14847,  0.80496
21784, 7812,  0.01668,  0.07249,  0.05753,  0.34563,  0.64704,  0.20033,  0.83871
21785, 7813,  0.01903,  0.07241,  0.06042,  0.25228,  0.64704,  0.14847,  0.83871
21786, 7813,  0.01903,  0.07241,  0.06042,  0.25228,  0.64704,  0.14847,  0.83871
21787, 7812,  0.01668,  0.07249,  0.05753,  0.34563,  0.64704,  0.20033,  0.83871
21788, 7814,  0.01165,  0.07299,  0.06028,  0.34563,  0.60649,  0.20033,  0.87526
21789, 7813,  0.01903,  0.07241,  0.06042,  0.25228,  0.64704,  0.14847,  0.83871
21790, 7814,  0.01165,  0.07299,  0.06028,  0.34563,  0.60649,  0.20033,  0.87526
21791, 7815,  0.01444,  0.07292,  0.06234,  0.25228,  0.60649,  0.14847,  0.87526
21792, 7816,  0.02978,  0.07044,  0.05149,  0.00746,  0.76486,  0.14847,  0.75151
21793, 7817,  0.03406,  0.06808,  0.04965,  0.00746,  0.80828,  0.14847,  0.70477
21794, 7818,  0.0309,  0.06484,  0.04492,  0.09089,  0.80828,  0.20033,  0.70477
21795, 7816,  0.02978,  0.07044,  0.05149,  0.00746,  0.76486,  0.14847,  0.75151
21796, 7818,  0.0309,  0.06484,  0.04492,  0.09089,  0.80828,  0.20033,  0.70477
21797, 7819,  0.02683,  0.06704,  0.04746,  0.09089,  0.76704,  0.20033,  0.74616
21798, 7820,  0.03907,  0.06449,  0.0479,  0.00746,  0.85171,  0.14847,  0.65803
21799, 7818,  0.0309,  0.06484,  0.04492,  0.09089,  0.80828,  0.20033,  0.70477
21800, 7817,  0.03406,  0.06808,  0.04965,  0.00746,  0.80828,  0.14847,  0.70477
21801, 7820,  0.03907,  0.06449,  0.0479,  0.00746,  0.85171,  0.14847,  0.65803
21802, 7821,  0.03574,  0.06205,  0.04209,  0.09089,  0.85907,  0.20033,  0.65803
21803, 7818,  0.0309,  0.06484,  0.04492,  0.09089,  0.80828,  0.20033,  0.70477
21804, 7819,  0.02683,  0.06704,  0.04746,  0.09089,  0.76704,  0.20033,  0.74616
21805, 7822,  0.0257,  0.07153,  0.05318,  0.00746,  0.73018,  0.14847,  0.77683
21806, 7816,  0.02978,  0.07044,  0.05149,  0.00746,  0.76486,  0.14847,  0.75151
21807, 7819,  0.02683,  0.06704,  0.04746,  0.09089,  0.76704,  0.20033,  0.74616
21808, 7823,  0.02292,  0.06893,  0.04942,  0.09089,  0.73018,  0.20033,  0.77683
21809, 7822,  0.0257,  0.07153,  0.05318,  0.00746,  0.73018,  0.14847,  0.77683
21810, 7824,  0.01888,  0.07046,  0.05151,  0.09089,  0.69304,  0.20033,  0.80496
21811, 7822,  0.0257,  0.07153,  0.05318,  0.00746,  0.73018,  0.14847,  0.77683
21812, 7823,  0.02292,  0.06893,  0.04942,  0.09089,  0.73018,  0.20033,  0.77683
21813, 7824,  0.01888,  0.07046,  0.05151,  0.09089,  0.69304,  0.20033,  0.80496
21814, 7825,  0.02145,  0.072,  0.05507,  0.00746,  0.6955,  0.14847,  0.80215
21815, 7822,  0.0257,  0.07153,  0.05318,  0.00746,  0.73018,  0.14847,  0.77683
21816, 7826,  0.01441,  0.07155,  0.05444,  0.09089,  0.65099,  0.20033,  0.83871
21817, 7825,  0.02145,  0.072,  0.05507,  0.00746,  0.6955,  0.14847,  0.80215
21818, 7824,  0.01888,  0.07046,  0.05151,  0.09089,  0.69304,  0.20033,  0.80496
21819, 7826,  0.01441,  0.07155,  0.05444,  0.09089,  0.65099,  0.20033,  0.83871
21820, 7827,  0.01668,  0.07249,  0.05753,  0.00746,  0.65099,  0.14847,  0.83871
21821, 7825,  0.02145,  0.072,  0.05507,  0.00746,  0.6955,  0.14847,  0.80215
21822, 7828,  0.00972,  0.07243,  0.05779,  0.09089,  0.60649,  0.20033,  0.87526
21823, 7827,  0.01668,  0.07249,  0.05753,  0.00746,  0.65099,  0.14847,  0.83871
21824, 7826,  0.01441,  0.07155,  0.05444,  0.09089,  0.65099,  0.20033,  0.83871
21825, 7828,  0.00972,  0.07243,  0.05779,  0.09089,  0.60649,  0.20033,  0.87526
21826, 7829,  0.01165,  0.07299,  0.06028,  0.00746,  0.60649,  0.14847,  0.87526
21827, 7827,  0.01668,  0.07249,  0.05753,  0.00746,  0.65099,  0.14847,  0.83871
21828, 7830,  0.02158,  0.071,  0.05211,  0.20062,  0.90666,  0.66269,  0.92277
21829, 7831,  0.02475,  0.06871,  0.04907,  0.20062,  0.94802,  0.66269,  0.95672
21830, 7832,  0.02075,  0.069,  0.04562,  0.1333,  0.94832,  0.72849,  0.95587
21831, 7830,  0.02158,  0.071,  0.05211,  0.20062,  0.90666,  0.66269,  0.92277
21832, 7832,  0.02075,  0.069,  0.04562,  0.1333,  0.94832,  0.72849,  0.95587
21833, 7833,  0.01741,  0.07149,  0.04862,  0.1333,  0.90195,  0.72849,  0.9227
21834, 7834,  0.02767,  0.06594,  0.04608,  0.20062,  0.99469,  0.66269,  0.98904
21835, 7832,  0.02075,  0.069,  0.04562,  0.1333,  0.94832,  0.72849,  0.95587
21836, 7831,  0.02475,  0.06871,  0.04907,  0.20062,  0.94802,  0.66269,  0.95672
21837, 7834,  0.02767,  0.06594,  0.04608,  0.20062,  0.99469,  0.66269,  0.98904
21838, 7835,  0.02382,  0.06603,  0.04304,  0.1333,  0.99469,  0.72849,  0.98904
21839, 7832,  0.02075,  0.069,  0.04562,  0.1333,  0.94832,  0.72849,  0.95587
21840, 7833,  0.01741,  0.07149,  0.04862,  0.1333,  0.90195,  0.72849,  0.9227
21841, 7836,  0.01792,  0.07234,  0.05523,  0.20062,  0.87595,  0.66269,  0.88557
21842, 7830,  0.02158,  0.071,  0.05211,  0.20062,  0.90666,  0.66269,  0.92277
21843, 7833,  0.01741,  0.07149,  0.04862,  0.1333,  0.90195,  0.72849,  0.9227
21844, 7837,  0.01351,  0.07298,  0.05244,  0.1333,  0.87626,  0.72849,  0.88429
21845, 7836,  0.01792,  0.07234,  0.05523,  0.20062,  0.87595,  0.66269,  0.88557
21846, 7838,  0.0095,  0.07376,  0.05673,  0.1333,  0.85057,  0.72849,  0.84588
21847, 7836,  0.01792,  0.07234,  0.05523,  0.20062,  0.87595,  0.66269,  0.88557
21848, 7837,  0.01351,  0.07298,  0.05244,  0.1333,  0.87626,  0.72849,  0.88429
21849, 7838,  0.0095,  0.07376,  0.05673,  0.1333,  0.85057,  0.72849,  0.84588
21850, 7839,  0.01421,  0.07309,  0.05872,  0.20062,  0.85069,  0.66269,  0.83572
21851, 7836,  0.01792,  0.07234,  0.05523,  0.20062,  0.87595,  0.66269,  0.88557
21852, 7840,  0.00581,  0.07408,  0.06115,  0.1333,  0.82713,  0.72849,  0.7634
21853, 7839,  0.01421,  0.07309,  0.05872,  0.20062,  0.85069,  0.66269,  0.83572
21854, 7838,  0.0095,  0.07376,  0.05673,  0.1333,  0.85057,  0.72849,  0.84588
21855, 7840,  0.00581,  0.07408,  0.06115,  0.1333,  0.82713,  0.72849,  0.7634
21856, 7841,  0.0109,  0.07363,  0.06286,  0.20062,  0.82567,  0.66269,  0.76385
21857, 7839,  0.01421,  0.07309,  0.05872,  0.20062,  0.85069,  0.66269,  0.83572
21858, 7842,  0.00259,  0.07395,  0.06553,  0.1333,  0.8037,  0.72849,  0.68093
21859, 7841,  0.0109,  0.07363,  0.06286,  0.20062,  0.82567,  0.66269,  0.76385
21860, 7840,  0.00581,  0.07408,  0.06115,  0.1333,  0.82713,  0.72849,  0.7634
21861, 7842,  0.00259,  0.07395,  0.06553,  0.1333,  0.8037,  0.72849,  0.68093
21862, 7843,  0.00799,  0.0738,  0.06698,  0.20062,  0.80075,  0.66269,  0.69545
21863, 7841,  0.0109,  0.07363,  0.06286,  0.20062,  0.82567,  0.66269,  0.76385
21864, 7842,  0.00259,  0.07395,  0.06553,  0.1333,  0.8037,  0.72849,  0.68093
21865, 7844,  0.00548,  0.07344,  0.07042,  0.20062,  0.77581,  0.66269,  0.656
21866, 7843,  0.00799,  0.0738,  0.06698,  0.20062,  0.80075,  0.66269,  0.69545
21867, 7842,  0.00259,  0.07395,  0.06553,  0.1333,  0.8037,  0.72849,  0.68093
21868, 7845, -0.00005,  0.07338,  0.06968,  0.1333,  0.77801,  0.72849,  0.65598
21869, 7844,  0.00548,  0.07344,  0.07042,  0.20062,  0.77581,  0.66269,  0.656
21870, 7846, -0.00239,  0.0726,  0.07373,  0.1333,  0.75232,  0.72849,  0.63104
21871, 7844,  0.00548,  0.07344,  0.07042,  0.20062,  0.77581,  0.66269,  0.656
21872, 7845, -0.00005,  0.07338,  0.06968,  0.1333,  0.77801,  0.72849,  0.65598
21873, 7846, -0.00239,  0.0726,  0.07373,  0.1333,  0.75232,  0.72849,  0.63104
21874, 7847,  0.00317,  0.0728,  0.07351,  0.20062,  0.75084,  0.66269,  0.63104
21875, 7844,  0.00548,  0.07344,  0.07042,  0.20062,  0.77581,  0.66269,  0.656
21876, 7848,  0.01741,  0.07149,  0.04862,  0.19381,  0.90195,  0.73742,  0.9227
21877, 7849,  0.02075,  0.069,  0.04562,  0.19381,  0.94832,  0.73742,  0.95587
21878, 7850,  0.01958,  0.06574,  0.04258,  0.13222,  0.94862,  0.66026,  0.95778
21879, 7848,  0.01741,  0.07149,  0.04862,  0.19381,  0.90195,  0.73742,  0.9227
21880, 7850,  0.01958,  0.06574,  0.04258,  0.13222,  0.94862,  0.66026,  0.95778
21881, 7851,  0.01569,  0.06791,  0.0458,  0.13222,  0.90757,  0.66026,  0.92483
21882, 7852,  0.02382,  0.06603,  0.04304,  0.19381,  0.99469,  0.73742,  0.98904
21883, 7850,  0.01958,  0.06574,  0.04258,  0.13222,  0.94862,  0.66026,  0.95778
21884, 7849,  0.02075,  0.069,  0.04562,  0.19381,  0.94832,  0.73742,  0.95587
21885, 7852,  0.02382,  0.06603,  0.04304,  0.19381,  0.99469,  0.73742,  0.98904
21886, 7853,  0.02265,  0.06339,  0.03995,  0.13222,  0.99469,  0.66026,  0.98904
21887, 7850,  0.01958,  0.06574,  0.04258,  0.13222,  0.94862,  0.66026,  0.95778
21888, 7851,  0.01569,  0.06791,  0.0458,  0.13222,  0.90757,  0.66026,  0.92483
21889, 7854,  0.01351,  0.07298,  0.05244,  0.19381,  0.87626,  0.73742,  0.88429
21890, 7848,  0.01741,  0.07149,  0.04862,  0.19381,  0.90195,  0.73742,  0.9227
21891, 7851,  0.01569,  0.06791,  0.0458,  0.13222,  0.90757,  0.66026,  0.92483
21892, 7855,  0.0102,  0.06973,  0.05021,  0.13222,  0.87656,  0.66026,  0.88852
21893, 7854,  0.01351,  0.07298,  0.05244,  0.19381,  0.87626,  0.73742,  0.88429
21894, 7856,  0.00466,  0.07115,  0.05513,  0.13222,  0.85121,  0.66026,  0.8395
21895, 7854,  0.01351,  0.07298,  0.05244,  0.19381,  0.87626,  0.73742,  0.88429
21896, 7855,  0.0102,  0.06973,  0.05021,  0.13222,  0.87656,  0.66026,  0.88852
21897, 7856,  0.00466,  0.07115,  0.05513,  0.13222,  0.85121,  0.66026,  0.8395
21898, 7857,  0.0095,  0.07376,  0.05673,  0.19381,  0.85057,  0.73742,  0.84588
21899, 7854,  0.01351,  0.07298,  0.05244,  0.19381,  0.87626,  0.73742,  0.88429
21900, 7858,  0.00064,  0.07214,  0.0599,  0.13222,  0.82713,  0.66026,  0.76844
21901, 7857,  0.0095,  0.07376,  0.05673,  0.19381,  0.85057,  0.73742,  0.84588
21902, 7856,  0.00466,  0.07115,  0.05513,  0.13222,  0.85121,  0.66026,  0.8395
21903, 7858,  0.00064,  0.07214,  0.0599,  0.13222,  0.82713,  0.66026,  0.76844
21904, 7859,  0.00581,  0.07408,  0.06115,  0.19381,  0.82713,  0.73742,  0.7634
21905, 7857,  0.0095,  0.07376,  0.05673,  0.19381,  0.85057,  0.73742,  0.84588
21906, 7860, -0.00235,  0.0726,  0.06453,  0.13222,  0.80313,  0.66026,  0.70022
21907, 7859,  0.00581,  0.07408,  0.06115,  0.19381,  0.82713,  0.73742,  0.7634
21908, 7858,  0.00064,  0.07214,  0.0599,  0.13222,  0.82713,  0.66026,  0.76844
21909, 7860, -0.00235,  0.0726,  0.06453,  0.13222,  0.80313,  0.66026,  0.70022
21910, 7861,  0.00259,  0.07395,  0.06553,  0.19381,  0.8037,  0.73742,  0.68093
21911, 7859,  0.00581,  0.07408,  0.06115,  0.19381,  0.82713,  0.73742,  0.7634
21912, 7861,  0.00259,  0.07395,  0.06553,  0.19381,  0.8037,  0.73742,  0.68093
21913, 7860, -0.00235,  0.0726,  0.06453,  0.13222,  0.80313,  0.66026,  0.70022
21914, 7862, -0.0048,  0.07245,  0.06903,  0.13222,  0.77801,  0.66026,  0.65971
21915, 7861,  0.00259,  0.07395,  0.06553,  0.19381,  0.8037,  0.73742,  0.68093
21916, 7862, -0.0048,  0.07245,  0.06903,  0.13222,  0.77801,  0.66026,  0.65971
21917, 7863, -0.00005,  0.07338,  0.06968,  0.19381,  0.77801,  0.73742,  0.65598
21918, 7864, -0.00239,  0.0726,  0.07373,  0.19381,  0.75232,  0.73742,  0.63104
21919, 7863, -0.00005,  0.07338,  0.06968,  0.19381,  0.77801,  0.73742,  0.65598
21920, 7862, -0.0048,  0.07245,  0.06903,  0.13222,  0.77801,  0.66026,  0.65971
21921, 7864, -0.00239,  0.0726,  0.07373,  0.19381,  0.75232,  0.73742,  0.63104
21922, 7862, -0.0048,  0.07245,  0.06903,  0.13222,  0.77801,  0.66026,  0.65971
21923, 7865, -0.00698,  0.07198,  0.07345,  0.13222,  0.75232,  0.66026,  0.63307
21924, 7866, -0.03906,  0.03877,  0.10599,  0.44097,  0.72948,  0.77127,  0.80716
21925, 7867, -0.04099,  0.03634,  0.10666,  0.44097,  0.76613,  0.77127,  0.8438
21926, 7868, -0.04458,  0.0303,  0.10886,  0.33008,  0.76613,  0.66037,  0.8438
21927, 7866, -0.03906,  0.03877,  0.10599,  0.44097,  0.72948,  0.77127,  0.80716
21928, 7868, -0.04458,  0.0303,  0.10886,  0.33008,  0.76613,  0.66037,  0.8438
21929, 7869, -0.04336,  0.03103,  0.10881,  0.33008,  0.72645,  0.66037,  0.80413
21930, 7870, -0.04305,  0.03354,  0.10709,  0.44097,  0.8058,  0.77127,  0.88348
21931, 7868, -0.04458,  0.0303,  0.10886,  0.33008,  0.76613,  0.66037,  0.8438
21932, 7867, -0.04099,  0.03634,  0.10666,  0.44097,  0.76613,  0.77127,  0.8438
21933, 7870, -0.04305,  0.03354,  0.10709,  0.44097,  0.8058,  0.77127,  0.88348
21934, 7871, -0.04542,  0.02949,  0.10862,  0.33008,  0.8058,  0.66037,  0.88348
21935, 7868, -0.04458,  0.0303,  0.10886,  0.33008,  0.76613,  0.66037,  0.8438
21936, 7869, -0.04336,  0.03103,  0.10881,  0.33008,  0.72645,  0.66037,  0.80413
21937, 7872, -0.03739,  0.04048,  0.10482,  0.44097,  0.69889,  0.77127,  0.77657
21938, 7866, -0.03906,  0.03877,  0.10599,  0.44097,  0.72948,  0.77127,  0.80716
21939, 7869, -0.04336,  0.03103,  0.10881,  0.33008,  0.72645,  0.66037,  0.80413
21940, 7873, -0.04141,  0.03161,  0.10816,  0.33008,  0.69889,  0.66037,  0.77657
21941, 7872, -0.03739,  0.04048,  0.10482,  0.44097,  0.69889,  0.77127,  0.77657
21942, 7874, -0.03901,  0.03195,  0.10701,  0.33008,  0.67133,  0.66037,  0.74901
21943, 7872, -0.03739,  0.04048,  0.10482,  0.44097,  0.69889,  0.77127,  0.77657
21944, 7873, -0.04141,  0.03161,  0.10816,  0.33008,  0.69889,  0.66037,  0.77657
21945, 7874, -0.03901,  0.03195,  0.10701,  0.33008,  0.67133,  0.66037,  0.74901
21946, 7875, -0.03587,  0.04133,  0.10337,  0.44097,  0.66344,  0.77127,  0.74111
21947, 7872, -0.03739,  0.04048,  0.10482,  0.44097,  0.69889,  0.77127,  0.77657
21948, 7875, -0.03587,  0.04133,  0.10337,  0.44097,  0.66344,  0.77127,  0.74111
21949, 7874, -0.03901,  0.03195,  0.10701,  0.33008,  0.67133,  0.66037,  0.74901
21950, 7876, -0.03647,  0.03201,  0.10547,  0.33008,  0.6122,  0.66037,  0.68987
21951, 7875, -0.03587,  0.04133,  0.10337,  0.44097,  0.66344,  0.77127,  0.74111
21952, 7876, -0.03647,  0.03201,  0.10547,  0.33008,  0.6122,  0.66037,  0.68987
21953, 7877, -0.03436,  0.04119,  0.10183,  0.44097,  0.6122,  0.77127,  0.68987
21954, 7878, -0.03285,  0.04056,  0.10025,  0.44097,  0.55307,  0.77127,  0.63074
21955, 7877, -0.03436,  0.04119,  0.10183,  0.44097,  0.6122,  0.77127,  0.68987
21956, 7876, -0.03647,  0.03201,  0.10547,  0.33008,  0.6122,  0.66037,  0.68987
21957, 7878, -0.03285,  0.04056,  0.10025,  0.44097,  0.55307,  0.77127,  0.63074
21958, 7876, -0.03647,  0.03201,  0.10547,  0.33008,  0.6122,  0.66037,  0.68987
21959, 7879, -0.03386,  0.03191,  0.10374,  0.33008,  0.55307,  0.66037,  0.63074
21960, 7880, -0.04284,  0.02212,  0.1094,  0.33174,  0.67356,  0.63508,  0.69246
21961, 7881, -0.04152,  0.02259,  0.10815,  0.33174,  0.62283,  0.63508,  0.65858
21962, 7882, -0.03647,  0.03201,  0.10547,  0.43287,  0.62283,  0.73621,  0.65858
21963, 7880, -0.04284,  0.02212,  0.1094,  0.33174,  0.67356,  0.63508,  0.69246
21964, 7882, -0.03647,  0.03201,  0.10547,  0.43287,  0.62283,  0.73621,  0.65858
21965, 7883, -0.03901,  0.03195,  0.10701,  0.43287,  0.68138,  0.73621,  0.69767
21966, 7884, -0.04006,  0.02338,  0.10663,  0.33174,  0.56428,  0.63508,  0.61948
21967, 7882, -0.03647,  0.03201,  0.10547,  0.43287,  0.62283,  0.73621,  0.65858
21968, 7881, -0.04152,  0.02259,  0.10815,  0.33174,  0.62283,  0.63508,  0.65858
21969, 7884, -0.04006,  0.02338,  0.10663,  0.33174,  0.56428,  0.63508,  0.61948
21970, 7885, -0.03386,  0.03191,  0.10374,  0.43287,  0.56428,  0.73621,  0.61948
21971, 7882, -0.03647,  0.03201,  0.10547,  0.43287,  0.62283,  0.73621,  0.65858
21972, 7883, -0.03901,  0.03195,  0.10701,  0.43287,  0.68138,  0.73621,  0.69767
21973, 7886, -0.04391,  0.02229,  0.11008,  0.33174,  0.70867,  0.63508,  0.7159
21974, 7880, -0.04284,  0.02212,  0.1094,  0.33174,  0.67356,  0.63508,  0.69246
21975, 7883, -0.03901,  0.03195,  0.10701,  0.43287,  0.68138,  0.73621,  0.69767
21976, 7887, -0.04141,  0.03161,  0.10816,  0.43287,  0.70867,  0.73621,  0.7159
21977, 7886, -0.04391,  0.02229,  0.11008,  0.33174,  0.70867,  0.63508,  0.7159
21978, 7888, -0.04336,  0.03103,  0.10881,  0.43287,  0.73596,  0.73621,  0.73412
21979, 7886, -0.04391,  0.02229,  0.11008,  0.33174,  0.70867,  0.63508,  0.7159
21980, 7887, -0.04141,  0.03161,  0.10816,  0.43287,  0.70867,  0.73621,  0.7159
21981, 7888, -0.04336,  0.03103,  0.10881,  0.43287,  0.73596,  0.73621,  0.73412
21982, 7889, -0.04495,  0.02273,  0.11025,  0.33174,  0.73895,  0.63508,  0.73613
21983, 7886, -0.04391,  0.02229,  0.11008,  0.33174,  0.70867,  0.63508,  0.7159
21984, 7888, -0.04336,  0.03103,  0.10881,  0.43287,  0.73596,  0.73621,  0.73412
21985, 7890, -0.04622,  0.02307,  0.10997,  0.33174,  0.77524,  0.63508,  0.76036
21986, 7889, -0.04495,  0.02273,  0.11025,  0.33174,  0.73895,  0.63508,  0.73613
21987, 7888, -0.04336,  0.03103,  0.10881,  0.43287,  0.73596,  0.73621,  0.73412
21988, 7891, -0.04458,  0.0303,  0.10886,  0.43287,  0.77524,  0.73621,  0.76036
21989, 7890, -0.04622,  0.02307,  0.10997,  0.33174,  0.77524,  0.63508,  0.76036
21990, 7892, -0.04542,  0.02949,  0.10862,  0.43287,  0.81453,  0.73621,  0.78659
21991, 7890, -0.04622,  0.02307,  0.10997,  0.33174,  0.77524,  0.63508,  0.76036
21992, 7891, -0.04458,  0.0303,  0.10886,  0.43287,  0.77524,  0.73621,  0.76036
21993, 7892, -0.04542,  0.02949,  0.10862,  0.43287,  0.81453,  0.73621,  0.78659
21994, 7893, -0.04761,  0.02336,  0.10945,  0.33174,  0.81453,  0.63508,  0.78659
21995, 7890, -0.04622,  0.02307,  0.10997,  0.33174,  0.77524,  0.63508,  0.76036
21996, 7894, -0.04324, -0.03594,  0.09795,  0.31303,  0.7315,  0.74438,  0.77014
21997, 7895, -0.03901, -0.03711,  0.09764,  0.21968,  0.72995,  0.69252,  0.76811
21998, 7896, -0.0394, -0.03552,  0.09962,  0.21968,  0.77735,  0.69252,  0.83034
21999, 7894, -0.04324, -0.03594,  0.09795,  0.31303,  0.7315,  0.74438,  0.77014
22000, 7896, -0.0394, -0.03552,  0.09962,  0.21968,  0.77735,  0.69252,  0.83034
22001, 7897, -0.04408, -0.03396,  0.10019,  0.31303,  0.77735,  0.74438,  0.83034
22002, 7897, -0.04408, -0.03396,  0.10019,  0.31303,  0.77735,  0.74438,  0.83034
22003, 7896, -0.0394, -0.03552,  0.09962,  0.21968,  0.77735,  0.69252,  0.83034
22004, 7898, -0.0396, -0.03402,  0.1016,  0.21968,  0.82074,  0.69252,  0.88731
22005, 7897, -0.04408, -0.03396,  0.10019,  0.31303,  0.77735,  0.74438,  0.83034
22006, 7898, -0.0396, -0.03402,  0.1016,  0.21968,  0.82074,  0.69252,  0.88731
22007, 7899, -0.04443, -0.0319,  0.10248,  0.31303,  0.82319,  0.74438,  0.89053
22008, 7894, -0.04324, -0.03594,  0.09795,  0.31303,  0.7315,  0.74438,  0.77014
22009, 7900, -0.03814, -0.03895,  0.09557,  0.21968,  0.67947,  0.69252,  0.70182
22010, 7895, -0.03901, -0.03711,  0.09764,  0.21968,  0.72995,  0.69252,  0.76811
22011, 7894, -0.04324, -0.03594,  0.09795,  0.31303,  0.7315,  0.74438,  0.77014
22012, 7901, -0.0418, -0.03772,  0.0958,  0.31303,  0.67947,  0.74438,  0.70182
22013, 7900, -0.03814, -0.03895,  0.09557,  0.21968,  0.67947,  0.69252,  0.70182
22014, 7902, -0.0402, -0.03908,  0.09394,  0.31303,  0.62743,  0.74438,  0.6335
22015, 7900, -0.03814, -0.03895,  0.09557,  0.21968,  0.67947,  0.69252,  0.70182
22016, 7901, -0.0418, -0.03772,  0.0958,  0.31303,  0.67947,  0.74438,  0.70182
22017, 7902, -0.0402, -0.03908,  0.09394,  0.31303,  0.62743,  0.74438,  0.6335
22018, 7903, -0.03733, -0.04063,  0.09378,  0.21968,  0.62687,  0.69252,  0.63276
22019, 7900, -0.03814, -0.03895,  0.09557,  0.21968,  0.67947,  0.69252,  0.70182
22020, 7903, -0.03733, -0.04063,  0.09378,  0.21968,  0.62687,  0.69252,  0.63276
22021, 7902, -0.0402, -0.03908,  0.09394,  0.31303,  0.62743,  0.74438,  0.6335
22022, 7904, -0.03889, -0.03977,  0.09256,  0.31303,  0.57314,  0.74438,  0.56222
22023, 7903, -0.03733, -0.04063,  0.09378,  0.21968,  0.62687,  0.69252,  0.63276
22024, 7904, -0.03889, -0.03977,  0.09256,  0.31303,  0.57314,  0.74438,  0.56222
22025, 7905, -0.03709, -0.04172,  0.09266,  0.21968,  0.57314,  0.69252,  0.56222
22026, 7905, -0.03709, -0.04172,  0.09266,  0.21968,  0.57314,  0.69252,  0.56222
22027, 7904, -0.03889, -0.03977,  0.09256,  0.31303,  0.57314,  0.74438,  0.56222
22028, 7906, -0.03773, -0.04014,  0.09141,  0.31303,  0.51886,  0.74438,  0.49094
22029, 7905, -0.03709, -0.04172,  0.09266,  0.21968,  0.57314,  0.69252,  0.56222
22030, 7906, -0.03773, -0.04014,  0.09141,  0.31303,  0.51886,  0.74438,  0.49094
22031, 7907, -0.03713, -0.0425,  0.09188,  0.21968,  0.51886,  0.69252,  0.49094
22032, 7899, -0.04443, -0.0319,  0.10248,  0.31303,  0.82319,  0.74438,  0.89053
22033, 7898, -0.0396, -0.03402,  0.1016,  0.21968,  0.82074,  0.69252,  0.88731
22034, 7908, -0.03986, -0.03241,  0.10366,  0.21968,  0.85922,  0.69252,  0.93784
22035, 7899, -0.04443, -0.0319,  0.10248,  0.31303,  0.82319,  0.74438,  0.89053
22036, 7908, -0.03986, -0.03241,  0.10366,  0.21968,  0.85922,  0.69252,  0.93784
22037, 7909, -0.0444, -0.02985,  0.10478,  0.31303,  0.85922,  0.74438,  0.93784
22038, 7909, -0.0444, -0.02985,  0.10478,  0.31303,  0.85922,  0.74438,  0.93784
22039, 7908, -0.03986, -0.03241,  0.10366,  0.21968,  0.85922,  0.69252,  0.93784
22040, 7910, -0.04014, -0.03074,  0.10576,  0.21968,  0.89525,  0.69252,  0.98514
22041, 7909, -0.0444, -0.02985,  0.10478,  0.31303,  0.85922,  0.74438,  0.93784
22042, 7910, -0.04014, -0.03074,  0.10576,  0.21968,  0.89525,  0.69252,  0.98514
22043, 7911, -0.04417, -0.02782,  0.1071,  0.31303,  0.89525,  0.74438,  0.98514
22044, 7912, -0.03773, -0.04014,  0.09141,  0.21968,  0.51886,  0.69252,  0.49094
22045, 7913, -0.03889, -0.03977,  0.09256,  0.21968,  0.57314,  0.69252,  0.56222
22046, 7914, -0.04019, -0.03611,  0.092,  0.31303,  0.57314,  0.74438,  0.56222
22047, 7912, -0.03773, -0.04014,  0.09141,  0.21968,  0.51886,  0.69252,  0.49094
22048, 7914, -0.04019, -0.03611,  0.092,  0.31303,  0.57314,  0.74438,  0.56222
22049, 7915, -0.03818, -0.03731,  0.09107,  0.31303,  0.51886,  0.74438,  0.49094
22050, 7916, -0.0402, -0.03908,  0.09394,  0.21968,  0.62743,  0.69252,  0.6335
22051, 7914, -0.04019, -0.03611,  0.092,  0.31303,  0.57314,  0.74438,  0.56222
22052, 7913, -0.03889, -0.03977,  0.09256,  0.21968,  0.57314,  0.69252,  0.56222
22053, 7916, -0.0402, -0.03908,  0.09394,  0.21968,  0.62743,  0.69252,  0.6335
22054, 7917, -0.04214, -0.03473,  0.09318,  0.31303,  0.62743,  0.74438,  0.6335
22055, 7914, -0.04019, -0.03611,  0.092,  0.31303,  0.57314,  0.74438,  0.56222
22056, 7916, -0.0402, -0.03908,  0.09394,  0.21968,  0.62743,  0.69252,  0.6335
22057, 7918, -0.04396, -0.03302,  0.09488,  0.31303,  0.67947,  0.74438,  0.70182
22058, 7917, -0.04214, -0.03473,  0.09318,  0.31303,  0.62743,  0.74438,  0.6335
22059, 7916, -0.0402, -0.03908,  0.09394,  0.21968,  0.62743,  0.69252,  0.6335
22060, 7919, -0.0418, -0.03772,  0.0958,  0.21968,  0.67947,  0.69252,  0.70182
22061, 7918, -0.04396, -0.03302,  0.09488,  0.31303,  0.67947,  0.74438,  0.70182
22062, 7920, -0.04324, -0.03594,  0.09795,  0.21968,  0.7315,  0.69252,  0.77014
22063, 7918, -0.04396, -0.03302,  0.09488,  0.31303,  0.67947,  0.74438,  0.70182
22064, 7919, -0.0418, -0.03772,  0.0958,  0.21968,  0.67947,  0.69252,  0.70182
22065, 7920, -0.04324, -0.03594,  0.09795,  0.21968,  0.7315,  0.69252,  0.77014
22066, 7921, -0.04542, -0.03107,  0.09714,  0.31303,  0.7315,  0.74438,  0.77014
22067, 7918, -0.04396, -0.03302,  0.09488,  0.31303,  0.67947,  0.74438,  0.70182
22068, 7922, -0.04408, -0.03396,  0.10019,  0.21968,  0.77735,  0.69252,  0.83034
22069, 7921, -0.04542, -0.03107,  0.09714,  0.31303,  0.7315,  0.74438,  0.77014
22070, 7920, -0.04324, -0.03594,  0.09795,  0.21968,  0.7315,  0.69252,  0.77014
22071, 7922, -0.04408, -0.03396,  0.10019,  0.21968,  0.77735,  0.69252,  0.83034
22072, 7923, -0.04633, -0.02896,  0.10,  0.31303,  0.77735,  0.74438,  0.83034
22073, 7921, -0.04542, -0.03107,  0.09714,  0.31303,  0.7315,  0.74438,  0.77014
22074, 7924, -0.04443, -0.0319,  0.10248,  0.21968,  0.82319,  0.69252,  0.89053
22075, 7923, -0.04633, -0.02896,  0.10,  0.31303,  0.77735,  0.74438,  0.83034
22076, 7922, -0.04408, -0.03396,  0.10019,  0.21968,  0.77735,  0.69252,  0.83034
22077, 7924, -0.04443, -0.0319,  0.10248,  0.21968,  0.82319,  0.69252,  0.89053
22078, 7925, -0.04669, -0.02692,  0.10297,  0.31303,  0.82319,  0.74438,  0.89053
22079, 7923, -0.04633, -0.02896,  0.10,  0.31303,  0.77735,  0.74438,  0.83034
22080, 7925, -0.04669, -0.02692,  0.10297,  0.31303,  0.82319,  0.74438,  0.89053
22081, 7924, -0.04443, -0.0319,  0.10248,  0.21968,  0.82319,  0.69252,  0.89053
22082, 7926, -0.0444, -0.02985,  0.10478,  0.21968,  0.85922,  0.69252,  0.93784
22083, 7925, -0.04669, -0.02692,  0.10297,  0.31303,  0.82319,  0.74438,  0.89053
22084, 7926, -0.0444, -0.02985,  0.10478,  0.21968,  0.85922,  0.69252,  0.93784
22085, 7927, -0.04648, -0.02514,  0.10555,  0.31303,  0.85922,  0.74438,  0.93784
22086, 7928, -0.046, -0.0235,  0.10794,  0.31303,  0.89525,  0.74438,  0.98514
22087, 7927, -0.04648, -0.02514,  0.10555,  0.31303,  0.85922,  0.74438,  0.93784
22088, 7926, -0.0444, -0.02985,  0.10478,  0.21968,  0.85922,  0.69252,  0.93784
22089, 7928, -0.046, -0.0235,  0.10794,  0.31303,  0.89525,  0.74438,  0.98514
22090, 7926, -0.0444, -0.02985,  0.10478,  0.21968,  0.85922,  0.69252,  0.93784
22091, 7929, -0.04417, -0.02782,  0.1071,  0.21968,  0.89525,  0.69252,  0.98514
22092, 7930, -0.04061, -0.02878,  0.0935,  0.31303,  0.62687,  0.74438,  0.63276
22093, 7931, -0.0392, -0.03151,  0.09243,  0.31303,  0.57314,  0.74438,  0.56222
22094, 7932, -0.04019, -0.03611,  0.092,  0.21968,  0.57314,  0.69252,  0.56222
22095, 7930, -0.04061, -0.02878,  0.0935,  0.31303,  0.62687,  0.74438,  0.63276
22096, 7932, -0.04019, -0.03611,  0.092,  0.21968,  0.57314,  0.69252,  0.56222
22097, 7933, -0.04214, -0.03473,  0.09318,  0.21968,  0.62743,  0.69252,  0.6335
22098, 7934, -0.03766, -0.03424,  0.09157,  0.31303,  0.51886,  0.74438,  0.49094
22099, 7932, -0.04019, -0.03611,  0.092,  0.21968,  0.57314,  0.69252,  0.56222
22100, 7931, -0.0392, -0.03151,  0.09243,  0.31303,  0.57314,  0.74438,  0.56222
22101, 7934, -0.03766, -0.03424,  0.09157,  0.31303,  0.51886,  0.74438,  0.49094
22102, 7935, -0.03818, -0.03731,  0.09107,  0.21968,  0.51886,  0.69252,  0.49094
22103, 7932, -0.04019, -0.03611,  0.092,  0.21968,  0.57314,  0.69252,  0.56222
22104, 7933, -0.04214, -0.03473,  0.09318,  0.21968,  0.62743,  0.69252,  0.6335
22105, 7936, -0.04176, -0.02606,  0.09499,  0.31303,  0.67947,  0.74438,  0.70182
22106, 7930, -0.04061, -0.02878,  0.0935,  0.31303,  0.62687,  0.74438,  0.63276
22107, 7933, -0.04214, -0.03473,  0.09318,  0.21968,  0.62743,  0.69252,  0.6335
22108, 7937, -0.04396, -0.03302,  0.09488,  0.21968,  0.67947,  0.69252,  0.70182
22109, 7936, -0.04176, -0.02606,  0.09499,  0.31303,  0.67947,  0.74438,  0.70182
22110, 7938, -0.04542, -0.03107,  0.09714,  0.21968,  0.7315,  0.69252,  0.77014
22111, 7936, -0.04176, -0.02606,  0.09499,  0.31303,  0.67947,  0.74438,  0.70182
22112, 7937, -0.04396, -0.03302,  0.09488,  0.21968,  0.67947,  0.69252,  0.70182
22113, 7938, -0.04542, -0.03107,  0.09714,  0.21968,  0.7315,  0.69252,  0.77014
22114, 7939, -0.04276, -0.02357,  0.09699,  0.31303,  0.72995,  0.74438,  0.76811
22115, 7936, -0.04176, -0.02606,  0.09499,  0.31303,  0.67947,  0.74438,  0.70182
22116, 7938, -0.04542, -0.03107,  0.09714,  0.21968,  0.7315,  0.69252,  0.77014
22117, 7940, -0.04371, -0.02153,  0.09959,  0.31303,  0.77735,  0.74438,  0.83034
22118, 7939, -0.04276, -0.02357,  0.09699,  0.31303,  0.72995,  0.74438,  0.76811
22119, 7938, -0.04542, -0.03107,  0.09714,  0.21968,  0.7315,  0.69252,  0.77014
22120, 7941, -0.04633, -0.02896,  0.10,  0.21968,  0.77735,  0.69252,  0.83034
22121, 7940, -0.04371, -0.02153,  0.09959,  0.31303,  0.77735,  0.74438,  0.83034
22122, 7942, -0.04669, -0.02692,  0.10297,  0.21968,  0.82319,  0.69252,  0.89053
22123, 7940, -0.04371, -0.02153,  0.09959,  0.31303,  0.77735,  0.74438,  0.83034
22124, 7941, -0.04633, -0.02896,  0.10,  0.21968,  0.77735,  0.69252,  0.83034
22125, 7942, -0.04669, -0.02692,  0.10297,  0.21968,  0.82319,  0.69252,  0.89053
22126, 7943, -0.04443, -0.01996,  0.1023,  0.31303,  0.82074,  0.74438,  0.88731
22127, 7940, -0.04371, -0.02153,  0.09959,  0.31303,  0.77735,  0.74438,  0.83034
22128, 7942, -0.04669, -0.02692,  0.10297,  0.21968,  0.82319,  0.69252,  0.89053
22129, 7944, -0.04477, -0.01889,  0.10463,  0.31303,  0.85922,  0.74438,  0.93784
22130, 7943, -0.04443, -0.01996,  0.1023,  0.31303,  0.82074,  0.74438,  0.88731
22131, 7942, -0.04669, -0.02692,  0.10297,  0.21968,  0.82319,  0.69252,  0.89053
22132, 7945, -0.04648, -0.02514,  0.10555,  0.21968,  0.85922,  0.69252,  0.93784
22133, 7944, -0.04477, -0.01889,  0.10463,  0.31303,  0.85922,  0.74438,  0.93784
22134, 7946, -0.046, -0.0235,  0.10794,  0.21968,  0.89525,  0.69252,  0.98514
22135, 7944, -0.04477, -0.01889,  0.10463,  0.31303,  0.85922,  0.74438,  0.93784
22136, 7945, -0.04648, -0.02514,  0.10555,  0.21968,  0.85922,  0.69252,  0.93784
22137, 7946, -0.046, -0.0235,  0.10794,  0.21968,  0.89525,  0.69252,  0.98514
22138, 7947, -0.04492, -0.01808,  0.10678,  0.31303,  0.89525,  0.74438,  0.98514
22139, 7944, -0.04477, -0.01889,  0.10463,  0.31303,  0.85922,  0.74438,  0.93784
22140, 7948, -0.03679, -0.04255,  0.09745,  0.31333,  0.65641,  0.71701,  0.71016
22141, 7949, -0.03608, -0.04227,  0.10101,  0.21844,  0.65626,  0.66515,  0.70991
22142, 7950, -0.03803, -0.04068,  0.10194,  0.21844,  0.68305,  0.66515,  0.75386
22143, 7948, -0.03679, -0.04255,  0.09745,  0.31333,  0.65641,  0.71701,  0.71016
22144, 7950, -0.03803, -0.04068,  0.10194,  0.21844,  0.68305,  0.66515,  0.75386
22145, 7951, -0.03822, -0.03977,  0.09781,  0.31333,  0.68305,  0.71701,  0.75386
22146, 7951, -0.03822, -0.03977,  0.09781,  0.31333,  0.68305,  0.71701,  0.75386
22147, 7950, -0.03803, -0.04068,  0.10194,  0.21844,  0.68305,  0.66515,  0.75386
22148, 7952, -0.04029, -0.03804,  0.10293,  0.21844,  0.70984,  0.66515,  0.7978
22149, 7951, -0.03822, -0.03977,  0.09781,  0.31333,  0.68305,  0.71701,  0.75386
22150, 7952, -0.04029, -0.03804,  0.10293,  0.21844,  0.70984,  0.66515,  0.7978
22151, 7953, -0.03993, -0.03628,  0.09864,  0.31333,  0.7095,  0.71701,  0.79725
22152, 7948, -0.03679, -0.04255,  0.09745,  0.31333,  0.65641,  0.71701,  0.71016
22153, 7954, -0.03463, -0.04246,  0.09971,  0.21844,  0.63006,  0.66515,  0.66693
22154, 7949, -0.03608, -0.04227,  0.10101,  0.21844,  0.65626,  0.66515,  0.70991
22155, 7948, -0.03679, -0.04255,  0.09745,  0.31333,  0.65641,  0.71701,  0.71016
22156, 7955, -0.03556, -0.04353,  0.09706,  0.31333,  0.63006,  0.71701,  0.66693
22157, 7954, -0.03463, -0.04246,  0.09971,  0.21844,  0.63006,  0.66515,  0.66693
22158, 7956, -0.03362, -0.04195,  0.09806,  0.21844,  0.60385,  0.66515,  0.62395
22159, 7954, -0.03463, -0.04246,  0.09971,  0.21844,  0.63006,  0.66515,  0.66693
22160, 7955, -0.03556, -0.04353,  0.09706,  0.31333,  0.63006,  0.71701,  0.66693
22161, 7956, -0.03362, -0.04195,  0.09806,  0.21844,  0.60385,  0.66515,  0.62395
22162, 7955, -0.03556, -0.04353,  0.09706,  0.31333,  0.63006,  0.71701,  0.66693
22163, 7957, -0.03465, -0.04356,  0.09633,  0.31333,  0.59978,  0.71701,  0.61726
22164, 7957, -0.03465, -0.04356,  0.09633,  0.31333,  0.59978,  0.71701,  0.61726
22165, 7958, -0.03301, -0.04145,  0.09609,  0.21844,  0.56136,  0.66515,  0.55423
22166, 7956, -0.03362, -0.04195,  0.09806,  0.21844,  0.60385,  0.66515,  0.62395
22167, 7957, -0.03465, -0.04356,  0.09633,  0.31333,  0.59978,  0.71701,  0.61726
22168, 7959, -0.03415, -0.04351,  0.09497,  0.31333,  0.56136,  0.71701,  0.55423
22169, 7958, -0.03301, -0.04145,  0.09609,  0.21844,  0.56136,  0.66515,  0.55423
22170, 7960, -0.03386, -0.0434,  0.09329,  0.31333,  0.51886,  0.71701,  0.48452
22171, 7958, -0.03301, -0.04145,  0.09609,  0.21844,  0.56136,  0.66515,  0.55423
22172, 7959, -0.03415, -0.04351,  0.09497,  0.31333,  0.56136,  0.71701,  0.55423
22173, 7960, -0.03386, -0.0434,  0.09329,  0.31333,  0.51886,  0.71701,  0.48452
22174, 7961, -0.03258, -0.04095,  0.09396,  0.21844,  0.51886,  0.66515,  0.48452
22175, 7958, -0.03301, -0.04145,  0.09609,  0.21844,  0.56136,  0.66515,  0.55423
22176, 7952, -0.04029, -0.03804,  0.10293,  0.21844,  0.70984,  0.66515,  0.7978
22177, 7962, -0.04201, -0.03319,  0.10043,  0.31333,  0.73528,  0.71701,  0.83953
22178, 7953, -0.03993, -0.03628,  0.09864,  0.31333,  0.7095,  0.71701,  0.79725
22179, 7952, -0.04029, -0.03804,  0.10293,  0.21844,  0.70984,  0.66515,  0.7978
22180, 7963, -0.04267, -0.03467,  0.10445,  0.21844,  0.73528,  0.66515,  0.83953
22181, 7962, -0.04201, -0.03319,  0.10043,  0.31333,  0.73528,  0.71701,  0.83953
22182, 7964, -0.04447, -0.03119,  0.10596,  0.21844,  0.76071,  0.66515,  0.88126
22183, 7962, -0.04201, -0.03319,  0.10043,  0.31333,  0.73528,  0.71701,  0.83953
22184, 7963, -0.04267, -0.03467,  0.10445,  0.21844,  0.73528,  0.66515,  0.83953
22185, 7964, -0.04447, -0.03119,  0.10596,  0.21844,  0.76071,  0.66515,  0.88126
22186, 7965, -0.04379, -0.03056,  0.10248,  0.31333,  0.76195,  0.71701,  0.88329
22187, 7962, -0.04201, -0.03319,  0.10043,  0.31333,  0.73528,  0.71701,  0.83953
22188, 7966, -0.045, -0.02823,  0.10693,  0.21844,  0.7911,  0.66515,  0.93111
22189, 7965, -0.04379, -0.03056,  0.10248,  0.31333,  0.76195,  0.71701,  0.88329
22190, 7964, -0.04447, -0.03119,  0.10596,  0.21844,  0.76071,  0.66515,  0.88126
22191, 7966, -0.045, -0.02823,  0.10693,  0.21844,  0.7911,  0.66515,  0.93111
22192, 7967, -0.0446, -0.02843,  0.10409,  0.31333,  0.7911,  0.71701,  0.93111
22193, 7965, -0.04379, -0.03056,  0.10248,  0.31333,  0.76195,  0.71701,  0.88329
22194, 7968, -0.04488, -0.02552,  0.10764,  0.21844,  0.8215,  0.66515,  0.98097
22195, 7967, -0.0446, -0.02843,  0.10409,  0.31333,  0.7911,  0.71701,  0.93111
22196, 7966, -0.045, -0.02823,  0.10693,  0.21844,  0.7911,  0.66515,  0.93111
22197, 7968, -0.04488, -0.02552,  0.10764,  0.21844,  0.8215,  0.66515,  0.98097
22198, 7969, -0.04492, -0.02656,  0.10548,  0.31333,  0.8215,  0.71701,  0.98097
22199, 7967, -0.0446, -0.02843,  0.10409,  0.31333,  0.7911,  0.71701,  0.93111
22200, 7970, -0.03206, -0.03829,  0.0943,  0.21844,  0.51886,  0.66515,  0.48452
22201, 7971, -0.03243, -0.03827,  0.09725,  0.21844,  0.56136,  0.66515,  0.55423
22202, 7972, -0.03301, -0.04145,  0.09609,  0.31333,  0.56136,  0.71701,  0.55423
22203, 7970, -0.03206, -0.03829,  0.0943,  0.21844,  0.51886,  0.66515,  0.48452
22204, 7972, -0.03301, -0.04145,  0.09609,  0.31333,  0.56136,  0.71701,  0.55423
22205, 7973, -0.03258, -0.04095,  0.09396,  0.31333,  0.51886,  0.71701,  0.48452
22206, 7974, -0.03306, -0.0384,  0.09987,  0.21844,  0.59978,  0.66515,  0.61726
22207, 7972, -0.03301, -0.04145,  0.09609,  0.31333,  0.56136,  0.71701,  0.55423
22208, 7971, -0.03243, -0.03827,  0.09725,  0.21844,  0.56136,  0.66515,  0.55423
22209, 7974, -0.03306, -0.0384,  0.09987,  0.21844,  0.59978,  0.66515,  0.61726
22210, 7975, -0.03362, -0.04195,  0.09806,  0.31333,  0.60385,  0.71701,  0.62395
22211, 7972, -0.03301, -0.04145,  0.09609,  0.31333,  0.56136,  0.71701,  0.55423
22212, 7975, -0.03362, -0.04195,  0.09806,  0.31333,  0.60385,  0.71701,  0.62395
22213, 7974, -0.03306, -0.0384,  0.09987,  0.21844,  0.59978,  0.66515,  0.61726
22214, 7976, -0.03422, -0.03882,  0.10181,  0.21844,  0.63006,  0.66515,  0.66693
22215, 7975, -0.03362, -0.04195,  0.09806,  0.31333,  0.60385,  0.71701,  0.62395
22216, 7976, -0.03422, -0.03882,  0.10181,  0.21844,  0.63006,  0.66515,  0.66693
22217, 7977, -0.03463, -0.04246,  0.09971,  0.31333,  0.63006,  0.71701,  0.66693
22218, 7977, -0.03463, -0.04246,  0.09971,  0.31333,  0.63006,  0.71701,  0.66693
22219, 7976, -0.03422, -0.03882,  0.10181,  0.21844,  0.63006,  0.66515,  0.66693
22220, 7978, -0.03566, -0.0389,  0.10332,  0.21844,  0.65641,  0.66515,  0.71016
22221, 7977, -0.03463, -0.04246,  0.09971,  0.31333,  0.63006,  0.71701,  0.66693
22222, 7978, -0.03566, -0.0389,  0.10332,  0.21844,  0.65641,  0.66515,  0.71016
22223, 7979, -0.03608, -0.04227,  0.10101,  0.31333,  0.65626,  0.71701,  0.70991
22224, 7978, -0.03566, -0.0389,  0.10332,  0.21844,  0.65641,  0.66515,  0.71016
22225, 7980, -0.03803, -0.04068,  0.10194,  0.31333,  0.68305,  0.71701,  0.75386
22226, 7979, -0.03608, -0.04227,  0.10101,  0.31333,  0.65626,  0.71701,  0.70991
22227, 7978, -0.03566, -0.0389,  0.10332,  0.21844,  0.65641,  0.66515,  0.71016
22228, 7981, -0.03715, -0.03804,  0.10462,  0.21844,  0.68305,  0.66515,  0.75386
22229, 7980, -0.03803, -0.04068,  0.10194,  0.31333,  0.68305,  0.71701,  0.75386
22230, 7982, -0.04029, -0.03804,  0.10293,  0.31333,  0.70984,  0.71701,  0.7978
22231, 7980, -0.03803, -0.04068,  0.10194,  0.31333,  0.68305,  0.71701,  0.75386
22232, 7981, -0.03715, -0.03804,  0.10462,  0.21844,  0.68305,  0.66515,  0.75386
22233, 7982, -0.04029, -0.03804,  0.10293,  0.31333,  0.70984,  0.71701,  0.7978
22234, 7981, -0.03715, -0.03804,  0.10462,  0.21844,  0.68305,  0.66515,  0.75386
22235, 7983, -0.03895, -0.03604,  0.10581,  0.21844,  0.7095,  0.66515,  0.79725
22236, 7983, -0.03895, -0.03604,  0.10581,  0.21844,  0.7095,  0.66515,  0.79725
22237, 7984, -0.04267, -0.03467,  0.10445,  0.31333,  0.73528,  0.71701,  0.83953
22238, 7982, -0.04029, -0.03804,  0.10293,  0.31333,  0.70984,  0.71701,  0.7978
22239, 7983, -0.03895, -0.03604,  0.10581,  0.21844,  0.7095,  0.66515,  0.79725
22240, 7985, -0.04132, -0.03275,  0.107,  0.21844,  0.73528,  0.66515,  0.83953
22241, 7984, -0.04267, -0.03467,  0.10445,  0.31333,  0.73528,  0.71701,  0.83953
22242, 7986, -0.04326, -0.02919,  0.10798,  0.21844,  0.76195,  0.66515,  0.88329
22243, 7984, -0.04267, -0.03467,  0.10445,  0.31333,  0.73528,  0.71701,  0.83953
22244, 7985, -0.04132, -0.03275,  0.107,  0.21844,  0.73528,  0.66515,  0.83953
22245, 7986, -0.04326, -0.02919,  0.10798,  0.21844,  0.76195,  0.66515,  0.88329
22246, 7987, -0.04447, -0.03119,  0.10596,  0.31333,  0.76071,  0.71701,  0.88126
22247, 7984, -0.04267, -0.03467,  0.10445,  0.31333,  0.73528,  0.71701,  0.83953
22248, 7987, -0.04447, -0.03119,  0.10596,  0.31333,  0.76071,  0.71701,  0.88126
22249, 7986, -0.04326, -0.02919,  0.10798,  0.21844,  0.76195,  0.66515,  0.88329
22250, 7988, -0.04375, -0.02639,  0.10851,  0.21844,  0.7911,  0.66515,  0.93111
22251, 7987, -0.04447, -0.03119,  0.10596,  0.31333,  0.76071,  0.71701,  0.88126
22252, 7988, -0.04375, -0.02639,  0.10851,  0.21844,  0.7911,  0.66515,  0.93111
22253, 7989, -0.045, -0.02823,  0.10693,  0.31333,  0.7911,  0.71701,  0.93111
22254, 7989, -0.045, -0.02823,  0.10693,  0.31333,  0.7911,  0.71701,  0.93111
22255, 7988, -0.04375, -0.02639,  0.10851,  0.21844,  0.7911,  0.66515,  0.93111
22256, 7990, -0.04351, -0.02397,  0.10882,  0.21844,  0.8215,  0.66515,  0.98097
22257, 7989, -0.045, -0.02823,  0.10693,  0.31333,  0.7911,  0.71701,  0.93111
22258, 7990, -0.04351, -0.02397,  0.10882,  0.21844,  0.8215,  0.66515,  0.98097
22259, 7991, -0.04488, -0.02552,  0.10764,  0.31333,  0.8215,  0.71701,  0.98097
22260, 7992, -0.02515, -0.06595,  0.08369,  0.23838,  0.79334,  0.68025,  0.80226
22261, 7993, -0.02846, -0.06401,  0.08322,  0.29024,  0.79567,  0.73211,  0.80458
22262, 7994, -0.02678, -0.0675,  0.07986,  0.29024,  0.76643,  0.73211,  0.77555
22263, 7992, -0.02515, -0.06595,  0.08369,  0.23838,  0.79334,  0.68025,  0.80226
22264, 7994, -0.02678, -0.0675,  0.07986,  0.29024,  0.76643,  0.73211,  0.77555
22265, 7995, -0.02307, -0.06893,  0.08062,  0.23838,  0.76643,  0.68025,  0.77555
22266, 7995, -0.02307, -0.06893,  0.08062,  0.23838,  0.76643,  0.68025,  0.77555
22267, 7994, -0.02678, -0.0675,  0.07986,  0.29024,  0.76643,  0.73211,  0.77555
22268, 7996, -0.02497, -0.06973,  0.07666,  0.29024,  0.73718,  0.73211,  0.74652
22269, 7995, -0.02307, -0.06893,  0.08062,  0.23838,  0.76643,  0.68025,  0.77555
22270, 7996, -0.02497, -0.06973,  0.07666,  0.29024,  0.73718,  0.73211,  0.74652
22271, 7997, -0.02119, -0.07059,  0.07776,  0.23838,  0.73759,  0.68025,  0.74692
22272, 7996, -0.02497, -0.06973,  0.07666,  0.29024,  0.73718,  0.73211,  0.74652
22273, 7998, -0.0194, -0.07143,  0.07502,  0.23838,  0.70955,  0.68025,  0.7191
22274, 7997, -0.02119, -0.07059,  0.07776,  0.23838,  0.73759,  0.68025,  0.74692
22275, 7996, -0.02497, -0.06973,  0.07666,  0.29024,  0.73718,  0.73211,  0.74652
22276, 7999, -0.02281, -0.07135,  0.07326,  0.29024,  0.70955,  0.73211,  0.7191
22277, 7998, -0.0194, -0.07143,  0.07502,  0.23838,  0.70955,  0.68025,  0.7191
22278, 8000, -0.01748, -0.07168,  0.07248,  0.23838,  0.68195,  0.68025,  0.6917
22279, 7998, -0.0194, -0.07143,  0.07502,  0.23838,  0.70955,  0.68025,  0.7191
22280, 7999, -0.02281, -0.07135,  0.07326,  0.29024,  0.70955,  0.73211,  0.7191
22281, 8000, -0.01748, -0.07168,  0.07248,  0.23838,  0.68195,  0.68025,  0.6917
22282, 7999, -0.02281, -0.07135,  0.07326,  0.29024,  0.70955,  0.73211,  0.7191
22283, 8001, -0.02029, -0.07233,  0.06997,  0.29024,  0.68192,  0.73211,  0.69167
22284, 8001, -0.02029, -0.07233,  0.06997,  0.29024,  0.68192,  0.73211,  0.69167
22285, 8002, -0.01518, -0.07154,  0.07022,  0.23838,  0.6544,  0.68025,  0.66435
22286, 8000, -0.01748, -0.07168,  0.07248,  0.23838,  0.68195,  0.68025,  0.6917
22287, 8001, -0.02029, -0.07233,  0.06997,  0.29024,  0.68192,  0.73211,  0.69167
22288, 8003, -0.0174, -0.07265,  0.06711,  0.29024,  0.6544,  0.73211,  0.66435
22289, 8002, -0.01518, -0.07154,  0.07022,  0.23838,  0.6544,  0.68025,  0.66435
22290, 8004, -0.0139, -0.07208,  0.06498,  0.29024,  0.62687,  0.73211,  0.63703
22291, 8002, -0.01518, -0.07154,  0.07022,  0.23838,  0.6544,  0.68025,  0.66435
22292, 8003, -0.0174, -0.07265,  0.06711,  0.29024,  0.6544,  0.73211,  0.66435
22293, 8004, -0.0139, -0.07208,  0.06498,  0.29024,  0.62687,  0.73211,  0.63703
22294, 8005, -0.01221, -0.07093,  0.06838,  0.23838,  0.62631,  0.68025,  0.63648
22295, 8002, -0.01518, -0.07154,  0.07022,  0.23838,  0.6544,  0.68025,  0.66435
22296, 8005, -0.01221, -0.07093,  0.06838,  0.23838,  0.62631,  0.68025,  0.63648
22297, 8004, -0.0139, -0.07208,  0.06498,  0.29024,  0.62687,  0.73211,  0.63703
22298, 8006, -0.0095, -0.0704,  0.0639,  0.29024,  0.59713,  0.73211,  0.6075
22299, 8005, -0.01221, -0.07093,  0.06838,  0.23838,  0.62631,  0.68025,  0.63648
22300, 8006, -0.0095, -0.0704,  0.0639,  0.29024,  0.59713,  0.73211,  0.6075
22301, 8007, -0.0083, -0.06976,  0.06712,  0.23838,  0.59713,  0.68025,  0.6075
22302, 8008, -0.0039, -0.06829,  0.06614,  0.23838,  0.56738,  0.68025,  0.57798
22303, 8007, -0.0083, -0.06976,  0.06712,  0.23838,  0.59713,  0.68025,  0.6075
22304, 8006, -0.0095, -0.0704,  0.0639,  0.29024,  0.59713,  0.73211,  0.6075
22305, 8008, -0.0039, -0.06829,  0.06614,  0.23838,  0.56738,  0.68025,  0.57798
22306, 8006, -0.0095, -0.0704,  0.0639,  0.29024,  0.59713,  0.73211,  0.6075
22307, 8009, -0.00467, -0.06818,  0.06333,  0.29024,  0.56738,  0.73211,  0.57798
22308, 8010, -0.00467, -0.06818,  0.06333,  0.23838,  0.56738,  0.68025,  0.57798
22309, 8011, -0.0095, -0.0704,  0.0639,  0.23838,  0.59713,  0.68025,  0.6075
22310, 8012, -0.01141, -0.06859,  0.06241,  0.29024,  0.59713,  0.73211,  0.6075
22311, 8010, -0.00467, -0.06818,  0.06333,  0.23838,  0.56738,  0.68025,  0.57798
22312, 8012, -0.01141, -0.06859,  0.06241,  0.29024,  0.59713,  0.73211,  0.6075
22313, 8013, -0.00709, -0.06713,  0.06146,  0.29024,  0.56738,  0.73211,  0.57798
22314, 8014, -0.0139, -0.07208,  0.06498,  0.23838,  0.62687,  0.68025,  0.63703
22315, 8012, -0.01141, -0.06859,  0.06241,  0.29024,  0.59713,  0.73211,  0.6075
22316, 8011, -0.0095, -0.0704,  0.0639,  0.23838,  0.59713,  0.68025,  0.6075
22317, 8014, -0.0139, -0.07208,  0.06498,  0.23838,  0.62687,  0.68025,  0.63703
22318, 8015, -0.01542, -0.06959,  0.06379,  0.29024,  0.62687,  0.73211,  0.63703
22319, 8012, -0.01141, -0.06859,  0.06241,  0.29024,  0.59713,  0.73211,  0.6075
22320, 8014, -0.0139, -0.07208,  0.06498,  0.23838,  0.62687,  0.68025,  0.63703
22321, 8016, -0.0188, -0.06969,  0.06605,  0.29024,  0.6544,  0.73211,  0.66435
22322, 8015, -0.01542, -0.06959,  0.06379,  0.29024,  0.62687,  0.73211,  0.63703
22323, 8014, -0.0139, -0.07208,  0.06498,  0.23838,  0.62687,  0.68025,  0.63703
22324, 8017, -0.0174, -0.07265,  0.06711,  0.23838,  0.6544,  0.68025,  0.66435
22325, 8016, -0.0188, -0.06969,  0.06605,  0.29024,  0.6544,  0.73211,  0.66435
22326, 8018, -0.02166, -0.06903,  0.06892,  0.29024,  0.68192,  0.73211,  0.69167
22327, 8016, -0.0188, -0.06969,  0.06605,  0.29024,  0.6544,  0.73211,  0.66435
22328, 8017, -0.0174, -0.07265,  0.06711,  0.23838,  0.6544,  0.68025,  0.66435
22329, 8018, -0.02166, -0.06903,  0.06892,  0.29024,  0.68192,  0.73211,  0.69167
22330, 8017, -0.0174, -0.07265,  0.06711,  0.23838,  0.6544,  0.68025,  0.66435
22331, 8019, -0.02029, -0.07233,  0.06997,  0.23838,  0.68192,  0.68025,  0.69167
22332, 8020, -0.02281, -0.07135,  0.07326,  0.23838,  0.70955,  0.68025,  0.7191
22333, 8018, -0.02166, -0.06903,  0.06892,  0.29024,  0.68192,  0.73211,  0.69167
22334, 8019, -0.02029, -0.07233,  0.06997,  0.23838,  0.68192,  0.68025,  0.69167
22335, 8020, -0.02281, -0.07135,  0.07326,  0.23838,  0.70955,  0.68025,  0.7191
22336, 8021, -0.02415, -0.06777,  0.07218,  0.29024,  0.70955,  0.73211,  0.7191
22337, 8018, -0.02166, -0.06903,  0.06892,  0.29024,  0.68192,  0.73211,  0.69167
22338, 8022, -0.02497, -0.06973,  0.07666,  0.23838,  0.73718,  0.68025,  0.74652
22339, 8021, -0.02415, -0.06777,  0.07218,  0.29024,  0.70955,  0.73211,  0.7191
22340, 8020, -0.02281, -0.07135,  0.07326,  0.23838,  0.70955,  0.68025,  0.7191
22341, 8022, -0.02497, -0.06973,  0.07666,  0.23838,  0.73718,  0.68025,  0.74652
22342, 8023, -0.02627, -0.06598,  0.07557,  0.29024,  0.73718,  0.73211,  0.74652
22343, 8021, -0.02415, -0.06777,  0.07218,  0.29024,  0.70955,  0.73211,  0.7191
22344, 8022, -0.02497, -0.06973,  0.07666,  0.23838,  0.73718,  0.68025,  0.74652
22345, 8024, -0.02803, -0.06371,  0.07889,  0.29024,  0.76643,  0.73211,  0.77555
22346, 8023, -0.02627, -0.06598,  0.07557,  0.29024,  0.73718,  0.73211,  0.74652
22347, 8022, -0.02497, -0.06973,  0.07666,  0.23838,  0.73718,  0.68025,  0.74652
22348, 8025, -0.02678, -0.0675,  0.07986,  0.23838,  0.76643,  0.68025,  0.77555
22349, 8024, -0.02803, -0.06371,  0.07889,  0.29024,  0.76643,  0.73211,  0.77555
22350, 8026, -0.02846, -0.06401,  0.08322,  0.23838,  0.79567,  0.68025,  0.80458
22351, 8024, -0.02803, -0.06371,  0.07889,  0.29024,  0.76643,  0.73211,  0.77555
22352, 8025, -0.02678, -0.0675,  0.07986,  0.23838,  0.76643,  0.68025,  0.77555
22353, 8026, -0.02846, -0.06401,  0.08322,  0.23838,  0.79567,  0.68025,  0.80458
22354, 8027, -0.02961, -0.0604,  0.08248,  0.29024,  0.79567,  0.73211,  0.80458
22355, 8024, -0.02803, -0.06371,  0.07889,  0.29024,  0.76643,  0.73211,  0.77555
22356, 8026, -0.02846, -0.06401,  0.08322,  0.23838,  0.79567,  0.68025,  0.80458
22357, 8028, -0.03117, -0.05547,  0.08673,  0.29037,  0.81552,  0.73277,  0.82468
22358, 8027, -0.02961, -0.0604,  0.08248,  0.29024,  0.79567,  0.73211,  0.80458
22359, 8026, -0.02846, -0.06401,  0.08322,  0.23838,  0.79567,  0.68025,  0.80458
22360, 8029, -0.0302, -0.0586,  0.08708,  0.23838,  0.81557,  0.68025,  0.82433
22361, 8028, -0.03117, -0.05547,  0.08673,  0.29037,  0.81552,  0.73277,  0.82468
22362, 8030, -0.03272, -0.04973,  0.09131,  0.29051,  0.83537,  0.73343,  0.84477
22363, 8028, -0.03117, -0.05547,  0.08673,  0.29037,  0.81552,  0.73277,  0.82468
22364, 8029, -0.0302, -0.0586,  0.08708,  0.23838,  0.81557,  0.68025,  0.82433
22365, 8030, -0.03272, -0.04973,  0.09131,  0.29051,  0.83537,  0.73343,  0.84477
22366, 8029, -0.0302, -0.0586,  0.08708,  0.23838,  0.81557,  0.68025,  0.82433
22367, 8031, -0.03197, -0.05223,  0.09119,  0.23838,  0.83547,  0.68025,  0.84408
22368, 8032, -0.01542, -0.06959,  0.06379,  0.23838,  0.62687,  0.68025,  0.63703
22369, 8033, -0.01467, -0.06466,  0.06409,  0.29024,  0.62631,  0.73211,  0.63648
22370, 8034, -0.01155, -0.06431,  0.06286,  0.29024,  0.59713,  0.73211,  0.6075
22371, 8032, -0.01542, -0.06959,  0.06379,  0.23838,  0.62687,  0.68025,  0.63703
22372, 8034, -0.01155, -0.06431,  0.06286,  0.29024,  0.59713,  0.73211,  0.6075
22373, 8035, -0.01141, -0.06859,  0.06241,  0.23838,  0.59713,  0.68025,  0.6075
22374, 8035, -0.01141, -0.06859,  0.06241,  0.23838,  0.59713,  0.68025,  0.6075
22375, 8034, -0.01155, -0.06431,  0.06286,  0.29024,  0.59713,  0.73211,  0.6075
22376, 8036, -0.00812, -0.0634,  0.06196,  0.29024,  0.56738,  0.73211,  0.57798
22377, 8035, -0.01141, -0.06859,  0.06241,  0.23838,  0.59713,  0.68025,  0.6075
22378, 8036, -0.00812, -0.0634,  0.06196,  0.29024,  0.56738,  0.73211,  0.57798
22379, 8037, -0.00709, -0.06713,  0.06146,  0.23838,  0.56738,  0.68025,  0.57798
22380, 8038, -0.0188, -0.06969,  0.06605,  0.23838,  0.6544,  0.68025,  0.66435
22381, 8033, -0.01467, -0.06466,  0.06409,  0.29024,  0.62631,  0.73211,  0.63648
22382, 8032, -0.01542, -0.06959,  0.06379,  0.23838,  0.62687,  0.68025,  0.63703
22383, 8038, -0.0188, -0.06969,  0.06605,  0.23838,  0.6544,  0.68025,  0.66435
22384, 8039, -0.01719, -0.06388,  0.066,  0.29024,  0.6544,  0.73211,  0.66435
22385, 8033, -0.01467, -0.06466,  0.06409,  0.29024,  0.62631,  0.73211,  0.63648
22386, 8040, -0.02166, -0.06903,  0.06892,  0.23838,  0.68192,  0.68025,  0.69167
22387, 8039, -0.01719, -0.06388,  0.066,  0.29024,  0.6544,  0.73211,  0.66435
22388, 8038, -0.0188, -0.06969,  0.06605,  0.23838,  0.6544,  0.68025,  0.66435
22389, 8040, -0.02166, -0.06903,  0.06892,  0.23838,  0.68192,  0.68025,  0.69167
22390, 8041, -0.01938, -0.06234,  0.0684,  0.29024,  0.68195,  0.73211,  0.6917
22391, 8039, -0.01719, -0.06388,  0.066,  0.29024,  0.6544,  0.73211,  0.66435
22392, 8040, -0.02166, -0.06903,  0.06892,  0.23838,  0.68192,  0.68025,  0.69167
22393, 8042, -0.02152, -0.06039,  0.07109,  0.29024,  0.70955,  0.73211,  0.7191
22394, 8041, -0.01938, -0.06234,  0.0684,  0.29024,  0.68195,  0.73211,  0.6917
22395, 8040, -0.02166, -0.06903,  0.06892,  0.23838,  0.68192,  0.68025,  0.69167
22396, 8043, -0.02415, -0.06777,  0.07218,  0.23838,  0.70955,  0.68025,  0.7191
22397, 8042, -0.02152, -0.06039,  0.07109,  0.29024,  0.70955,  0.73211,  0.7191
22398, 8044, -0.02627, -0.06598,  0.07557,  0.23838,  0.73718,  0.68025,  0.74652
22399, 8042, -0.02152, -0.06039,  0.07109,  0.29024,  0.70955,  0.73211,  0.7191
22400, 8043, -0.02415, -0.06777,  0.07218,  0.23838,  0.70955,  0.68025,  0.7191
22401, 8044, -0.02627, -0.06598,  0.07557,  0.23838,  0.73718,  0.68025,  0.74652
22402, 8045, -0.02386, -0.05817,  0.0742,  0.29024,  0.73759,  0.73211,  0.74692
22403, 8042, -0.02152, -0.06039,  0.07109,  0.29024,  0.70955,  0.73211,  0.7191
22404, 8045, -0.02386, -0.05817,  0.0742,  0.29024,  0.73759,  0.73211,  0.74692
22405, 8044, -0.02627, -0.06598,  0.07557,  0.23838,  0.73718,  0.68025,  0.74652
22406, 8046, -0.02803, -0.06371,  0.07889,  0.23838,  0.76643,  0.68025,  0.77555
22407, 8045, -0.02386, -0.05817,  0.0742,  0.29024,  0.73759,  0.73211,  0.74692
22408, 8046, -0.02803, -0.06371,  0.07889,  0.23838,  0.76643,  0.68025,  0.77555
22409, 8047, -0.02663, -0.05581,  0.07781,  0.29024,  0.76643,  0.73211,  0.77555
22410, 8047, -0.02663, -0.05581,  0.07781,  0.29024,  0.76643,  0.73211,  0.77555
22411, 8046, -0.02803, -0.06371,  0.07889,  0.23838,  0.76643,  0.68025,  0.77555
22412, 8048, -0.02961, -0.0604,  0.08248,  0.23838,  0.79567,  0.68025,  0.80458
22413, 8047, -0.02663, -0.05581,  0.07781,  0.29024,  0.76643,  0.73211,  0.77555
22414, 8048, -0.02961, -0.0604,  0.08248,  0.23838,  0.79567,  0.68025,  0.80458
22415, 8049, -0.02935, -0.05313,  0.08192,  0.29024,  0.79334,  0.73211,  0.80226
22416, 8048, -0.02961, -0.0604,  0.08248,  0.23838,  0.79567,  0.68025,  0.80458
22417, 8050, -0.03153, -0.04995,  0.08653,  0.29024,  0.81557,  0.73211,  0.82433
22418, 8049, -0.02935, -0.05313,  0.08192,  0.29024,  0.79334,  0.73211,  0.80226
22419, 8048, -0.02961, -0.0604,  0.08248,  0.23838,  0.79567,  0.68025,  0.80458
22420, 8051, -0.03117, -0.05547,  0.08673,  0.23881,  0.81553,  0.67971,  0.8244
22421, 8050, -0.03153, -0.04995,  0.08653,  0.29024,  0.81557,  0.73211,  0.82433
22422, 8052, -0.03272, -0.04973,  0.09131,  0.23925,  0.83539,  0.67917,  0.84423
22423, 8050, -0.03153, -0.04995,  0.08653,  0.29024,  0.81557,  0.73211,  0.82433
22424, 8051, -0.03117, -0.05547,  0.08673,  0.23881,  0.81553,  0.67971,  0.8244
22425, 8052, -0.03272, -0.04973,  0.09131,  0.23925,  0.83539,  0.67917,  0.84423
22426, 8053, -0.03344, -0.04652,  0.09137,  0.29024,  0.83547,  0.73211,  0.84408
22427, 8050, -0.03153, -0.04995,  0.08653,  0.29024,  0.81557,  0.73211,  0.82433
22428, 8054, -0.03104, -0.0583,  0.08135,  0.2788,  0.5762,  0.75256,  0.59627
22429, 8055, -0.0273, -0.05847,  0.08436,  0.20421,  0.57702,  0.66278,  0.59728
22430, 8056, -0.02927, -0.05695,  0.08639,  0.20421,  0.60818,  0.66278,  0.63522
22431, 8054, -0.03104, -0.0583,  0.08135,  0.2788,  0.5762,  0.75256,  0.59627
22432, 8056, -0.02927, -0.05695,  0.08639,  0.20421,  0.60818,  0.66278,  0.63522
22433, 8057, -0.03355, -0.05616,  0.08346,  0.2788,  0.60818,  0.75256,  0.63522
22434, 8057, -0.03355, -0.05616,  0.08346,  0.2788,  0.60818,  0.75256,  0.63522
22435, 8056, -0.02927, -0.05695,  0.08639,  0.20421,  0.60818,  0.66278,  0.63522
22436, 8058, -0.03077, -0.05476,  0.08832,  0.20421,  0.63976,  0.66278,  0.67369
22437, 8057, -0.03355, -0.05616,  0.08346,  0.2788,  0.60818,  0.75256,  0.63522
22438, 8058, -0.03077, -0.05476,  0.08832,  0.20421,  0.63976,  0.66278,  0.67369
22439, 8059, -0.03542, -0.05311,  0.08573,  0.2788,  0.64016,  0.75256,  0.67418
22440, 8055, -0.0273, -0.05847,  0.08436,  0.20421,  0.57702,  0.66278,  0.59728
22441, 8054, -0.03104, -0.0583,  0.08135,  0.2788,  0.5762,  0.75256,  0.59627
22442, 8060, -0.02751, -0.05928,  0.07975,  0.2788,  0.54753,  0.75256,  0.56135
22443, 8055, -0.0273, -0.05847,  0.08436,  0.20421,  0.57702,  0.66278,  0.59728
22444, 8060, -0.02751, -0.05928,  0.07975,  0.2788,  0.54753,  0.75256,  0.56135
22445, 8061, -0.02476, -0.0587,  0.08245,  0.20421,  0.54753,  0.66278,  0.56135
22446, 8062, -0.02193, -0.05827,  0.08061,  0.20421,  0.51886,  0.66278,  0.52644
22447, 8061, -0.02476, -0.0587,  0.08245,  0.20421,  0.54753,  0.66278,  0.56135
22448, 8060, -0.02751, -0.05928,  0.07975,  0.2788,  0.54753,  0.75256,  0.56135
22449, 8062, -0.02193, -0.05827,  0.08061,  0.20421,  0.51886,  0.66278,  0.52644
22450, 8060, -0.02751, -0.05928,  0.07975,  0.2788,  0.54753,  0.75256,  0.56135
22451, 8063, -0.02349, -0.05968,  0.07841,  0.2788,  0.51886,  0.75256,  0.52644
22452, 8058, -0.03077, -0.05476,  0.08832,  0.20421,  0.63976,  0.66278,  0.67369
22453, 8064, -0.03697, -0.04942,  0.08785,  0.2788,  0.67054,  0.75256,  0.71117
22454, 8059, -0.03542, -0.05311,  0.08573,  0.2788,  0.64016,  0.75256,  0.67418
22455, 8058, -0.03077, -0.05476,  0.08832,  0.20421,  0.63976,  0.66278,  0.67369
22456, 8065, -0.0319, -0.05253,  0.08993,  0.20421,  0.67054,  0.66278,  0.71117
22457, 8064, -0.03697, -0.04942,  0.08785,  0.2788,  0.67054,  0.75256,  0.71117
22458, 8066, -0.03825, -0.04543,  0.0899,  0.2788,  0.70092,  0.75256,  0.74817
22459, 8064, -0.03697, -0.04942,  0.08785,  0.2788,  0.67054,  0.75256,  0.71117
22460, 8065, -0.0319, -0.05253,  0.08993,  0.20421,  0.67054,  0.66278,  0.71117
22461, 8066, -0.03825, -0.04543,  0.0899,  0.2788,  0.70092,  0.75256,  0.74817
22462, 8065, -0.0319, -0.05253,  0.08993,  0.20421,  0.67054,  0.66278,  0.71117
22463, 8067, -0.03311, -0.04967,  0.09146,  0.20421,  0.7035,  0.66278,  0.75131
22464, 8067, -0.03311, -0.04967,  0.09146,  0.20421,  0.7035,  0.66278,  0.75131
22465, 8068, -0.03931, -0.04148,  0.09202,  0.2788,  0.74161,  0.75256,  0.79773
22466, 8066, -0.03825, -0.04543,  0.0899,  0.2788,  0.70092,  0.75256,  0.74817
22467, 8067, -0.03311, -0.04967,  0.09146,  0.20421,  0.7035,  0.66278,  0.75131
22468, 8069, -0.03485, -0.0456,  0.09317,  0.20421,  0.74161,  0.66278,  0.79773
22469, 8068, -0.03931, -0.04148,  0.09202,  0.2788,  0.74161,  0.75256,  0.79773
22470, 8070, -0.03685, -0.04122,  0.09521,  0.20421,  0.78053,  0.66278,  0.84513
22471, 8068, -0.03931, -0.04148,  0.09202,  0.2788,  0.74161,  0.75256,  0.79773
22472, 8069, -0.03485, -0.0456,  0.09317,  0.20421,  0.74161,  0.66278,  0.79773
22473, 8070, -0.03685, -0.04122,  0.09521,  0.20421,  0.78053,  0.66278,  0.84513
22474, 8071, -0.04036, -0.03782,  0.09453,  0.2788,  0.78231,  0.75256,  0.8473
22475, 8068, -0.03931, -0.04148,  0.09202,  0.2788,  0.74161,  0.75256,  0.79773
22476, 8070, -0.03685, -0.04122,  0.09521,  0.20421,  0.78053,  0.66278,  0.84513
22477, 8072, -0.04165, -0.03469,  0.09776,  0.2788,  0.8159,  0.75256,  0.88821
22478, 8071, -0.04036, -0.03782,  0.09453,  0.2788,  0.78231,  0.75256,  0.8473
22479, 8070, -0.03685, -0.04122,  0.09521,  0.20421,  0.78053,  0.66278,  0.84513
22480, 8073, -0.03882, -0.03739,  0.09778,  0.20421,  0.8159,  0.66278,  0.88821
22481, 8072, -0.04165, -0.03469,  0.09776,  0.2788,  0.8159,  0.75256,  0.88821
22482, 8074, -0.04306, -0.03183,  0.10136,  0.2788,  0.84949,  0.75256,  0.92912
22483, 8072, -0.04165, -0.03469,  0.09776,  0.2788,  0.8159,  0.75256,  0.88821
22484, 8073, -0.03882, -0.03739,  0.09778,  0.20421,  0.8159,  0.66278,  0.88821
22485, 8074, -0.04306, -0.03183,  0.10136,  0.2788,  0.84949,  0.75256,  0.92912
22486, 8073, -0.03882, -0.03739,  0.09778,  0.20421,  0.8159,  0.66278,  0.88821
22487, 8075, -0.04077, -0.03385,  0.1006,  0.20421,  0.84949,  0.66278,  0.92912
22488, 8076, -0.03105, -0.04943,  0.07991,  0.2788,  0.57702,  0.75256,  0.59728
22489, 8077, -0.02791, -0.05218,  0.07825,  0.2788,  0.54753,  0.75256,  0.56135
22490, 8078, -0.02751, -0.05928,  0.07975,  0.20421,  0.54753,  0.66278,  0.56135
22491, 8076, -0.03105, -0.04943,  0.07991,  0.2788,  0.57702,  0.75256,  0.59728
22492, 8078, -0.02751, -0.05928,  0.07975,  0.20421,  0.54753,  0.66278,  0.56135
22493, 8079, -0.03104, -0.0583,  0.08135,  0.20421,  0.5762,  0.66278,  0.59627
22494, 8080, -0.02432, -0.05499,  0.07671,  0.2788,  0.51886,  0.75256,  0.52644
22495, 8078, -0.02751, -0.05928,  0.07975,  0.20421,  0.54753,  0.66278,  0.56135
22496, 8077, -0.02791, -0.05218,  0.07825,  0.2788,  0.54753,  0.75256,  0.56135
22497, 8080, -0.02432, -0.05499,  0.07671,  0.2788,  0.51886,  0.75256,  0.52644
22498, 8081, -0.02349, -0.05968,  0.07841,  0.20421,  0.51886,  0.66278,  0.52644
22499, 8078, -0.02751, -0.05928,  0.07975,  0.20421,  0.54753,  0.66278,  0.56135
22500, 8079, -0.03104, -0.0583,  0.08135,  0.20421,  0.5762,  0.66278,  0.59627
22501, 8082, -0.03327, -0.04677,  0.08183,  0.2788,  0.60818,  0.75256,  0.63522
22502, 8076, -0.03105, -0.04943,  0.07991,  0.2788,  0.57702,  0.75256,  0.59728
22503, 8079, -0.03104, -0.0583,  0.08135,  0.20421,  0.5762,  0.66278,  0.59627
22504, 8083, -0.03355, -0.05616,  0.08346,  0.20421,  0.60818,  0.66278,  0.63522
22505, 8082, -0.03327, -0.04677,  0.08183,  0.2788,  0.60818,  0.75256,  0.63522
22506, 8084, -0.03542, -0.05311,  0.08573,  0.20421,  0.64016,  0.66278,  0.67418
22507, 8082, -0.03327, -0.04677,  0.08183,  0.2788,  0.60818,  0.75256,  0.63522
22508, 8083, -0.03355, -0.05616,  0.08346,  0.20421,  0.60818,  0.66278,  0.63522
22509, 8084, -0.03542, -0.05311,  0.08573,  0.20421,  0.64016,  0.66278,  0.67418
22510, 8085, -0.03497, -0.04381,  0.08405,  0.2788,  0.63976,  0.75256,  0.67369
22511, 8082, -0.03327, -0.04677,  0.08183,  0.2788,  0.60818,  0.75256,  0.63522
22512, 8084, -0.03542, -0.05311,  0.08573,  0.20421,  0.64016,  0.66278,  0.67418
22513, 8086, -0.03655, -0.04017,  0.08659,  0.2788,  0.67054,  0.75256,  0.71117
22514, 8085, -0.03497, -0.04381,  0.08405,  0.2788,  0.63976,  0.75256,  0.67369
22515, 8084, -0.03542, -0.05311,  0.08573,  0.20421,  0.64016,  0.66278,  0.67418
22516, 8087, -0.03697, -0.04942,  0.08785,  0.20421,  0.67054,  0.66278,  0.71117
22517, 8086, -0.03655, -0.04017,  0.08659,  0.2788,  0.67054,  0.75256,  0.71117
22518, 8088, -0.03825, -0.04543,  0.0899,  0.20421,  0.70092,  0.66278,  0.74817
22519, 8086, -0.03655, -0.04017,  0.08659,  0.2788,  0.67054,  0.75256,  0.71117
22520, 8087, -0.03697, -0.04942,  0.08785,  0.20421,  0.67054,  0.66278,  0.71117
22521, 8088, -0.03825, -0.04543,  0.0899,  0.20421,  0.70092,  0.66278,  0.74817
22522, 8089, -0.03806, -0.03658,  0.08922,  0.2788,  0.7035,  0.75256,  0.75131
22523, 8086, -0.03655, -0.04017,  0.08659,  0.2788,  0.67054,  0.75256,  0.71117
22524, 8089, -0.03806, -0.03658,  0.08922,  0.2788,  0.7035,  0.75256,  0.75131
22525, 8088, -0.03825, -0.04543,  0.0899,  0.20421,  0.70092,  0.66278,  0.74817
22526, 8090, -0.03931, -0.04148,  0.09202,  0.20421,  0.74161,  0.66278,  0.79773
22527, 8089, -0.03806, -0.03658,  0.08922,  0.2788,  0.7035,  0.75256,  0.75131
22528, 8090, -0.03931, -0.04148,  0.09202,  0.20421,  0.74161,  0.66278,  0.79773
22529, 8091, -0.03953, -0.03381,  0.09167,  0.2788,  0.74161,  0.75256,  0.79773
22530, 8092, -0.04096, -0.03162,  0.09423,  0.2788,  0.78053,  0.75256,  0.84513
22531, 8091, -0.03953, -0.03381,  0.09167,  0.2788,  0.74161,  0.75256,  0.79773
22532, 8090, -0.03931, -0.04148,  0.09202,  0.20421,  0.74161,  0.66278,  0.79773
22533, 8092, -0.04096, -0.03162,  0.09423,  0.2788,  0.78053,  0.75256,  0.84513
22534, 8090, -0.03931, -0.04148,  0.09202,  0.20421,  0.74161,  0.66278,  0.79773
22535, 8093, -0.04036, -0.03782,  0.09453,  0.20421,  0.78231,  0.66278,  0.8473
22536, 8092, -0.04096, -0.03162,  0.09423,  0.2788,  0.78053,  0.75256,  0.84513
22537, 8093, -0.04036, -0.03782,  0.09453,  0.20421,  0.78231,  0.66278,  0.8473
22538, 8094, -0.04165, -0.03469,  0.09776,  0.20421,  0.8159,  0.66278,  0.88821
22539, 8092, -0.04096, -0.03162,  0.09423,  0.2788,  0.78053,  0.75256,  0.84513
22540, 8094, -0.04165, -0.03469,  0.09776,  0.20421,  0.8159,  0.66278,  0.88821
22541, 8095, -0.04231, -0.0298,  0.09714,  0.2788,  0.8159,  0.75256,  0.88821
22542, 8096, -0.04363, -0.02816,  0.10023,  0.2788,  0.84949,  0.75256,  0.92912
22543, 8095, -0.04231, -0.0298,  0.09714,  0.2788,  0.8159,  0.75256,  0.88821
22544, 8094, -0.04165, -0.03469,  0.09776,  0.20421,  0.8159,  0.66278,  0.88821
22545, 8096, -0.04363, -0.02816,  0.10023,  0.2788,  0.84949,  0.75256,  0.92912
22546, 8094, -0.04165, -0.03469,  0.09776,  0.20421,  0.8159,  0.66278,  0.88821
22547, 8097, -0.04306, -0.03183,  0.10136,  0.20421,  0.84949,  0.66278,  0.92912
22548, 8098,  0.02011, -0.06726,  0.04704,  0.28183,  0.61076,  0.74927,  0.9102
22549, 8099,  0.02013, -0.06981,  0.05176,  0.20724,  0.6107,  0.6562,  0.91025
22550, 8100,  0.01559, -0.07101,  0.05359,  0.20724,  0.65648,  0.6562,  0.87222
22551, 8098,  0.02011, -0.06726,  0.04704,  0.28183,  0.61076,  0.74927,  0.9102
22552, 8100,  0.01559, -0.07101,  0.05359,  0.20724,  0.65648,  0.6562,  0.87222
22553, 8101,  0.01477, -0.0684,  0.04811,  0.28183,  0.65648,  0.74927,  0.87222
22554, 8101,  0.01477, -0.0684,  0.04811,  0.28183,  0.65648,  0.74927,  0.87222
22555, 8100,  0.01559, -0.07101,  0.05359,  0.20724,  0.65648,  0.6562,  0.87222
22556, 8102,  0.01108, -0.07198,  0.05591,  0.20724,  0.70147,  0.6562,  0.82432
22557, 8101,  0.01477, -0.0684,  0.04811,  0.28183,  0.65648,  0.74927,  0.87222
22558, 8102,  0.01108, -0.07198,  0.05591,  0.20724,  0.70147,  0.6562,  0.82432
22559, 8103,  0.00867, -0.06982,  0.05017,  0.28183,  0.7022,  0.74927,  0.83423
22560, 8102,  0.01108, -0.07198,  0.05591,  0.20724,  0.70147,  0.6562,  0.82432
22561, 8104,  0.00245, -0.07122,  0.0532,  0.28183,  0.74499,  0.74927,  0.75661
22562, 8103,  0.00867, -0.06982,  0.05017,  0.28183,  0.7022,  0.74927,  0.83423
22563, 8102,  0.01108, -0.07198,  0.05591,  0.20724,  0.70147,  0.6562,  0.82432
22564, 8105,  0.00724, -0.0726,  0.05846,  0.20724,  0.74499,  0.6562,  0.75661
22565, 8104,  0.00245, -0.07122,  0.0532,  0.28183,  0.74499,  0.74927,  0.75661
22566, 8106, -0.00381, -0.07203,  0.05772,  0.28183,  0.78778,  0.74927,  0.67898
22567, 8104,  0.00245, -0.07122,  0.0532,  0.28183,  0.74499,  0.74927,  0.75661
22568, 8105,  0.00724, -0.0726,  0.05846,  0.20724,  0.74499,  0.6562,  0.75661
22569, 8106, -0.00381, -0.07203,  0.05772,  0.28183,  0.78778,  0.74927,  0.67898
22570, 8105,  0.00724, -0.0726,  0.05846,  0.20724,  0.74499,  0.6562,  0.75661
22571, 8107,  0.0031, -0.07295,  0.06191,  0.20724,  0.78578,  0.6562,  0.68856
22572, 8108, -0.00231, -0.07315,  0.06691,  0.20724,  0.82256,  0.6562,  0.63966
22573, 8106, -0.00381, -0.07203,  0.05772,  0.28183,  0.78778,  0.74927,  0.67898
22574, 8107,  0.0031, -0.07295,  0.06191,  0.20724,  0.78578,  0.6562,  0.68856
22575, 8108, -0.00231, -0.07315,  0.06691,  0.20724,  0.82256,  0.6562,  0.63966
22576, 8109, -0.01003, -0.07168,  0.06424,  0.28183,  0.82256,  0.74927,  0.63966
22577, 8106, -0.00381, -0.07203,  0.05772,  0.28183,  0.78778,  0.74927,  0.67898
22578, 8110, -0.00836, -0.07326,  0.07269,  0.20724,  0.85733,  0.6562,  0.60034
22579, 8109, -0.01003, -0.07168,  0.06424,  0.28183,  0.82256,  0.74927,  0.63966
22580, 8108, -0.00231, -0.07315,  0.06691,  0.20724,  0.82256,  0.6562,  0.63966
22581, 8110, -0.00836, -0.07326,  0.07269,  0.20724,  0.85733,  0.6562,  0.60034
22582, 8111, -0.01622, -0.07075,  0.07177,  0.28183,  0.85733,  0.74927,  0.60034
22583, 8109, -0.01003, -0.07168,  0.06424,  0.28183,  0.82256,  0.74927,  0.63966
22584, 8098,  0.02011, -0.06726,  0.04704,  0.28183,  0.61076,  0.74927,  0.9102
22585, 8112,  0.02406, -0.06853,  0.05065,  0.20724,  0.56481,  0.6562,  0.94838
22586, 8099,  0.02013, -0.06981,  0.05176,  0.20724,  0.6107,  0.6562,  0.91025
22587, 8098,  0.02011, -0.06726,  0.04704,  0.28183,  0.61076,  0.74927,  0.9102
22588, 8113,  0.02408, -0.06669,  0.04694,  0.26442,  0.56916,  0.74927,  0.94838
22589, 8112,  0.02406, -0.06853,  0.05065,  0.20724,  0.56481,  0.6562,  0.94838
22590, 8114,  0.02735, -0.06641,  0.04733,  0.26451,  0.52301,  0.74927,  0.98657
22591, 8112,  0.02406, -0.06853,  0.05065,  0.20724,  0.56481,  0.6562,  0.94838
22592, 8113,  0.02408, -0.06669,  0.04694,  0.26442,  0.56916,  0.74927,  0.94838
22593, 8114,  0.02735, -0.06641,  0.04733,  0.26451,  0.52301,  0.74927,  0.98657
22594, 8115,  0.02768, -0.06721,  0.04989,  0.20724,  0.51886,  0.6562,  0.98657
22595, 8112,  0.02406, -0.06853,  0.05065,  0.20724,  0.56481,  0.6562,  0.94838
22596, 8116,  0.02011, -0.06726,  0.04704,  0.28183,  0.61076,  0.69352,  0.91217
22597, 8117,  0.01452, -0.06339,  0.04823,  0.21635,  0.64703,  0.78659,  0.91222
22598, 8118,  0.01878, -0.06266,  0.0482,  0.21709,  0.59957,  0.78659,  0.95035
22599, 8116,  0.02011, -0.06726,  0.04704,  0.28183,  0.61076,  0.69352,  0.91217
22600, 8118,  0.01878, -0.06266,  0.0482,  0.21709,  0.59957,  0.78659,  0.95035
22601, 8119,  0.02408, -0.06669,  0.04694,  0.26442,  0.56916,  0.69352,  0.95035
22602, 8119,  0.02408, -0.06669,  0.04694,  0.26442,  0.56916,  0.69352,  0.95035
22603, 8118,  0.01878, -0.06266,  0.0482,  0.21709,  0.59957,  0.78659,  0.95035
22604, 8120,  0.02306, -0.06191,  0.04838,  0.21782,  0.5521,  0.78659,  0.98853
22605, 8119,  0.02408, -0.06669,  0.04694,  0.26442,  0.56916,  0.69352,  0.95035
22606, 8120,  0.02306, -0.06191,  0.04838,  0.21782,  0.5521,  0.78659,  0.98853
22607, 8121,  0.02735, -0.06641,  0.04733,  0.26451,  0.52301,  0.69352,  0.98853
22608, 8122,  0.02011, -0.06726,  0.04704,  0.21321,  0.61076,  0.69352,  0.91217
22609, 8123,  0.01477, -0.0684,  0.04811,  0.21321,  0.65648,  0.69352,  0.87418
22610, 8124,  0.01029, -0.06411,  0.04867,  0.2878,  0.65648,  0.78659,  0.87418
22611, 8122,  0.02011, -0.06726,  0.04704,  0.21321,  0.61076,  0.69352,  0.91217
22612, 8124,  0.01029, -0.06411,  0.04867,  0.2878,  0.65648,  0.78659,  0.87418
22613, 8125,  0.01452, -0.06339,  0.04823,  0.2878,  0.61076,  0.78659,  0.91222
22614, 8126,  0.00867, -0.06982,  0.05017,  0.21321,  0.7022,  0.69352,  0.8362
22615, 8124,  0.01029, -0.06411,  0.04867,  0.2878,  0.65648,  0.78659,  0.87418
22616, 8123,  0.01477, -0.0684,  0.04811,  0.21321,  0.65648,  0.69352,  0.87418
22617, 8126,  0.00867, -0.06982,  0.05017,  0.21321,  0.7022,  0.69352,  0.8362
22618, 8127,  0.00549, -0.0648,  0.04991,  0.2878,  0.70147,  0.78659,  0.82629
22619, 8124,  0.01029, -0.06411,  0.04867,  0.2878,  0.65648,  0.78659,  0.87418
22620, 8127,  0.00549, -0.0648,  0.04991,  0.2878,  0.70147,  0.78659,  0.82629
22621, 8126,  0.00867, -0.06982,  0.05017,  0.21321,  0.7022,  0.69352,  0.8362
22622, 8128,  0.00245, -0.07122,  0.0532,  0.21321,  0.74499,  0.69352,  0.75857
22623, 8127,  0.00549, -0.0648,  0.04991,  0.2878,  0.70147,  0.78659,  0.82629
22624, 8128,  0.00245, -0.07122,  0.0532,  0.21321,  0.74499,  0.69352,  0.75857
22625, 8129, -0.00048, -0.06548,  0.05231,  0.2878,  0.74499,  0.78659,  0.75857
22626, 8129, -0.00048, -0.06548,  0.05231,  0.2878,  0.74499,  0.78659,  0.75857
22627, 8128,  0.00245, -0.07122,  0.0532,  0.21321,  0.74499,  0.69352,  0.75857
22628, 8130, -0.00381, -0.07203,  0.05772,  0.21321,  0.78778,  0.69352,  0.68095
22629, 8129, -0.00048, -0.06548,  0.05231,  0.2878,  0.74499,  0.78659,  0.75857
22630, 8130, -0.00381, -0.07203,  0.05772,  0.21321,  0.78778,  0.69352,  0.68095
22631, 8131, -0.00667, -0.06589,  0.05589,  0.2878,  0.78578,  0.78659,  0.69028
22632, 8130, -0.00381, -0.07203,  0.05772,  0.21321,  0.78778,  0.69352,  0.68095
22633, 8132, -0.01211, -0.06577,  0.06069,  0.2878,  0.82256,  0.78659,  0.64064
22634, 8131, -0.00667, -0.06589,  0.05589,  0.2878,  0.78578,  0.78659,  0.69028
22635, 8130, -0.00381, -0.07203,  0.05772,  0.21321,  0.78778,  0.69352,  0.68095
22636, 8133, -0.01003, -0.07168,  0.06424,  0.21321,  0.82256,  0.69352,  0.64064
22637, 8132, -0.01211, -0.06577,  0.06069,  0.2878,  0.82256,  0.78659,  0.64064
22638, 8134, -0.01719, -0.0654,  0.06608,  0.2878,  0.85733,  0.78659,  0.60034
22639, 8132, -0.01211, -0.06577,  0.06069,  0.2878,  0.82256,  0.78659,  0.64064
22640, 8133, -0.01003, -0.07168,  0.06424,  0.21321,  0.82256,  0.69352,  0.64064
22641, 8134, -0.01719, -0.0654,  0.06608,  0.2878,  0.85733,  0.78659,  0.60034
22642, 8133, -0.01003, -0.07168,  0.06424,  0.21321,  0.82256,  0.69352,  0.64064
22643, 8135, -0.01622, -0.07075,  0.07177,  0.21321,  0.85733,  0.69352,  0.60034
22644, 8136,  0.0274, -0.07056,  0.06007,  0.33683,  0.69942,  0.65871,  0.82799
22645, 8137,  0.03576, -0.06829,  0.06335,  0.33683,  0.66214,  0.65871,  0.86948
22646, 8138,  0.03584, -0.06884,  0.07244,  0.21666,  0.66214,  0.73309,  0.86948
22647, 8136,  0.0274, -0.07056,  0.06007,  0.33683,  0.69942,  0.65871,  0.82799
22648, 8138,  0.03584, -0.06884,  0.07244,  0.21666,  0.66214,  0.73309,  0.86948
22649, 8139,  0.02657, -0.07138,  0.06932,  0.21666,  0.70066,  0.73309,  0.83747
22650, 8140,  0.04479, -0.06505,  0.0675,  0.33683,  0.62015,  0.65871,  0.90437
22651, 8138,  0.03584, -0.06884,  0.07244,  0.21666,  0.66214,  0.73309,  0.86948
22652, 8137,  0.03576, -0.06829,  0.06335,  0.33683,  0.66214,  0.65871,  0.86948
22653, 8140,  0.04479, -0.06505,  0.0675,  0.33683,  0.62015,  0.65871,  0.90437
22654, 8141,  0.04562, -0.06533,  0.07572,  0.21666,  0.62362,  0.73309,  0.90149
22655, 8138,  0.03584, -0.06884,  0.07244,  0.21666,  0.66214,  0.73309,  0.86948
22656, 8141,  0.04562, -0.06533,  0.07572,  0.21666,  0.62362,  0.73309,  0.90149
22657, 8140,  0.04479, -0.06505,  0.0675,  0.33683,  0.62015,  0.65871,  0.90437
22658, 8142,  0.05428, -0.06075,  0.07163,  0.33683,  0.57124,  0.65871,  0.94501
22659, 8141,  0.04562, -0.06533,  0.07572,  0.21666,  0.62362,  0.73309,  0.90149
22660, 8142,  0.05428, -0.06075,  0.07163,  0.33683,  0.57124,  0.65871,  0.94501
22661, 8143,  0.05556, -0.06075,  0.07855,  0.21666,  0.57124,  0.73309,  0.94501
22662, 8143,  0.05556, -0.06075,  0.07855,  0.21666,  0.57124,  0.73309,  0.94501
22663, 8142,  0.05428, -0.06075,  0.07163,  0.33683,  0.57124,  0.65871,  0.94501
22664, 8144,  0.064, -0.05593,  0.07574,  0.33683,  0.51886,  0.65871,  0.98853
22665, 8143,  0.05556, -0.06075,  0.07855,  0.21666,  0.57124,  0.73309,  0.94501
22666, 8144,  0.064, -0.05593,  0.07574,  0.33683,  0.51886,  0.65871,  0.98853
22667, 8145,  0.06558, -0.05562,  0.08117,  0.21666,  0.51886,  0.73309,  0.98853
22668, 8136,  0.0274, -0.07056,  0.06007,  0.33683,  0.69942,  0.65871,  0.82799
22669, 8139,  0.02657, -0.07138,  0.06932,  0.21666,  0.70066,  0.73309,  0.83747
22670, 8146,  0.01814, -0.07307,  0.06695,  0.21666,  0.73421,  0.73309,  0.76753
22671, 8136,  0.0274, -0.07056,  0.06007,  0.33683,  0.69942,  0.65871,  0.82799
22672, 8146,  0.01814, -0.07307,  0.06695,  0.21666,  0.73421,  0.73309,  0.76753
22673, 8147,  0.01996, -0.07195,  0.05858,  0.33683,  0.73421,  0.65871,  0.76753
22674, 8147,  0.01996, -0.07195,  0.05858,  0.33683,  0.73421,  0.65871,  0.76753
22675, 8146,  0.01814, -0.07307,  0.06695,  0.21666,  0.73421,  0.73309,  0.76753
22676, 8148,  0.01095, -0.07365,  0.06542,  0.21666,  0.76776,  0.73309,  0.69758
22677, 8147,  0.01996, -0.07195,  0.05858,  0.33683,  0.73421,  0.65871,  0.76753
22678, 8148,  0.01095, -0.07365,  0.06542,  0.21666,  0.76776,  0.73309,  0.69758
22679, 8149,  0.01328, -0.07236,  0.05859,  0.33683,  0.76705,  0.65871,  0.70564
22680, 8148,  0.01095, -0.07365,  0.06542,  0.21666,  0.76776,  0.73309,  0.69758
22681, 8150,  0.00725, -0.07173,  0.0598,  0.33683,  0.79846,  0.65871,  0.65987
22682, 8149,  0.01328, -0.07236,  0.05859,  0.33683,  0.76705,  0.65871,  0.70564
22683, 8148,  0.01095, -0.07365,  0.06542,  0.21666,  0.76776,  0.73309,  0.69758
22684, 8151,  0.0054, -0.07287,  0.06486,  0.21666,  0.79846,  0.73309,  0.65987
22685, 8150,  0.00725, -0.07173,  0.0598,  0.33683,  0.79846,  0.65871,  0.65987
22686, 8152,  0.00065, -0.07141,  0.06478,  0.21666,  0.82915,  0.73309,  0.62215
22687, 8150,  0.00725, -0.07173,  0.0598,  0.33683,  0.79846,  0.65871,  0.65987
22688, 8151,  0.0054, -0.07287,  0.06486,  0.21666,  0.79846,  0.73309,  0.65987
22689, 8152,  0.00065, -0.07141,  0.06478,  0.21666,  0.82915,  0.73309,  0.62215
22690, 8153,  0.00154, -0.07057,  0.06161,  0.33683,  0.82915,  0.65871,  0.62215
22691, 8150,  0.00725, -0.07173,  0.0598,  0.33683,  0.79846,  0.65871,  0.65987
22692, 8154,  0.04562, -0.06533,  0.07572,  0.33683,  0.62362,  0.73309,  0.90149
22693, 8155,  0.05556, -0.06075,  0.07855,  0.33683,  0.57124,  0.73309,  0.94501
22694, 8156,  0.0552, -0.05753,  0.08368,  0.21666,  0.57124,  0.65871,  0.94501
22695, 8154,  0.04562, -0.06533,  0.07572,  0.33683,  0.62362,  0.73309,  0.90149
22696, 8156,  0.0552, -0.05753,  0.08368,  0.21666,  0.57124,  0.65871,  0.94501
22697, 8157,  0.04492, -0.0609,  0.08113,  0.21666,  0.62015,  0.65871,  0.90437
22698, 8158,  0.06558, -0.05562,  0.08117,  0.33683,  0.51886,  0.73309,  0.98853
22699, 8156,  0.0552, -0.05753,  0.08368,  0.21666,  0.57124,  0.65871,  0.94501
22700, 8155,  0.05556, -0.06075,  0.07855,  0.33683,  0.57124,  0.73309,  0.94501
22701, 8158,  0.06558, -0.05562,  0.08117,  0.33683,  0.51886,  0.73309,  0.98853
22702, 8159,  0.06563, -0.05396,  0.08596,  0.21666,  0.51886,  0.65871,  0.98853
22703, 8156,  0.0552, -0.05753,  0.08368,  0.21666,  0.57124,  0.65871,  0.94501
22704, 8157,  0.04492, -0.0609,  0.08113,  0.21666,  0.62015,  0.65871,  0.90437
22705, 8160,  0.03584, -0.06884,  0.07244,  0.33683,  0.66214,  0.73309,  0.86948
22706, 8154,  0.04562, -0.06533,  0.07572,  0.33683,  0.62362,  0.73309,  0.90149
22707, 8157,  0.04492, -0.0609,  0.08113,  0.21666,  0.62015,  0.65871,  0.90437
22708, 8161,  0.0349, -0.06387,  0.07804,  0.21666,  0.66214,  0.65871,  0.86948
22709, 8160,  0.03584, -0.06884,  0.07244,  0.33683,  0.66214,  0.73309,  0.86948
22710, 8162,  0.02553, -0.0668,  0.07492,  0.21666,  0.69942,  0.65871,  0.82799
22711, 8160,  0.03584, -0.06884,  0.07244,  0.33683,  0.66214,  0.73309,  0.86948
22712, 8161,  0.0349, -0.06387,  0.07804,  0.21666,  0.66214,  0.65871,  0.86948
22713, 8162,  0.02553, -0.0668,  0.07492,  0.21666,  0.69942,  0.65871,  0.82799
22714, 8163,  0.02657, -0.07138,  0.06932,  0.33683,  0.70066,  0.73309,  0.83747
22715, 8160,  0.03584, -0.06884,  0.07244,  0.33683,  0.66214,  0.73309,  0.86948
22716, 8162,  0.02553, -0.0668,  0.07492,  0.21666,  0.69942,  0.65871,  0.82799
22717, 8164,  0.01814, -0.07307,  0.06695,  0.33683,  0.73421,  0.73309,  0.76753
22718, 8163,  0.02657, -0.07138,  0.06932,  0.33683,  0.70066,  0.73309,  0.83747
22719, 8162,  0.02553, -0.0668,  0.07492,  0.21666,  0.69942,  0.65871,  0.82799
22720, 8165,  0.01721, -0.07006,  0.07226,  0.21666,  0.73421,  0.65871,  0.76753
22721, 8164,  0.01814, -0.07307,  0.06695,  0.33683,  0.73421,  0.73309,  0.76753
22722, 8166,  0.0101, -0.0725,  0.07052,  0.21666,  0.76705,  0.65871,  0.70564
22723, 8164,  0.01814, -0.07307,  0.06695,  0.33683,  0.73421,  0.73309,  0.76753
22724, 8165,  0.01721, -0.07006,  0.07226,  0.21666,  0.73421,  0.65871,  0.76753
22725, 8166,  0.0101, -0.0725,  0.07052,  0.21666,  0.76705,  0.65871,  0.70564
22726, 8167,  0.01095, -0.07365,  0.06542,  0.33683,  0.76776,  0.73309,  0.69758
22727, 8164,  0.01814, -0.07307,  0.06695,  0.33683,  0.73421,  0.73309,  0.76753
22728, 8168,  0.00438, -0.07296,  0.07016,  0.21666,  0.79846,  0.65871,  0.65987
22729, 8167,  0.01095, -0.07365,  0.06542,  0.33683,  0.76776,  0.73309,  0.69758
22730, 8166,  0.0101, -0.0725,  0.07052,  0.21666,  0.76705,  0.65871,  0.70564
22731, 8168,  0.00438, -0.07296,  0.07016,  0.21666,  0.79846,  0.65871,  0.65987
22732, 8169,  0.0054, -0.07287,  0.06486,  0.33683,  0.79846,  0.73309,  0.65987
22733, 8167,  0.01095, -0.07365,  0.06542,  0.33683,  0.76776,  0.73309,  0.69758
22734, 8170, -0.00066, -0.07243,  0.07048,  0.21666,  0.82915,  0.65871,  0.62215
22735, 8169,  0.0054, -0.07287,  0.06486,  0.33683,  0.79846,  0.73309,  0.65987
22736, 8168,  0.00438, -0.07296,  0.07016,  0.21666,  0.79846,  0.65871,  0.65987
22737, 8170, -0.00066, -0.07243,  0.07048,  0.21666,  0.82915,  0.65871,  0.62215
22738, 8171,  0.00065, -0.07141,  0.06478,  0.33683,  0.82915,  0.73309,  0.62215
22739, 8169,  0.0054, -0.07287,  0.06486,  0.33683,  0.79846,  0.73309,  0.65987
22740, 8172, -0.00645, -0.07374,  0.07918,  0.2103,  0.73626,  0.72544,  0.78209
22741, 8173, -0.00479, -0.0726,  0.07477,  0.28609,  0.73447,  0.78604,  0.78209
22742, 8174,  0.00184, -0.07146,  0.07449,  0.28609,  0.70483,  0.78604,  0.73278
22743, 8172, -0.00645, -0.07374,  0.07918,  0.2103,  0.73626,  0.72544,  0.78209
22744, 8174,  0.00184, -0.07146,  0.07449,  0.28609,  0.70483,  0.78604,  0.73278
22745, 8175, -0.00078, -0.07329,  0.07877,  0.2103,  0.70483,  0.72544,  0.73278
22746, 8175, -0.00078, -0.07329,  0.07877,  0.2103,  0.70483,  0.72544,  0.73278
22747, 8174,  0.00184, -0.07146,  0.07449,  0.28609,  0.70483,  0.78604,  0.73278
22748, 8176,  0.00791, -0.07009,  0.07482,  0.28609,  0.67076,  0.78604,  0.68399
22749, 8175, -0.00078, -0.07329,  0.07877,  0.2103,  0.70483,  0.72544,  0.73278
22750, 8176,  0.00791, -0.07009,  0.07482,  0.28609,  0.67076,  0.78604,  0.68399
22751, 8177,  0.00464, -0.07185,  0.07872,  0.2103,  0.67341,  0.72544,  0.68399
22752, 8177,  0.00464, -0.07185,  0.07872,  0.2103,  0.67341,  0.72544,  0.68399
22753, 8176,  0.00791, -0.07009,  0.07482,  0.28609,  0.67076,  0.78604,  0.68399
22754, 8178,  0.01233, -0.0694,  0.07582,  0.28609,  0.63138,  0.78604,  0.64035
22755, 8177,  0.00464, -0.07185,  0.07872,  0.2103,  0.67341,  0.72544,  0.68399
22756, 8178,  0.01233, -0.0694,  0.07582,  0.28609,  0.63138,  0.78604,  0.64035
22757, 8179,  0.00945, -0.06976,  0.07901,  0.2103,  0.63138,  0.72544,  0.64035
22758, 8179,  0.00945, -0.06976,  0.07901,  0.2103,  0.63138,  0.72544,  0.64035
22759, 8178,  0.01233, -0.0694,  0.07582,  0.28609,  0.63138,  0.78604,  0.64035
22760, 8180,  0.01593, -0.06907,  0.07716,  0.28609,  0.58936,  0.78604,  0.59927
22761, 8179,  0.00945, -0.06976,  0.07901,  0.2103,  0.63138,  0.72544,  0.64035
22762, 8180,  0.01593, -0.06907,  0.07716,  0.28609,  0.58936,  0.78604,  0.59927
22763, 8181,  0.01397, -0.06734,  0.07947,  0.2103,  0.58936,  0.72544,  0.59927
22764, 8182, -0.01199, -0.07287,  0.07997,  0.2103,  0.76051,  0.72544,  0.82729
22765, 8173, -0.00479, -0.0726,  0.07477,  0.28609,  0.73447,  0.78604,  0.78209
22766, 8172, -0.00645, -0.07374,  0.07918,  0.2103,  0.73626,  0.72544,  0.78209
22767, 8182, -0.01199, -0.07287,  0.07997,  0.2103,  0.76051,  0.72544,  0.82729
22768, 8183, -0.01092, -0.07257,  0.07558,  0.28609,  0.76051,  0.78604,  0.82729
22769, 8173, -0.00479, -0.0726,  0.07477,  0.28609,  0.73447,  0.78604,  0.78209
22770, 8184, -0.01714, -0.07109,  0.08097,  0.2103,  0.78475,  0.72544,  0.87142
22771, 8183, -0.01092, -0.07257,  0.07558,  0.28609,  0.76051,  0.78604,  0.82729
22772, 8182, -0.01199, -0.07287,  0.07997,  0.2103,  0.76051,  0.72544,  0.82729
22773, 8184, -0.01714, -0.07109,  0.08097,  0.2103,  0.78475,  0.72544,  0.87142
22774, 8185, -0.01616, -0.07184,  0.07651,  0.28609,  0.7855,  0.78604,  0.87142
22775, 8183, -0.01092, -0.07257,  0.07558,  0.28609,  0.76051,  0.78604,  0.82729
22776, 8185, -0.01616, -0.07184,  0.07651,  0.28609,  0.7855,  0.78604,  0.87142
22777, 8184, -0.01714, -0.07109,  0.08097,  0.2103,  0.78475,  0.72544,  0.87142
22778, 8186, -0.0216, -0.06883,  0.08199,  0.2103,  0.81198,  0.72544,  0.91753
22779, 8185, -0.01616, -0.07184,  0.07651,  0.28609,  0.7855,  0.78604,  0.87142
22780, 8186, -0.0216, -0.06883,  0.08199,  0.2103,  0.81198,  0.72544,  0.91753
22781, 8187, -0.02015, -0.07084,  0.07715,  0.28609,  0.81198,  0.78604,  0.91753
22782, 8187, -0.02015, -0.07084,  0.07715,  0.28609,  0.81198,  0.78604,  0.91753
22783, 8186, -0.0216, -0.06883,  0.08199,  0.2103,  0.81198,  0.72544,  0.91753
22784, 8188, -0.02571, -0.06632,  0.08304,  0.2103,  0.83921,  0.72544,  0.96462
22785, 8187, -0.02015, -0.07084,  0.07715,  0.28609,  0.81198,  0.78604,  0.91753
22786, 8188, -0.02571, -0.06632,  0.08304,  0.2103,  0.83921,  0.72544,  0.96462
22787, 8189, -0.02351, -0.0697,  0.07765,  0.28609,  0.83921,  0.78604,  0.96462
22788, 8190,  0.00464, -0.07185,  0.07872,  0.31303,  0.66395,  0.72544,  0.68399
22789, 8191,  0.00945, -0.06976,  0.07901,  0.31303,  0.62193,  0.72544,  0.64035
22790, 8192,  0.0048, -0.0687,  0.08203,  0.21968,  0.62193,  0.66749,  0.64035
22791, 8190,  0.00464, -0.07185,  0.07872,  0.31303,  0.66395,  0.72544,  0.68399
22792, 8192,  0.0048, -0.0687,  0.08203,  0.21968,  0.62193,  0.66749,  0.64035
22793, 8193,  0.0006, -0.06999,  0.08242,  0.21968,  0.66396,  0.66749,  0.68399
22794, 8194,  0.01397, -0.06734,  0.07947,  0.31303,  0.5799,  0.72544,  0.59927
22795, 8192,  0.0048, -0.0687,  0.08203,  0.21968,  0.62193,  0.66749,  0.64035
22796, 8191,  0.00945, -0.06976,  0.07901,  0.31303,  0.62193,  0.72544,  0.64035
22797, 8194,  0.01397, -0.06734,  0.07947,  0.31303,  0.5799,  0.72544,  0.59927
22798, 8195,  0.00868, -0.06683,  0.0817,  0.21968,  0.5799,  0.66749,  0.59927
22799, 8192,  0.0048, -0.0687,  0.08203,  0.21968,  0.62193,  0.66749,  0.64035
22800, 8193,  0.0006, -0.06999,  0.08242,  0.21968,  0.66396,  0.66749,  0.68399
22801, 8196, -0.00078, -0.07329,  0.07877,  0.31303,  0.70599,  0.72544,  0.73278
22802, 8190,  0.00464, -0.07185,  0.07872,  0.31303,  0.66395,  0.72544,  0.68399
22803, 8193,  0.0006, -0.06999,  0.08242,  0.21968,  0.66396,  0.66749,  0.68399
22804, 8197, -0.00424, -0.0701,  0.08295,  0.21968,  0.70599,  0.66749,  0.73278
22805, 8196, -0.00078, -0.07329,  0.07877,  0.31303,  0.70599,  0.72544,  0.73278
22806, 8198, -0.00645, -0.07374,  0.07918,  0.31303,  0.74804,  0.72544,  0.78209
22807, 8196, -0.00078, -0.07329,  0.07877,  0.31303,  0.70599,  0.72544,  0.73278
22808, 8197, -0.00424, -0.0701,  0.08295,  0.21968,  0.70599,  0.66749,  0.73278
22809, 8198, -0.00645, -0.07374,  0.07918,  0.31303,  0.74804,  0.72544,  0.78209
22810, 8197, -0.00424, -0.0701,  0.08295,  0.21968,  0.70599,  0.66749,  0.73278
22811, 8199, -0.00932, -0.06946,  0.0836,  0.21968,  0.74619,  0.66749,  0.78209
22812, 8200, -0.01423, -0.0685,  0.08438,  0.21968,  0.78271,  0.66749,  0.82729
22813, 8198, -0.00645, -0.07374,  0.07918,  0.31303,  0.74804,  0.72544,  0.78209
22814, 8199, -0.00932, -0.06946,  0.0836,  0.21968,  0.74619,  0.66749,  0.78209
22815, 8200, -0.01423, -0.0685,  0.08438,  0.21968,  0.78271,  0.66749,  0.82729
22816, 8201, -0.01199, -0.07287,  0.07997,  0.31303,  0.78271,  0.72544,  0.82729
22817, 8198, -0.00645, -0.07374,  0.07918,  0.31303,  0.74804,  0.72544,  0.78209
22818, 8202, -0.0189, -0.06706,  0.08505,  0.21968,  0.81844,  0.66749,  0.87142
22819, 8201, -0.01199, -0.07287,  0.07997,  0.31303,  0.78271,  0.72544,  0.82729
22820, 8200, -0.01423, -0.0685,  0.08438,  0.21968,  0.78271,  0.66749,  0.82729
22821, 8202, -0.0189, -0.06706,  0.08505,  0.21968,  0.81844,  0.66749,  0.87142
22822, 8203, -0.01714, -0.07109,  0.08097,  0.31303,  0.81738,  0.72544,  0.87142
22823, 8201, -0.01199, -0.07287,  0.07997,  0.31303,  0.78271,  0.72544,  0.82729
22824, 8203, -0.01714, -0.07109,  0.08097,  0.31303,  0.81738,  0.72544,  0.87142
22825, 8202, -0.0189, -0.06706,  0.08505,  0.21968,  0.81844,  0.66749,  0.87142
22826, 8204, -0.02325, -0.06499,  0.0854,  0.21968,  0.85631,  0.66749,  0.91753
22827, 8203, -0.01714, -0.07109,  0.08097,  0.31303,  0.81738,  0.72544,  0.87142
22828, 8204, -0.02325, -0.06499,  0.0854,  0.21968,  0.85631,  0.66749,  0.91753
22829, 8205, -0.0216, -0.06883,  0.08199,  0.31303,  0.85631,  0.72544,  0.91753
22830, 8205, -0.0216, -0.06883,  0.08199,  0.31303,  0.85631,  0.72544,  0.91753
22831, 8204, -0.02325, -0.06499,  0.0854,  0.21968,  0.85631,  0.66749,  0.91753
22832, 8206, -0.02744, -0.06262,  0.08559,  0.21968,  0.89525,  0.66749,  0.96462
22833, 8205, -0.0216, -0.06883,  0.08199,  0.31303,  0.85631,  0.72544,  0.91753
22834, 8206, -0.02744, -0.06262,  0.08559,  0.21968,  0.89525,  0.66749,  0.96462
22835, 8207, -0.02571, -0.06632,  0.08304,  0.31303,  0.89525,  0.72544,  0.96462
22836, 8208,  0.03968, -0.06554,  0.05519,  0.25228,  0.84248,  0.14847,  0.64982
22837, 8209,  0.03726, -0.06537,  0.04711,  0.34563,  0.83391,  0.20033,  0.65803
22838, 8210,  0.04373, -0.06222,  0.04483,  0.34563,  0.91565,  0.19943,  0.57805
22839, 8208,  0.03968, -0.06554,  0.05519,  0.25228,  0.84248,  0.14847,  0.64982
22840, 8210,  0.04373, -0.06222,  0.04483,  0.34563,  0.91565,  0.19943,  0.57805
22841, 8211,  0.04755, -0.06212,  0.05421,  0.25228,  0.91565,  0.14847,  0.57845
22842, 8211,  0.04755, -0.06212,  0.05421,  0.25228,  0.91565,  0.14847,  0.57845
22843, 8210,  0.04373, -0.06222,  0.04483,  0.34563,  0.91565,  0.19943,  0.57805
22844, 8212,  0.05081, -0.05859,  0.04238,  0.34563,  0.99739,  0.20018,  0.49843
22845, 8211,  0.04755, -0.06212,  0.05421,  0.25228,  0.91565,  0.14847,  0.57845
22846, 8212,  0.05081, -0.05859,  0.04238,  0.34563,  0.99739,  0.20018,  0.49843
22847, 8213,  0.05604, -0.05811,  0.05291,  0.25228,  0.99739,  0.14847,  0.49887
22848, 8208,  0.03968, -0.06554,  0.05519,  0.25228,  0.84248,  0.14847,  0.64982
22849, 8214,  0.03202, -0.06755,  0.04903,  0.34563,  0.78646,  0.20033,  0.70477
22850, 8209,  0.03726, -0.06537,  0.04711,  0.34563,  0.83391,  0.20033,  0.65803
22851, 8208,  0.03968, -0.06554,  0.05519,  0.25228,  0.84248,  0.14847,  0.64982
22852, 8215,  0.03308, -0.06776,  0.05555,  0.25228,  0.78646,  0.14847,  0.70477
22853, 8214,  0.03202, -0.06755,  0.04903,  0.34563,  0.78646,  0.20033,  0.70477
22854, 8216,  0.02781, -0.06909,  0.05577,  0.25228,  0.74444,  0.14847,  0.74616
22855, 8214,  0.03202, -0.06755,  0.04903,  0.34563,  0.78646,  0.20033,  0.70477
22856, 8215,  0.03308, -0.06776,  0.05555,  0.25228,  0.78646,  0.14847,  0.70477
22857, 8216,  0.02781, -0.06909,  0.05577,  0.25228,  0.74444,  0.14847,  0.74616
22858, 8217,  0.02762, -0.06904,  0.05069,  0.34563,  0.73901,  0.20033,  0.75151
22859, 8214,  0.03202, -0.06755,  0.04903,  0.34563,  0.78646,  0.20033,  0.70477
22860, 8216,  0.02781, -0.06909,  0.05577,  0.25228,  0.74444,  0.14847,  0.74616
22861, 8218,  0.02374, -0.07011,  0.0521,  0.34563,  0.7133,  0.20033,  0.77683
22862, 8217,  0.02762, -0.06904,  0.05069,  0.34563,  0.73901,  0.20033,  0.75151
22863, 8216,  0.02781, -0.06909,  0.05577,  0.25228,  0.74444,  0.14847,  0.74616
22864, 8219,  0.02395, -0.06983,  0.05635,  0.25228,  0.7133,  0.14847,  0.77683
22865, 8218,  0.02374, -0.07011,  0.0521,  0.34563,  0.7133,  0.20033,  0.77683
22866, 8220,  0.01982, -0.07096,  0.05371,  0.34563,  0.68759,  0.20033,  0.80215
22867, 8218,  0.02374, -0.07011,  0.0521,  0.34563,  0.7133,  0.20033,  0.77683
22868, 8219,  0.02395, -0.06983,  0.05635,  0.25228,  0.7133,  0.14847,  0.77683
22869, 8220,  0.01982, -0.07096,  0.05371,  0.34563,  0.68759,  0.20033,  0.80215
22870, 8219,  0.02395, -0.06983,  0.05635,  0.25228,  0.7133,  0.14847,  0.77683
22871, 8221,  0.02063, -0.0704,  0.05736,  0.25228,  0.68388,  0.14847,  0.80496
22872, 8221,  0.02063, -0.0704,  0.05736,  0.25228,  0.68388,  0.14847,  0.80496
22873, 8222,  0.01529, -0.07181,  0.05594,  0.34563,  0.64704,  0.20033,  0.83871
22874, 8220,  0.01982, -0.07096,  0.05371,  0.34563,  0.68759,  0.20033,  0.80215
22875, 8221,  0.02063, -0.0704,  0.05736,  0.25228,  0.68388,  0.14847,  0.80496
22876, 8223,  0.01697, -0.07121,  0.05885,  0.25228,  0.64704,  0.14847,  0.83871
22877, 8222,  0.01529, -0.07181,  0.05594,  0.34563,  0.64704,  0.20033,  0.83871
22878, 8224,  0.01315, -0.07214,  0.06059,  0.25228,  0.60649,  0.14847,  0.87526
22879, 8222,  0.01529, -0.07181,  0.05594,  0.34563,  0.64704,  0.20033,  0.83871
22880, 8223,  0.01697, -0.07121,  0.05885,  0.25228,  0.64704,  0.14847,  0.83871
22881, 8224,  0.01315, -0.07214,  0.06059,  0.25228,  0.60649,  0.14847,  0.87526
22882, 8225,  0.01046, -0.07266,  0.05849,  0.34563,  0.60649,  0.20033,  0.87526
22883, 8222,  0.01529, -0.07181,  0.05594,  0.34563,  0.64704,  0.20033,  0.83871
22884, 8226,  0.02762, -0.06904,  0.05069,  0.01364,  0.76486,  0.14847,  0.75151
22885, 8227,  0.0275, -0.06748,  0.0466,  0.09089,  0.76704,  0.20033,  0.74616
22886, 8228,  0.03122, -0.0656,  0.04437,  0.09089,  0.80828,  0.20033,  0.70477
22887, 8226,  0.02762, -0.06904,  0.05069,  0.01364,  0.76486,  0.14847,  0.75151
22888, 8228,  0.03122, -0.0656,  0.04437,  0.09089,  0.80828,  0.20033,  0.70477
22889, 8229,  0.03202, -0.06755,  0.04903,  0.01364,  0.80828,  0.14847,  0.70477
22890, 8229,  0.03202, -0.06755,  0.04903,  0.01364,  0.80828,  0.14847,  0.70477
22891, 8228,  0.03122, -0.0656,  0.04437,  0.09089,  0.80828,  0.20033,  0.70477
22892, 8230,  0.03556, -0.06332,  0.04159,  0.09089,  0.85907,  0.20033,  0.65803
22893, 8229,  0.03202, -0.06755,  0.04903,  0.01364,  0.80828,  0.14847,  0.70477
22894, 8230,  0.03556, -0.06332,  0.04159,  0.09089,  0.85907,  0.20033,  0.65803
22895, 8231,  0.03726, -0.06537,  0.04711,  0.01364,  0.85171,  0.14847,  0.65803
22896, 8227,  0.0275, -0.06748,  0.0466,  0.09089,  0.76704,  0.20033,  0.74616
22897, 8226,  0.02762, -0.06904,  0.05069,  0.01364,  0.76486,  0.14847,  0.75151
22898, 8232,  0.02374, -0.07011,  0.0521,  0.01364,  0.73018,  0.14847,  0.77683
22899, 8227,  0.0275, -0.06748,  0.0466,  0.09089,  0.76704,  0.20033,  0.74616
22900, 8232,  0.02374, -0.07011,  0.0521,  0.01364,  0.73018,  0.14847,  0.77683
22901, 8233,  0.02376, -0.06903,  0.04829,  0.09089,  0.73018,  0.20033,  0.77683
22902, 8234,  0.01947, -0.07034,  0.05013,  0.09089,  0.69304,  0.20033,  0.80496
22903, 8233,  0.02376, -0.06903,  0.04829,  0.09089,  0.73018,  0.20033,  0.77683
22904, 8232,  0.02374, -0.07011,  0.0521,  0.01364,  0.73018,  0.14847,  0.77683
22905, 8234,  0.01947, -0.07034,  0.05013,  0.09089,  0.69304,  0.20033,  0.80496
22906, 8232,  0.02374, -0.07011,  0.0521,  0.01364,  0.73018,  0.14847,  0.77683
22907, 8235,  0.01982, -0.07096,  0.05371,  0.01364,  0.6955,  0.14847,  0.80215
22908, 8235,  0.01982, -0.07096,  0.05371,  0.01364,  0.6955,  0.14847,  0.80215
22909, 8236,  0.01405, -0.07149,  0.05285,  0.09089,  0.65099,  0.20033,  0.83871
22910, 8234,  0.01947, -0.07034,  0.05013,  0.09089,  0.69304,  0.20033,  0.80496
22911, 8235,  0.01982, -0.07096,  0.05371,  0.01364,  0.6955,  0.14847,  0.80215
22912, 8237,  0.01529, -0.07181,  0.05594,  0.01364,  0.65099,  0.14847,  0.83871
22913, 8236,  0.01405, -0.07149,  0.05285,  0.09089,  0.65099,  0.20033,  0.83871
22914, 8238,  0.00806, -0.07256,  0.056,  0.09089,  0.60649,  0.20033,  0.87526
22915, 8236,  0.01405, -0.07149,  0.05285,  0.09089,  0.65099,  0.20033,  0.83871
22916, 8237,  0.01529, -0.07181,  0.05594,  0.01364,  0.65099,  0.14847,  0.83871
22917, 8238,  0.00806, -0.07256,  0.056,  0.09089,  0.60649,  0.20033,  0.87526
22918, 8237,  0.01529, -0.07181,  0.05594,  0.01364,  0.65099,  0.14847,  0.83871
22919, 8239,  0.01046, -0.07266,  0.05849,  0.01364,  0.60649,  0.14847,  0.87526
22920, 8240, -0.03197, -0.05223,  0.09119,  0.29024,  0.83547,  0.73211,  0.84408
22921, 8241, -0.0302, -0.0586,  0.08708,  0.29024,  0.81557,  0.73211,  0.82433
22922, 8242, -0.0275, -0.06113,  0.08706,  0.23838,  0.81557,  0.68025,  0.82433
22923, 8240, -0.03197, -0.05223,  0.09119,  0.29024,  0.83547,  0.73211,  0.84408
22924, 8242, -0.0275, -0.06113,  0.08706,  0.23838,  0.81557,  0.68025,  0.82433
22925, 8243, -0.02998, -0.05538,  0.09058,  0.23838,  0.83547,  0.68025,  0.84408
22926, 7993, -0.02846, -0.06401,  0.08322,  0.29024,  0.79567,  0.73211,  0.80458
22927, 8242, -0.0275, -0.06113,  0.08706,  0.23838,  0.81557,  0.68025,  0.82433
22928, 8241, -0.0302, -0.0586,  0.08708,  0.29024,  0.81557,  0.73211,  0.82433
22929, 7993, -0.02846, -0.06401,  0.08322,  0.29024,  0.79567,  0.73211,  0.80458
22930, 7992, -0.02515, -0.06595,  0.08369,  0.23838,  0.79334,  0.68025,  0.80226
22931, 8242, -0.0275, -0.06113,  0.08706,  0.23838,  0.81557,  0.68025,  0.82433
22932, 8244,  0.0216, -0.07038,  0.05082,  0.20062,  0.90666,  0.65013,  0.90456
22933, 8245,  0.01893, -0.07138,  0.04744,  0.1333,  0.90195,  0.71703,  0.90469
22934, 8246,  0.02435, -0.069,  0.04461,  0.1333,  0.94832,  0.71703,  0.94661
22935, 8244,  0.0216, -0.07038,  0.05082,  0.20062,  0.90666,  0.65013,  0.90456
22936, 8246,  0.02435, -0.069,  0.04461,  0.1333,  0.94832,  0.71703,  0.94661
22937, 8247,  0.02548, -0.06881,  0.04804,  0.20062,  0.94802,  0.65013,  0.94703
22938, 8247,  0.02548, -0.06881,  0.04804,  0.20062,  0.94802,  0.65013,  0.94703
22939, 8246,  0.02435, -0.069,  0.04461,  0.1333,  0.94832,  0.71703,  0.94661
22940, 8248,  0.02978, -0.06631,  0.04213,  0.1333,  0.99469,  0.71703,  0.98853
22941, 8247,  0.02548, -0.06881,  0.04804,  0.20062,  0.94802,  0.65013,  0.94703
22942, 8248,  0.02978, -0.06631,  0.04213,  0.1333,  0.99469,  0.71703,  0.98853
22943, 8249,  0.02921, -0.067,  0.04531,  0.20062,  0.99469,  0.65013,  0.98853
22944, 8245,  0.01893, -0.07138,  0.04744,  0.1333,  0.90195,  0.71703,  0.90469
22945, 8244,  0.0216, -0.07038,  0.05082,  0.20062,  0.90666,  0.65013,  0.90456
22946, 8250,  0.01743, -0.07147,  0.05366,  0.20062,  0.87595,  0.65013,  0.86018
22947, 8245,  0.01893, -0.07138,  0.04744,  0.1333,  0.90195,  0.71703,  0.90469
22948, 8250,  0.01743, -0.07147,  0.05366,  0.20062,  0.87595,  0.65013,  0.86018
22949, 8251,  0.01351, -0.07315,  0.05094,  0.1333,  0.87626,  0.71703,  0.85927
22950, 8252,  0.0088, -0.07427,  0.0549,  0.1333,  0.85057,  0.71703,  0.81385
22951, 8251,  0.01351, -0.07315,  0.05094,  0.1333,  0.87626,  0.71703,  0.85927
22952, 8250,  0.01743, -0.07147,  0.05366,  0.20062,  0.87595,  0.65013,  0.86018
22953, 8252,  0.0088, -0.07427,  0.0549,  0.1333,  0.85057,  0.71703,  0.81385
22954, 8250,  0.01743, -0.07147,  0.05366,  0.20062,  0.87595,  0.65013,  0.86018
22955, 8253,  0.01355, -0.07236,  0.05689,  0.20062,  0.85069,  0.65013,  0.81726
22956, 8253,  0.01355, -0.07236,  0.05689,  0.20062,  0.85069,  0.65013,  0.81726
22957, 8254,  0.00551, -0.07468,  0.05906,  0.1333,  0.82713,  0.71703,  0.77861
22958, 8252,  0.0088, -0.07427,  0.0549,  0.1333,  0.85057,  0.71703,  0.81385
22959, 8253,  0.01355, -0.07236,  0.05689,  0.20062,  0.85069,  0.65013,  0.81726
22960, 8255,  0.01053, -0.0733,  0.06081,  0.20062,  0.82567,  0.65013,  0.77919
22961, 8254,  0.00551, -0.07468,  0.05906,  0.1333,  0.82713,  0.71703,  0.77861
22962, 8256,  0.00308, -0.07456,  0.06322,  0.1333,  0.8037,  0.71703,  0.74337
22963, 8254,  0.00551, -0.07468,  0.05906,  0.1333,  0.82713,  0.71703,  0.77861
22964, 8255,  0.01053, -0.0733,  0.06081,  0.20062,  0.82567,  0.65013,  0.77919
22965, 8256,  0.00308, -0.07456,  0.06322,  0.1333,  0.8037,  0.71703,  0.74337
22966, 8255,  0.01053, -0.0733,  0.06081,  0.20062,  0.82567,  0.65013,  0.77919
22967, 8257,  0.00819, -0.07393,  0.06473,  0.20062,  0.80075,  0.65013,  0.74332
22968, 8256,  0.00308, -0.07456,  0.06322,  0.1333,  0.8037,  0.71703,  0.74337
22969, 8257,  0.00819, -0.07393,  0.06473,  0.20062,  0.80075,  0.65013,  0.74332
22970, 8258,  0.00635, -0.07389,  0.06796,  0.20062,  0.77581,  0.65013,  0.70701
22971, 8256,  0.00308, -0.07456,  0.06322,  0.1333,  0.8037,  0.71703,  0.74337
22972, 8258,  0.00635, -0.07389,  0.06796,  0.20062,  0.77581,  0.65013,  0.70701
22973, 8259,  0.00098, -0.07406,  0.06714,  0.1333,  0.77801,  0.71703,  0.70693
22974, 8259,  0.00098, -0.07406,  0.06714,  0.1333,  0.77801,  0.71703,  0.70693
22975, 8258,  0.00635, -0.07389,  0.06796,  0.20062,  0.77581,  0.65013,  0.70701
22976, 8260,  0.00474, -0.0735,  0.07085,  0.20062,  0.75084,  0.65013,  0.67048
22977, 8259,  0.00098, -0.07406,  0.06714,  0.1333,  0.77801,  0.71703,  0.70693
22978, 8260,  0.00474, -0.0735,  0.07085,  0.20062,  0.75084,  0.65013,  0.67048
22979, 8261, -0.00095, -0.07338,  0.07095,  0.1333,  0.75232,  0.71703,  0.67048
22980, 8262,  0.01893, -0.07138,  0.04744,  0.19381,  0.90195,  0.71628,  0.90469
22981, 8263,  0.01468, -0.06837,  0.04574,  0.13222,  0.90757,  0.65678,  0.90448
22982, 8264,  0.02102, -0.06639,  0.04232,  0.13222,  0.94862,  0.65678,  0.94687
22983, 8262,  0.01893, -0.07138,  0.04744,  0.19381,  0.90195,  0.71628,  0.90469
22984, 8264,  0.02102, -0.06639,  0.04232,  0.13222,  0.94862,  0.65678,  0.94687
22985, 8265,  0.02435, -0.069,  0.04461,  0.19381,  0.94832,  0.71628,  0.94661
22986, 8265,  0.02435, -0.069,  0.04461,  0.19381,  0.94832,  0.71628,  0.94661
22987, 8264,  0.02102, -0.06639,  0.04232,  0.13222,  0.94862,  0.65678,  0.94687
22988, 8266,  0.02755, -0.06456,  0.03907,  0.13222,  0.99469,  0.65678,  0.98853
22989, 8265,  0.02435, -0.069,  0.04461,  0.19381,  0.94832,  0.71628,  0.94661
22990, 8266,  0.02755, -0.06456,  0.03907,  0.13222,  0.99469,  0.65678,  0.98853
22991, 8267,  0.02978, -0.06631,  0.04213,  0.19381,  0.99469,  0.71628,  0.98853
22992, 8263,  0.01468, -0.06837,  0.04574,  0.13222,  0.90757,  0.65678,  0.90448
22993, 8262,  0.01893, -0.07138,  0.04744,  0.19381,  0.90195,  0.71628,  0.90469
22994, 8268,  0.01351, -0.07315,  0.05094,  0.19381,  0.87626,  0.71628,  0.85927
22995, 8263,  0.01468, -0.06837,  0.04574,  0.13222,  0.90757,  0.65678,  0.90448
22996, 8268,  0.01351, -0.07315,  0.05094,  0.19381,  0.87626,  0.71628,  0.85927
22997, 8269,  0.00873, -0.07066,  0.04947,  0.13222,  0.87656,  0.65678,  0.8606
22998, 8270,  0.00379, -0.07261,  0.05351,  0.13222,  0.85121,  0.65678,  0.81918
22999, 8269,  0.00873, -0.07066,  0.04947,  0.13222,  0.87656,  0.65678,  0.8606
23000, 8268,  0.01351, -0.07315,  0.05094,  0.19381,  0.87626,  0.71628,  0.85927
23001, 8270,  0.00379, -0.07261,  0.05351,  0.13222,  0.85121,  0.65678,  0.81918
23002, 8268,  0.01351, -0.07315,  0.05094,  0.19381,  0.87626,  0.71628,  0.85927
23003, 8271,  0.0088, -0.07427,  0.0549,  0.19381,  0.85057,  0.71628,  0.81385
23004, 8271,  0.0088, -0.07427,  0.0549,  0.19381,  0.85057,  0.71628,  0.81385
23005, 8272,  0.00048, -0.07356,  0.05784,  0.13222,  0.82713,  0.65678,  0.78414
23006, 8270,  0.00379, -0.07261,  0.05351,  0.13222,  0.85121,  0.65678,  0.81918
23007, 8271,  0.0088, -0.07427,  0.0549,  0.19381,  0.85057,  0.71628,  0.81385
23008, 8273,  0.00551, -0.07468,  0.05906,  0.19381,  0.82713,  0.71628,  0.77861
23009, 8272,  0.00048, -0.07356,  0.05784,  0.13222,  0.82713,  0.65678,  0.78414
23010, 8274, -0.00187, -0.07379,  0.06223,  0.13222,  0.80313,  0.65678,  0.75056
23011, 8272,  0.00048, -0.07356,  0.05784,  0.13222,  0.82713,  0.65678,  0.78414
23012, 8273,  0.00551, -0.07468,  0.05906,  0.19381,  0.82713,  0.71628,  0.77861
23013, 8274, -0.00187, -0.07379,  0.06223,  0.13222,  0.80313,  0.65678,  0.75056
23014, 8273,  0.00551, -0.07468,  0.05906,  0.19381,  0.82713,  0.71628,  0.77861
23015, 8275,  0.00308, -0.07456,  0.06322,  0.19381,  0.8037,  0.71628,  0.74337
23016, 8275,  0.00308, -0.07456,  0.06322,  0.19381,  0.8037,  0.71628,  0.74337
23017, 8276, -0.00392, -0.07358,  0.06644,  0.13222,  0.77801,  0.65678,  0.71354
23018, 8274, -0.00187, -0.07379,  0.06223,  0.13222,  0.80313,  0.65678,  0.75056
23019, 8275,  0.00308, -0.07456,  0.06322,  0.19381,  0.8037,  0.71628,  0.74337
23020, 8277,  0.00098, -0.07406,  0.06714,  0.19381,  0.77801,  0.71628,  0.70693
23021, 8276, -0.00392, -0.07358,  0.06644,  0.13222,  0.77801,  0.65678,  0.71354
23022, 8278, -0.00095, -0.07338,  0.07095,  0.19381,  0.75232,  0.71628,  0.67048
23023, 8276, -0.00392, -0.07358,  0.06644,  0.13222,  0.77801,  0.65678,  0.71354
23024, 8277,  0.00098, -0.07406,  0.06714,  0.19381,  0.77801,  0.71628,  0.70693
23025, 8278, -0.00095, -0.07338,  0.07095,  0.19381,  0.75232,  0.71628,  0.67048
23026, 8279, -0.00581, -0.07316,  0.07057,  0.13222,  0.75232,  0.65678,  0.6748
23027, 8276, -0.00392, -0.07358,  0.06644,  0.13222,  0.77801,  0.65678,  0.71354
23028, 8280, -0.03904, -0.03656,  0.10509,  0.37256,  0.80716,  0.78274,  0.88192
23029, 8281, -0.04136, -0.03267,  0.10642,  0.28572,  0.80716,  0.72729,  0.88192
23030, 8282, -0.04418, -0.02958,  0.10641,  0.28572,  0.88348,  0.72729,  0.97373
23031, 8280, -0.03904, -0.03656,  0.10509,  0.37256,  0.80716,  0.78274,  0.88192
23032, 8282, -0.04418, -0.02958,  0.10641,  0.28572,  0.88348,  0.72729,  0.97373
23033, 8283, -0.04295, -0.03157,  0.10548,  0.37256,  0.88348,  0.78274,  0.97373
23034, 8284, -0.04327, -0.0287,  0.10768,  0.19888,  0.80413,  0.67184,  0.87828
23035, 8282, -0.04418, -0.02958,  0.10641,  0.28572,  0.88348,  0.72729,  0.97373
23036, 8281, -0.04136, -0.03267,  0.10642,  0.28572,  0.80716,  0.72729,  0.88192
23037, 8284, -0.04327, -0.0287,  0.10768,  0.19888,  0.80413,  0.67184,  0.87828
23038, 8285, -0.04541, -0.02728,  0.10735,  0.19888,  0.88348,  0.67184,  0.97373
23039, 8282, -0.04418, -0.02958,  0.10641,  0.28572,  0.88348,  0.72729,  0.97373
23040, 8286, -0.03899, -0.02956,  0.10616,  0.19888,  0.74901,  0.67184,  0.81197
23041, 8284, -0.04327, -0.0287,  0.10768,  0.19888,  0.80413,  0.67184,  0.87828
23042, 8281, -0.04136, -0.03267,  0.10642,  0.28572,  0.80716,  0.72729,  0.88192
23043, 8286, -0.03899, -0.02956,  0.10616,  0.19888,  0.74901,  0.67184,  0.81197
23044, 8281, -0.04136, -0.03267,  0.10642,  0.28572,  0.80716,  0.72729,  0.88192
23045, 8287, -0.03739, -0.03431,  0.10455,  0.28572,  0.74111,  0.72729,  0.80248
23046, 8287, -0.03739, -0.03431,  0.10455,  0.28572,  0.74111,  0.72729,  0.80248
23047, 8281, -0.04136, -0.03267,  0.10642,  0.28572,  0.80716,  0.72729,  0.88192
23048, 8280, -0.03904, -0.03656,  0.10509,  0.37256,  0.80716,  0.78274,  0.88192
23049, 8288, -0.03385, -0.02929,  0.10321,  0.19888,  0.63074,  0.67184,  0.66971
23050, 8286, -0.03899, -0.02956,  0.10616,  0.19888,  0.74901,  0.67184,  0.81197
23051, 8287, -0.03739, -0.03431,  0.10455,  0.28572,  0.74111,  0.72729,  0.80248
23052, 8288, -0.03385, -0.02929,  0.10321,  0.19888,  0.63074,  0.67184,  0.66971
23053, 8287, -0.03739, -0.03431,  0.10455,  0.28572,  0.74111,  0.72729,  0.80248
23054, 8289, -0.03287, -0.03367,  0.10168,  0.28572,  0.63074,  0.72729,  0.66971
23055, 8290, -0.03269, -0.03819,  0.10015,  0.37256,  0.63074,  0.78274,  0.66971
23056, 8289, -0.03287, -0.03367,  0.10168,  0.28572,  0.63074,  0.72729,  0.66971
23057, 8287, -0.03739, -0.03431,  0.10455,  0.28572,  0.74111,  0.72729,  0.80248
23058, 8290, -0.03269, -0.03819,  0.10015,  0.37256,  0.63074,  0.78274,  0.66971
23059, 8287, -0.03739, -0.03431,  0.10455,  0.28572,  0.74111,  0.72729,  0.80248
23060, 8291, -0.0359, -0.03903,  0.10287,  0.37256,  0.74111,  0.78274,  0.80248
23061, 8287, -0.03739, -0.03431,  0.10455,  0.28572,  0.74111,  0.72729,  0.80248
23062, 8280, -0.03904, -0.03656,  0.10509,  0.37256,  0.80716,  0.78274,  0.88192
23063, 8291, -0.0359, -0.03903,  0.10287,  0.37256,  0.74111,  0.78274,  0.80248
23064, 8292, -0.04276, -0.01984,  0.109,  0.21848,  0.75093,  0.64655,  0.74395
23065, 8293, -0.04082, -0.02472,  0.10762,  0.29768,  0.75093,  0.69712,  0.74395
23066, 8294, -0.03643, -0.02517,  0.1047,  0.29768,  0.64165,  0.69712,  0.65616
23067, 8292, -0.04276, -0.01984,  0.109,  0.21848,  0.75093,  0.64655,  0.74395
23068, 8294, -0.03643, -0.02517,  0.1047,  0.29768,  0.64165,  0.69712,  0.65616
23069, 8295, -0.03981, -0.02117,  0.10618,  0.21848,  0.64165,  0.64655,  0.65616
23070, 8296, -0.03385, -0.02929,  0.10321,  0.37687,  0.64165,  0.74768,  0.65616
23071, 8294, -0.03643, -0.02517,  0.1047,  0.29768,  0.64165,  0.69712,  0.65616
23072, 8293, -0.04082, -0.02472,  0.10762,  0.29768,  0.75093,  0.69712,  0.74395
23073, 8296, -0.03385, -0.02929,  0.10321,  0.37687,  0.64165,  0.74768,  0.65616
23074, 8293, -0.04082, -0.02472,  0.10762,  0.29768,  0.75093,  0.69712,  0.74395
23075, 8297, -0.03899, -0.02956,  0.10616,  0.37687,  0.75874,  0.74768,  0.75023
23076, 8297, -0.03899, -0.02956,  0.10616,  0.37687,  0.75874,  0.74768,  0.75023
23077, 8293, -0.04082, -0.02472,  0.10762,  0.29768,  0.75093,  0.69712,  0.74395
23078, 8298, -0.04435, -0.0246,  0.10884,  0.29768,  0.81632,  0.69712,  0.79648
23079, 8292, -0.04276, -0.01984,  0.109,  0.21848,  0.75093,  0.64655,  0.74395
23080, 8298, -0.04435, -0.0246,  0.10884,  0.29768,  0.81632,  0.69712,  0.79648
23081, 8293, -0.04082, -0.02472,  0.10762,  0.29768,  0.75093,  0.69712,  0.74395
23082, 8297, -0.03899, -0.02956,  0.10616,  0.37687,  0.75874,  0.74768,  0.75023
23083, 8298, -0.04435, -0.0246,  0.10884,  0.29768,  0.81632,  0.69712,  0.79648
23084, 8299, -0.04327, -0.0287,  0.10768,  0.37687,  0.81332,  0.74768,  0.79407
23085, 8292, -0.04276, -0.01984,  0.109,  0.21848,  0.75093,  0.64655,  0.74395
23086, 8300, -0.04502, -0.02042,  0.10993,  0.21848,  0.81632,  0.64655,  0.79648
23087, 8298, -0.04435, -0.0246,  0.10884,  0.29768,  0.81632,  0.69712,  0.79648
23088, 8299, -0.04327, -0.0287,  0.10768,  0.37687,  0.81332,  0.74768,  0.79407
23089, 8298, -0.04435, -0.0246,  0.10884,  0.29768,  0.81632,  0.69712,  0.79648
23090, 8301, -0.04664, -0.02438,  0.10829,  0.29768,  0.89189,  0.69712,  0.85719
23091, 8300, -0.04502, -0.02042,  0.10993,  0.21848,  0.81632,  0.64655,  0.79648
23092, 8301, -0.04664, -0.02438,  0.10829,  0.29768,  0.89189,  0.69712,  0.85719
23093, 8298, -0.04435, -0.0246,  0.10884,  0.29768,  0.81632,  0.69712,  0.79648
23094, 8299, -0.04327, -0.0287,  0.10768,  0.37687,  0.81332,  0.74768,  0.79407
23095, 8301, -0.04664, -0.02438,  0.10829,  0.29768,  0.89189,  0.69712,  0.85719
23096, 8302, -0.04541, -0.02728,  0.10735,  0.37687,  0.89189,  0.74768,  0.85719
23097, 8300, -0.04502, -0.02042,  0.10993,  0.21848,  0.81632,  0.64655,  0.79648
23098, 8303, -0.04787, -0.02117,  0.10924,  0.21848,  0.89189,  0.64655,  0.85719
23099, 8301, -0.04664, -0.02438,  0.10829,  0.29768,  0.89189,  0.69712,  0.85719
23100, 8304,  0.00674, -0.07569,  0.07405,  0.21443,  0.74804,  0.47983,  0.66958
23101, 8305,  0.00967, -0.07324,  0.06973,  0.28196,  0.74619,  0.52987,  0.67386
23102, 8306,  0.01619, -0.07098,  0.07162,  0.28196,  0.70599,  0.52987,  0.64046
23103, 8304,  0.00674, -0.07569,  0.07405,  0.21443,  0.74804,  0.47983,  0.66958
23104, 8306,  0.01619, -0.07098,  0.07162,  0.28196,  0.70599,  0.52987,  0.64046
23105, 8307,  0.01214, -0.07437,  0.07531,  0.21443,  0.70599,  0.47983,  0.63756
23106, 8307,  0.01214, -0.07437,  0.07531,  0.21443,  0.70599,  0.47983,  0.63756
23107, 8306,  0.01619, -0.07098,  0.07162,  0.28196,  0.70599,  0.52987,  0.64046
23108, 8308,  0.02136, -0.06833,  0.07348,  0.28196,  0.66396,  0.52987,  0.60553
23109, 8307,  0.01214, -0.07437,  0.07531,  0.21443,  0.70599,  0.47983,  0.63756
23110, 8308,  0.02136, -0.06833,  0.07348,  0.28196,  0.66396,  0.52987,  0.60553
23111, 8309,  0.01659, -0.07205,  0.07631,  0.21443,  0.66395,  0.47983,  0.60553
23112, 8309,  0.01659, -0.07205,  0.07631,  0.21443,  0.66395,  0.47983,  0.60553
23113, 8308,  0.02136, -0.06833,  0.07348,  0.28196,  0.66396,  0.52987,  0.60553
23114, 8310,  0.02328, -0.06637,  0.07425,  0.28196,  0.62193,  0.52987,  0.57061
23115, 8309,  0.01659, -0.07205,  0.07631,  0.21443,  0.66395,  0.47983,  0.60553
23116, 8310,  0.02328, -0.06637,  0.07425,  0.28196,  0.62193,  0.52987,  0.57061
23117, 8311,  0.01891, -0.06863,  0.0764,  0.21443,  0.62193,  0.47983,  0.57061
23118, 8311,  0.01891, -0.06863,  0.0764,  0.21443,  0.62193,  0.47983,  0.57061
23119, 8310,  0.02328, -0.06637,  0.07425,  0.28196,  0.62193,  0.52987,  0.57061
23120, 8312,  0.02358, -0.06476,  0.07448,  0.28196,  0.5799,  0.52987,  0.53569
23121, 8311,  0.01891, -0.06863,  0.0764,  0.21443,  0.62193,  0.47983,  0.57061
23122, 8312,  0.02358, -0.06476,  0.07448,  0.28196,  0.5799,  0.52987,  0.53569
23123, 8313,  0.02017, -0.06466,  0.07603,  0.21443,  0.5799,  0.47983,  0.53569
23124, 8314,  0.00156, -0.07609,  0.07316,  0.21443,  0.78271,  0.47983,  0.70129
23125, 8305,  0.00967, -0.07324,  0.06973,  0.28196,  0.74619,  0.52987,  0.67386
23126, 8304,  0.00674, -0.07569,  0.07405,  0.21443,  0.74804,  0.47983,  0.66958
23127, 8314,  0.00156, -0.07609,  0.07316,  0.21443,  0.78271,  0.47983,  0.70129
23128, 8315,  0.0037, -0.07402,  0.06885,  0.28196,  0.78271,  0.52987,  0.7042
23129, 8305,  0.00967, -0.07324,  0.06973,  0.28196,  0.74619,  0.52987,  0.67386
23130, 8316, -0.00389, -0.07571,  0.07284,  0.21443,  0.81738,  0.47983,  0.733
23131, 8315,  0.0037, -0.07402,  0.06885,  0.28196,  0.78271,  0.52987,  0.7042
23132, 8314,  0.00156, -0.07609,  0.07316,  0.21443,  0.78271,  0.47983,  0.70129
23133, 8316, -0.00389, -0.07571,  0.07284,  0.21443,  0.81738,  0.47983,  0.733
23134, 8317, -0.00219, -0.07383,  0.06882,  0.28196,  0.81358,  0.52987,  0.72985
23135, 8315,  0.0037, -0.07402,  0.06885,  0.28196,  0.78271,  0.52987,  0.7042
23136, 8317, -0.00219, -0.07383,  0.06882,  0.28196,  0.81358,  0.52987,  0.72985
23137, 8316, -0.00389, -0.07571,  0.07284,  0.21443,  0.81738,  0.47983,  0.733
23138, 8318, -0.01011, -0.07468,  0.07327,  0.21443,  0.83684,  0.47983,  0.74918
23139, 8317, -0.00219, -0.07383,  0.06882,  0.28196,  0.81358,  0.52987,  0.72985
23140, 8318, -0.01011, -0.07468,  0.07327,  0.21443,  0.83684,  0.47983,  0.74918
23141, 8319, -0.00847, -0.07317,  0.06943,  0.28196,  0.83684,  0.52987,  0.74918
23142, 8319, -0.00847, -0.07317,  0.06943,  0.28196,  0.83684,  0.52987,  0.74918
23143, 8318, -0.01011, -0.07468,  0.07327,  0.21443,  0.83684,  0.47983,  0.74918
23144, 8320, -0.01554, -0.07343,  0.07398,  0.21443,  0.85631,  0.47983,  0.76536
23145, 8319, -0.00847, -0.07317,  0.06943,  0.28196,  0.83684,  0.52987,  0.74918
23146, 8320, -0.01554, -0.07343,  0.07398,  0.21443,  0.85631,  0.47983,  0.76536
23147, 8321, -0.01395, -0.07241,  0.07032,  0.28196,  0.85631,  0.52987,  0.76536
23148, 8321, -0.01395, -0.07241,  0.07032,  0.28196,  0.85631,  0.52987,  0.76536
23149, 8320, -0.01554, -0.07343,  0.07398,  0.21443,  0.85631,  0.47983,  0.76536
23150, 8322, -0.01862, -0.07237,  0.07448,  0.21443,  0.87578,  0.47983,  0.78153
23151, 8321, -0.01395, -0.07241,  0.07032,  0.28196,  0.85631,  0.52987,  0.76536
23152, 8322, -0.01862, -0.07237,  0.07448,  0.21443,  0.87578,  0.47983,  0.78153
23153, 8323, -0.01741, -0.07187,  0.07111,  0.28196,  0.87578,  0.52987,  0.78153
23154, 8323, -0.01741, -0.07187,  0.07111,  0.28196,  0.87578,  0.52987,  0.78153
23155, 8322, -0.01862, -0.07237,  0.07448,  0.21443,  0.87578,  0.47983,  0.78153
23156, 8324, -0.02052, -0.07142,  0.07487,  0.21443,  0.89525,  0.47983,  0.79771
23157, 8323, -0.01741, -0.07187,  0.07111,  0.28196,  0.87578,  0.52987,  0.78153
23158, 8324, -0.02052, -0.07142,  0.07487,  0.21443,  0.89525,  0.47983,  0.79771
23159, 8325, -0.01986, -0.07144,  0.07184,  0.28196,  0.89525,  0.52987,  0.79771
23160, 8326,  0.01659, -0.07205,  0.07631,  0.28196,  0.66395,  0.52029,  0.70149
23161, 8327,  0.01891, -0.06863,  0.0764,  0.28196,  0.62193,  0.52029,  0.66657
23162, 8328,  0.01207, -0.06765,  0.07862,  0.21443,  0.62193,  0.46843,  0.66657
23163, 8326,  0.01659, -0.07205,  0.07631,  0.28196,  0.66395,  0.52029,  0.70149
23164, 8328,  0.01207, -0.06765,  0.07862,  0.21443,  0.62193,  0.46843,  0.66657
23165, 8329,  0.00953, -0.07047,  0.07869,  0.21443,  0.66396,  0.46843,  0.70149
23166, 8330,  0.02017, -0.06466,  0.07603,  0.28196,  0.5799,  0.52029,  0.63165
23167, 8328,  0.01207, -0.06765,  0.07862,  0.21443,  0.62193,  0.46843,  0.66657
23168, 8327,  0.01891, -0.06863,  0.0764,  0.28196,  0.62193,  0.52029,  0.66657
23169, 8330,  0.02017, -0.06466,  0.07603,  0.28196,  0.5799,  0.52029,  0.63165
23170, 8331,  0.01431, -0.06428,  0.07822,  0.21443,  0.5799,  0.46843,  0.63165
23171, 8328,  0.01207, -0.06765,  0.07862,  0.21443,  0.62193,  0.46843,  0.66657
23172, 8329,  0.00953, -0.07047,  0.07869,  0.21443,  0.66396,  0.46843,  0.70149
23173, 8332,  0.01214, -0.07437,  0.07531,  0.28196,  0.70599,  0.52029,  0.73642
23174, 8326,  0.01659, -0.07205,  0.07631,  0.28196,  0.66395,  0.52029,  0.70149
23175, 8329,  0.00953, -0.07047,  0.07869,  0.21443,  0.66396,  0.46843,  0.70149
23176, 8333,  0.00641, -0.07221,  0.0781,  0.21443,  0.70599,  0.46843,  0.73642
23177, 8332,  0.01214, -0.07437,  0.07531,  0.28196,  0.70599,  0.52029,  0.73642
23178, 8334,  0.00674, -0.07569,  0.07405,  0.28196,  0.74804,  0.52029,  0.77135
23179, 8332,  0.01214, -0.07437,  0.07531,  0.28196,  0.70599,  0.52029,  0.73642
23180, 8333,  0.00641, -0.07221,  0.0781,  0.21443,  0.70599,  0.46843,  0.73642
23181, 8334,  0.00674, -0.07569,  0.07405,  0.28196,  0.74804,  0.52029,  0.77135
23182, 8333,  0.00641, -0.07221,  0.0781,  0.21443,  0.70599,  0.46843,  0.73642
23183, 8335,  0.00278, -0.07322,  0.07728,  0.21443,  0.74619,  0.46843,  0.76982
23184, 8336, -0.00125, -0.07385,  0.07668,  0.21443,  0.78271,  0.46843,  0.80016
23185, 8334,  0.00674, -0.07569,  0.07405,  0.28196,  0.74804,  0.52029,  0.77135
23186, 8335,  0.00278, -0.07322,  0.07728,  0.21443,  0.74619,  0.46843,  0.76982
23187, 8336, -0.00125, -0.07385,  0.07668,  0.21443,  0.78271,  0.46843,  0.80016
23188, 8337,  0.00156, -0.07609,  0.07316,  0.28196,  0.78271,  0.52029,  0.80016
23189, 8334,  0.00674, -0.07569,  0.07405,  0.28196,  0.74804,  0.52029,  0.77135
23190, 8338, -0.00584, -0.07393,  0.0764,  0.21443,  0.81358,  0.46843,  0.82581
23191, 8337,  0.00156, -0.07609,  0.07316,  0.28196,  0.78271,  0.52029,  0.80016
23192, 8336, -0.00125, -0.07385,  0.07668,  0.21443,  0.78271,  0.46843,  0.80016
23193, 8338, -0.00584, -0.07393,  0.0764,  0.21443,  0.81358,  0.46843,  0.82581
23194, 8339, -0.00389, -0.07571,  0.07284,  0.28196,  0.81738,  0.52029,  0.82896
23195, 8337,  0.00156, -0.07609,  0.07316,  0.28196,  0.78271,  0.52029,  0.80016
23196, 8339, -0.00389, -0.07571,  0.07284,  0.28196,  0.81738,  0.52029,  0.82896
23197, 8338, -0.00584, -0.07393,  0.0764,  0.21443,  0.81358,  0.46843,  0.82581
23198, 8340, -0.01113, -0.0733,  0.07657,  0.21443,  0.83684,  0.46843,  0.84514
23199, 8339, -0.00389, -0.07571,  0.07284,  0.28196,  0.81738,  0.52029,  0.82896
23200, 8340, -0.01113, -0.0733,  0.07657,  0.21443,  0.83684,  0.46843,  0.84514
23201, 8341, -0.01011, -0.07468,  0.07327,  0.28196,  0.83684,  0.52029,  0.84514
23202, 8341, -0.01011, -0.07468,  0.07327,  0.28196,  0.83684,  0.52029,  0.84514
23203, 8340, -0.01113, -0.0733,  0.07657,  0.21443,  0.83684,  0.46843,  0.84514
23204, 8342, -0.01595, -0.0724,  0.07696,  0.21443,  0.85631,  0.46843,  0.86132
23205, 8341, -0.01011, -0.07468,  0.07327,  0.28196,  0.83684,  0.52029,  0.84514
23206, 8342, -0.01595, -0.0724,  0.07696,  0.21443,  0.85631,  0.46843,  0.86132
23207, 8343, -0.01554, -0.07343,  0.07398,  0.28196,  0.85631,  0.52029,  0.86132
23208, 8343, -0.01554, -0.07343,  0.07398,  0.28196,  0.85631,  0.52029,  0.86132
23209, 8342, -0.01595, -0.0724,  0.07696,  0.21443,  0.85631,  0.46843,  0.86132
23210, 8344, -0.01916, -0.07165,  0.07736,  0.21443,  0.87578,  0.46843,  0.87749
23211, 8343, -0.01554, -0.07343,  0.07398,  0.28196,  0.85631,  0.52029,  0.86132
23212, 8344, -0.01916, -0.07165,  0.07736,  0.21443,  0.87578,  0.46843,  0.87749
23213, 8345, -0.01862, -0.07237,  0.07448,  0.28196,  0.87578,  0.52029,  0.87749
23214, 8345, -0.01862, -0.07237,  0.07448,  0.28196,  0.87578,  0.52029,  0.87749
23215, 8344, -0.01916, -0.07165,  0.07736,  0.21443,  0.87578,  0.46843,  0.87749
23216, 8346, -0.02155, -0.07097,  0.07775,  0.21443,  0.89525,  0.46843,  0.89367
23217, 8345, -0.01862, -0.07237,  0.07448,  0.28196,  0.87578,  0.52029,  0.87749
23218, 8346, -0.02155, -0.07097,  0.07775,  0.21443,  0.89525,  0.46843,  0.89367
23219, 8347, -0.02052, -0.07142,  0.07487,  0.28196,  0.89525,  0.52029,  0.89367
23220, 8348,  0.05081, -0.05859,  0.04238,  0.01364,  0.99739,  0.20018,  0.49843
23221, 8349,  0.04373, -0.06222,  0.04483,  0.01364,  0.92455,  0.19943,  0.57805
23222, 8350,  0.04114, -0.06054,  0.03827,  0.09089,  0.92455,  0.24497,  0.57529
23223, 8348,  0.05081, -0.05859,  0.04238,  0.01364,  0.99739,  0.20018,  0.49843
23224, 8350,  0.04114, -0.06054,  0.03827,  0.09089,  0.92455,  0.24497,  0.57529
23225, 8351,  0.04733, -0.05751,  0.03468,  0.09089,  0.99739,  0.25099,  0.49535
23226, 8352,  0.03556, -0.06332,  0.04159,  0.09089,  0.85907,  0.23895,  0.65523
23227, 8350,  0.04114, -0.06054,  0.03827,  0.09089,  0.92455,  0.24497,  0.57529
23228, 8349,  0.04373, -0.06222,  0.04483,  0.01364,  0.92455,  0.19943,  0.57805
23229, 8352,  0.03556, -0.06332,  0.04159,  0.09089,  0.85907,  0.23895,  0.65523
23230, 8349,  0.04373, -0.06222,  0.04483,  0.01364,  0.92455,  0.19943,  0.57805
23231, 8353,  0.03726, -0.06537,  0.04711,  0.01364,  0.85171,  0.20033,  0.65803
23232, 8354,  0.03907,  0.06449,  0.0479,  0.00746,  0.85171,  0.20033,  0.65803
23233, 8355,  0.04531,  0.05968,  0.04652,  0.00746,  0.92455,  0.19892,  0.57754
23234, 8356,  0.04195,  0.05838,  0.0393,  0.09089,  0.92455,  0.24094,  0.5712
23235, 8354,  0.03907,  0.06449,  0.0479,  0.00746,  0.85171,  0.20033,  0.65803
23236, 8356,  0.04195,  0.05838,  0.0393,  0.09089,  0.92455,  0.24094,  0.5712
23237, 8357,  0.03574,  0.06205,  0.04209,  0.09089,  0.85907,  0.23278,  0.65083
23238, 8358,  0.05217,  0.05426,  0.04532,  0.00746,  0.99739,  0.19994,  0.49796
23239, 8356,  0.04195,  0.05838,  0.0393,  0.09089,  0.92455,  0.24094,  0.5712
23240, 8355,  0.04531,  0.05968,  0.04652,  0.00746,  0.92455,  0.19892,  0.57754
23241, 8358,  0.05217,  0.05426,  0.04532,  0.00746,  0.99739,  0.19994,  0.49796
23242, 8359,  0.04883,  0.05428,  0.03653,  0.09089,  0.99739,  0.24911,  0.49157
23243, 8356,  0.04195,  0.05838,  0.0393,  0.09089,  0.92455,  0.24094,  0.5712
